0,8
1,15
2,10
3,7
4
5
6,7
7,28
8,4
9
10,12
11,33
12,6
13,9
14,18
15,13
16,17
17,4
18
19,14
20,18
21,7
22,12
23,20
24,8
25
26,26
27,5
28,13
29,20
30,7
31,15
32,9
33,8
34,11
35
36,7
37,22
38,13
39,12
40,7
41,4
42,7
43,7
44,9
45,10
46,25
47,22
48,9
49,12
50,17
51,4
52,7
53,7
54,3
55,8
56,2
57
58,21
59
60,9
61,3
62,5
63,10
64
65
66,3
67,3
68,23
69
70,11
71,14
72,23
73,13
74,7
75,6
76,6
77,7
78,8
79,7
80,4
81,9
82,13
83
84,12
85,25
86,26
87,5
88,9
89,23
90,11
91,16
92,9
93,7
94,10
95
96,9
97,14
98,8
99,13
100
101,6
102,3
103,5
104,14
105,10
106,16
107,17
108,23
109,11
110
111,4
112,6
113,5
114,8
115,28
116,8
117,16
118,17
119,9
120,11
121,8
122,4
123,20
124,17
125,4
126,10
127,12
128,19
129,8
130,15
131,13
132,8
133
134,4
135,9
136
137,27
138,8
139,20
140,4
141,21
142,7
143,9
144,19
145,4
146,9
147
148
149,2
150,11
151,25
152,10
153,9
154,15
155,13
156,15
157,3
158,13
159,9
160,27
161,9
162,3
163,6
164,12
165,7
166,7
167,22
168,5
169,14
170,16
171,3
172,3
173,6
174,19
175
176,16
177,12
178,4
179,9
180,18
181,5
182,8
183,12
184,26
185,8
186,17
187,10
188,25
189,7
190
191,8
192,8
193,5
194
195,26
196,13
197,21
198,29
199
200,12
201,11
202
203,12
204,23
205
206,9
207,21
208,5
209,8
210,3
211,16
212,16
213,19
214,8
215,5
216,7
217,19
218,9
219,8
220,7
221
222,16
223
224,19
225,12
226,13
227,27
228,15
229,6
230
231,14
232,18
233,12
234,6
235,16
236
237,18
238
239,8
240,17
241,7
242
243,10
244,2
245,8
246
247,8
248,4
249,4
250,32
251,23
252,20
253,7
254,8
255,8
256,5
257,14
258,23
259,33
260,12
261
262,6
263,7
264,22
265,2
266,16
267,3
268,17
269
270,4
271,6
272,6
273,14
274,8
275,14
276,6
277,9
278,15
279,13
280,36
281,12
282,4
283,11
284,10
285,6
286,7
287,19
288,9
289,11
290,4
291,13
292,16
293,11
294,15
295,4
296,32
297,11
298,15
299
300,19
301,19
302,21
303,2
304
305,10
306,5
307,8
308,6
309,5
310,23
311
312,23
313,2
314,15
315,21
316,2
317,2
318,10
319
320,15
321
322,15
323,9
324,5
325,20
326,2
327,8
328,13
329,9
330,18
331,8
332,7
333,4
334,8
335,18
336,14
337,12
338
339,20
340,15
341,13
342,7
343,13
344
345,17
346,17
347,9
348,13
349,17
350,12
351
352,11
353,11
354,16
355
356
357,13
358,15
359,8
360,7
361,12
362,11
363,9
364,17
365,16
366,11
367,23
368,24
369,13
370,9
371,8
372,2
373,6
374,12
375,7
376,6
377,24
378,6
379,6
380,16
381,4
382
383,11
384,15
385
386
387,13
388,9
389,9
390,8
391,13
392,20
393,26
394,9
395,9
396
397,8
398,2
399
400,2
401,9
402,22
403,8
404,7
405,9
406,7
407,8
408,23
409,11
410,5
411,20
412,11
413,13
414
415,4
416,26
417,10
418,14
419,9
420
421,25
422
423,12
424,13
425,14
426,8
427,8
428,12
429,6
430,7
431
432,9
433,12
434,9
435,12
436,9
437,23
438,8
439,2
440,24
441,9
442,33
443,16
444,24
445,32
446,12
447,7
448,12
449,11
450,4
451,21
452,14
453,9
454,13
455,11
456,8
457,6
458
459,6
460,10
461,6
462,7
463
464,23
465,16
466,12
467,7
468,8
469,2
470,15
471
472,10
473,13
474
475,26
476,17
477,12
478,14
479,13
480,11
481,16
482,7
483,19
484,6
485,9
486,3
487,17
488,11
489,18
490
491,7
492,32
493,10
494,12
495,22
496,8
497,18
498
499,2
500,17
501,4
502,9
503,15
504,7
505,8
506,5
507,15
508,7
509
510,6
511,8
512,6
513
514,15
515,5
516,23
517
518,22
519
520,19
521,12
522,12
523,10
524,7
525
526,13
527,6
528,26
529,10
530,7
531,23
532,4
533,14
534
535,23
536,15
537,16
538,6
539
540,7
541
542,10
543,8
544,2
545,8
546,15
547,13
548
549,18
550,10
551,9
552,4
553
554,12
555,8
556,19
557,23
558,30
559,12
560,14
561
562,10
563,25
564,18
565,17
566,9
567,15
568,13
569,2
570,14
571,10
572,23
573,15
574,16
575,12
576,7
577,13
578
579,10
580,12
581,29
582,6
583,13
584,4
585,8
586,3
587,4
588,9
589,2
590,3
591,15
592
593,5
594,9
595,13
596,2
597,21
598,17
599,15
600,6
601,22
602
603,8
604,9
605
606,16
607,12
608,21
609,10
610,3
611
612,17
613,9
614
615,5
616
617,20
618,19
619,17
620,11
621,10
622,29
623,15
624,24
625,5
626,26
627,3
628
629
630,18
631,12
632,5
633,3
634,7
635,11
636
637,8
638,2
639,27
640,2
641,15
642,16
643,23
644,12
645,3
646,14
647,20
648,3
649,11
650,13
651,4
652,13
653,12
654,6
655
656,16
657,6
658,17
659,8
660,9
661,12
662,26
663,12
664,5
665
666,14
667,10
668,8
669
670,14
671,3
672,23
673,9
674,12
675,16
676,18
677
678
679,12
680,17
681,4
682,21
683,9
684,10
685,26
686
687,14
688,7
689,7
690,10
691,11
692,6
693,8
694
695,16
696,29
697,9
698,2
699,38
700,16
701,2
702,12
703
704,18
705,9
706,22
707,6
708,10
709,18
710,24
711
712,3
713,17
714,28
715,9
716,11
717,10
718,11
719,11
720,7
721,11
722
723,7
724,12
725,9
726,3
727
728
729,8
730,25
731,4
732,14
733,9
734,6
735,7
736,17
737,3
738
739,23
740
741,3
742,8
743,2
744,20
745,18
746,17
747,3
748,11
749,12
750,10
751,12
752,22
753,32
754,4
755,19
756,4
757,3
758,12
759
760,19
761,7
762
763,9
764,5
765
766,10
767,11
768
769,19
770,12
771,8
772
773,7
774,2
775,8
776,17
777,22
778,8
779
780,3
781,7
782,25
783,7
784,6
785,3
786,13
787
788,3
789,11
790,9
791,16
792,10
793
794,22
795,3
796,15
797,8
798,6
799,5
800,8
801,19
802
803,5
804,6
805,10
806,13
807,15
808,6
809,2
810,18
811,14
812,8
813,3
814,14
815
816,16
817,18
818
819,11
820,7
821,17
822,8
823,15
824,9
825,5
826,16
827,7
828,11
829,3
830
831,8
832,10
833,17
834,16
835,2
836,3
837,7
838,2
839,23
840,9
841,14
842,9
843,5
844,15
845,9
846
847,8
848
849,7
850,9
851
852,7
853,4
854,14
855,9
856,10
857
858,5
859,25
860,7
861,13
862,19
863,23
864,4
865
866,13
867,4
868,15
869
870,6
871,7
872,11
873,22
874,17
875
876,2
877,19
878,3
879,9
880,22
881,8
882,23
883,5
884,11
885,15
886,13
887,2
888,27
889,28
890,13
891
892,5
893,8
894
895,24
896,4
897
898,5
899,4
900,9
901,9
902,3
903,6
904,5
905,7
906,16
907,7
908,12
909,8
910,7
911,22
912
913,30
914
915,14
916
917,8
918,20
919,10
920,17
921,4
922,5
923,6
924,3
925,14
926
927,3
928,8
929,4
930,8
931,5
932
933,18
934,11
935,5
936
937,17
938,2
939,14
940
941,10
942,25
943,20
944,13
945,16
946,11
947,9
948,19
949,4
950,9
951,8
952,19
953
954
955,18
956,13
957
958,22
959
960,13
961,8
962,13
963,11
964
965,14
966,11
967,5
968,5
969,10
970,4
971
972,16
973,18
974,7
975,4
976,6
977,22
978,13
979,28
980,10
981,4
982,17
983,11
984,5
985,9
986,14
987,9
988
989,33
990,8
991
992,15
993,9
994,6
995,9
996,14
997,2
998,19
999,10
1000,3
1001,18
1002,8
1003,23
1004,13
1005,2
1006,23
1007,8
1008,3
1009,14
1010,13
1011,10
1012,20
1013,12
1014,12
1015,5
1016,3
1017
1018,3
1019
1020,9
1021,2
1022,6
1023,4
1024,4
1025,15
1026,12
1027,5
1028,2
1029,10
1030,15
1031,20
1032,8
1033,7
1034,9
1035,6
1036
1037,21
1038
1039,8
1040,6
1041,13
1042,9
1043,4
1044,13
1045,8
1046
1047,9
1048,8
1049,11
1050,9
1051,16
1052,5
1053,9
1054,15
1055,16
1056,6
1057,6
1058,9
1059,10
1060
1061,13
1062,13
1063,25
1064,18
1065,24
1066,18
1067
1068,3
1069,3
1070,18
1071
1072,9
1073
1074,10
1075,11
1076,9
1077,19
1078,16
1079,4
1080,18
1081,7
1082,3
1083,28
1084
1085,28
1086,19
1087,9
1088,5
1089,12
1090,5
1091,12
1092
1093
1094,2
1095,4
1096,12
1097
1098,5
1099,10
1100,14
1101,10
1102
1103,8
1104,6
1105,12
1106,6
1107,11
1108,13
1109,3
1110,11
1111,29
1112,9
1113,20
1114
1115,14
1116,15
1117,12
1118,11
1119
1120
1121,8
1122,4
1123,9
1124,3
1125
1126,5
1127,22
1128,21
1129,38
1130,13
1131,7
1132,6
1133
1134,6
1135
1136,7
1137,34
1138
1139,8
1140,21
1141,27
1142,4
1143,6
1144,14
1145,5
1146,11
1147,9
1148
1149,15
1150,9
1151,10
1152,17
1153,3
1154,2
1155
1156,6
1157,10
1158,13
1159
1160,2
1161
1162,6
1163,13
1164,16
1165,4
1166,24
1167,11
1168,6
1169,10
1170,10
1171,5
1172,2
1173,8
1174,20
1175,22
1176,23
1177,21
1178,7
1179,12
1180,17
1181,28
1182,5
1183,4
1184,9
1185,13
1186,8
1187,16
1188,3
1189
1190,2
1191,28
1192,6
1193,9
1194,18
1195,9
1196,5
1197,18
1198,28
1199
1200,15
1201,10
1202,7
1203,16
1204,12
1205,7
1206,7
1207,5
1208,3
1209,13
1210,3
1211,10
1212,7
1213,7
1214,15
1215,12
1216,9
1217,4
1218,12
1219
1220,7
1221,6
1222,3
1223,14
1224,19
1225,3
1226,28
1227,11
1228
1229,7
1230,2
1231,6
1232,13
1233,4
1234,3
1235,9
1236,8
1237,5
1238,7
1239
1240,9
1241,20
1242,6
1243
1244,7
1245,26
1246
1247,28
1248,4
1249,18
1250,4
1251,17
1252,15
1253,12
1254,27
1255,24
1256,16
1257,13
1258,18
1259
1260,15
1261,7
1262,11
1263,17
1264,9
1265
1266,26
1267,4
1268,13
1269,6
1270,9
1271,13
1272,8
1273,4
1274,4
1275,9
1276
1277,19
1278,9
1279,8
1280,24
1281,2
1282,14
1283,10
1284,11
1285,13
1286,23
1287,17
1288,6
1289,10
1290,22
1291,5
1292,8
1293,19
1294,28
1295,18
1296,6
1297,14
1298,25
1299,4
1300,5
1301,19
1302,2
1303
1304,13
1305,3
1306,4
1307,8
1308
1309
1310,4
1311,6
1312,3
1313,2
1314,12
1315,18
1316
1317,13
1318,7
1319,7
1320,16
1321,23
1322,22
1323,4
1324,6
1325
1326,3
1327,2
1328,9
1329,11
1330,23
1331
1332,6
1333,8
1334,14
1335,7
1336,6
1337,18
1338,17
1339,20
1340,2
1341,2
1342
1343,12
1344
1345,12
1346,5
1347,23
1348,10
1349,2
1350,13
1351,13
1352,19
1353,16
1354,16
1355
1356,2
1357,2
1358,5
1359,10
1360,11
1361,9
1362,7
1363,22
1364
1365
1366,18
1367
1368,15
1369,3
1370,12
1371,13
1372,4
1373,18
1374
1375,6
1376,4
1377
1378,12
1379,2
1380,15
1381,4
1382,26
1383,3
1384,18
1385,12
1386,11
1387,5
1388,17
1389,33
1390,12
1391
1392,7
1393,7
1394,8
1395,10
1396,11
1397,16
1398,11
1399,8
1400,8
1401,20
1402,15
1403,10
1404,13
1405,17
1406,4
1407,7
1408,5
1409,24
1410,5
1411,7
1412,6
1413
1414,10
1415,3
1416
1417
1418,2
1419,10
1420,21
1421,12
1422,10
1423,6
1424,7
1425,14
1426,5
1427,9
1428,5
1429
1430,9
1431
1432,7
1433,9
1434,17
1435,6
1436,19
1437,21
1438
1439,10
1440,16
1441,8
1442,16
1443
1444,15
1445,7
1446
1447
1448,10
1449
1450,7
1451,9
1452,22
1453,16
1454,12
1455,17
1456
1457,14
1458,12
1459
1460,6
1461,13
1462,12
1463,14
1464
1465
1466,6
1467,9
1468,27
1469
1470
1471
1472,15
1473,7
1474,10
1475,13
1476,32
1477,13
1478,12
1479
1480,13
1481,24
1482,6
1483,19
1484,6
1485,9
1486,12
1487,13
1488,3
1489,19
1490,13
1491,18
1492
1493,11
1494,22
1495,9
1496,16
1497,6
1498,2
1499
1500,11
1501,5
1502,5
1503,2
1504,4
1505,11
1506,3
1507,18
1508,6
1509,8
1510,11
1511,2
1512,14
1513,9
1514,15
1515,10
1516,6
1517,7
1518,13
1519,8
1520
1521
1522,3
1523,23
1524,10
1525,8
1526,31
1527,13
1528,2
1529,5
1530,8
1531,17
1532,18
1533
1534,4
1535,30
1536,6
1537,20
1538
1539,13
1540,5
1541,19
1542,15
1543,23
1544,17
1545,16
1546,12
1547,4
1548
1549,23
1550,10
1551
1552,11
1553
1554,8
1555,9
1556,12
1557,7
1558,13
1559
1560,3
1561,7
1562,14
1563,12
1564,8
1565,4
1566,11
1567,20
1568
1569,43
1570,6
1571,6
1572,9
1573,6
1574,11
1575,3
1576
1577,10
1578,21
1579,25
1580,3
1581,11
1582,9
1583,17
1584,2
1585,26
1586
1587,5
1588,13
1589,4
1590,14
1591,19
1592
1593,21
1594,16
1595,24
1596,17
1597,13
1598,16
1599,5
1600,2
1601,6
1602,8
1603,19
1604,11
1605,4
1606,3
1607,10
1608,13
1609
1610,12
1611,6
1612,4
1613,10
1614,27
1615,9
1616
1617,7
1618
1619,2
1620,23
1621,9
1622,11
1623,13
1624,2
1625,2
1626,12
1627,3
1628,7
1629,9
1630,26
1631,3
1632
1633,21
1634,11
1635,19
1636,17
1637,7
1638,9
1639,15
1640,17
1641
1642,16
1643
1644,5
1645,12
1646,2
1647,7
1648,13
1649,14
1650,8
1651,9
1652,19
1653,9
1654,25
1655,7
1656,2
1657,29
1658
1659,11
1660,17
1661,13
1662,7
1663,23
1664,8
1665,7
1666,12
1667,15
1668,21
1669,9
1670,13
1671,12
1672,5
1673,6
1674
1675,6
1676,8
1677,8
1678,7
1679,5
1680
1681,20
1682,6
1683,4
1684,2
1685,16
1686,2
1687,16
1688,15
1689,8
1690,16
1691,17
1692,9
1693,26
1694,10
1695,5
1696,6
1697,4
1698,5
1699,20
1700,16
1701,9
1702,15
1703,4
1704,11
1705
1706,19
1707,11
1708,8
1709
1710,13
1711,12
1712,12
1713,32
1714,19
1715
1716,5
1717,5
1718,7
1719,10
1720,14
1721,6
1722,21
1723,10
1724,14
1725,14
1726,7
1727,13
1728,9
1729,4
1730,20
1731,6
1732,6
1733
1734,12
1735,11
1736,29
1737,7
1738,16
1739,26
1740,20
1741,2
1742,2
1743,22
1744
1745,21
1746,27
1747,19
1748
1749,11
1750,18
1751,36
1752,5
1753,7
1754
1755
1756,4
1757,12
1758,6
1759,18
1760,11
1761,12
1762,24
1763,4
1764,8
1765,11
1766,6
1767,6
1768,7
1769,17
1770,14
1771
1772,7
1773,8
1774
1775,7
1776,6
1777,6
1778,9
1779,27
1780,13
1781,27
1782,7
1783,6
1784,4
1785
1786
1787
1788,16
1789,7
1790,11
1791,15
1792,18
1793
1794,12
1795
1796
1797,15
1798,5
1799,2
1800
1801
1802,14
1803,14
1804,20
1805,11
1806,9
1807
1808,4
1809,6
1810,8
1811,12
1812,13
1813,7
1814,16
1815,15
1816,12
1817,11
1818,8
1819,5
1820,9
1821,15
1822,3
1823
1824,12
1825,9
1826,16
1827
1828,12
1829
1830,6
1831,8
1832,13
1833,18
1834,14
1835,15
1836,13
1837,4
1838,16
1839,8
1840,19
1841
1842,16
1843,6
1844,5
1845,4
1846,18
1847,14
1848,8
1849
1850,18
1851
1852,6
1853
1854,17
1855,8
1856,9
1857,9
1858,19
1859,8
1860,16
1861,12
1862,4
1863,8
1864,14
1865
1866,5
1867,8
1868,11
1869
1870,17
1871,12
1872,11
1873,6
1874,11
1875,13
1876,13
1877,28
1878,15
1879,3
1880,3
1881,5
1882,7
1883,13
1884,6
1885,16
1886,20
1887,14
1888
1889
1890,11
1891
1892,9
1893,9
1894,4
1895,3
1896,9
1897,3
1898
1899,14
1900,26
1901
1902
1903
1904,2
1905,9
1906,9
1907,25
1908,17
1909,23
1910,8
1911,39
1912,12
1913,8
1914,20
1915,6
1916,13
1917,9
1918,7
1919,7
1920
1921,16
1922,8
1923,6
1924,12
1925,9
1926,27
1927,12
1928,6
1929,17
1930
1931,14
1932,5
1933,22
1934,2
1935,10
1936,9
1937,8
1938,9
1939,17
1940,14
1941,9
1942,9
1943,8
1944,11
1945,7
1946,9
1947,12
1948
1949,9
1950,9
1951,13
1952,9
1953,12
1954,14
1955,22
1956
1957,8
1958,17
1959,3
1960,6
1961,8
1962,6
1963
1964,6
1965,14
1966,7
1967,18
1968
1969,15
1970,9
1971,15
1972
1973,8
1974,27
1975,18
1976
1977,14
1978,6
1979
1980,32
1981,5
1982,16
1983,22
1984,13
1985,9
1986
1987,7
1988
1989
1990,20
1991,5
1992
1993,30
1994
1995,9
1996
1997,14
1998,12
1999,8
2000,9
2001,14
2002,17
2003,14
2004,17
2005
2006,5
2007,27
2008,10
2009,10
2010,18
2011,5
2012,14
2013,25
2014
2015,12
2016
2017,5
2018,10
2019
2020,16
2021,15
2022,9
2023,9
2024,5
2025,8
2026,10
2027,14
2028,18
2029
2030,2
2031
2032,7
2033,8
2034,9
2035,15
2036,8
2037
2038,14
2039,3
2040,3
2041,4
2042,9
2043
2044,14
2045
2046,2
2047
2048,5
2049,14
2050,11
2051,2
2052,8
2053
2054
2055,2
2056,9
2057
2058,10
2059
2060,7
2061,29
2062,8
2063,14
2064,6
2065,11
2066,10
2067,8
2068,5
2069,9
2070,8
2071,14
2072,11
2073,25
2074,17
2075,2
2076,11
2077,10
2078,23
2079,15
2080,11
2081,14
2082
2083,15
2084,16
2085
2086,3
2087,3
2088,31
2089,10
2090,3
2091,7
2092
2093,8
2094,13
2095
2096,14
2097,11
2098,14
2099,11
2100,7
2101,12
2102,9
2103,10
2104,5
2105,11
2106,16
2107,8
2108
2109,35
2110
2111,7
2112,8
2113,20
2114,9
2115
2116
2117
2118,2
2119,11
2120,8
2121,11
2122,13
2123,2
2124,3
2125,3
2126,16
2127,6
2128,12
2129,10
2130,16
2131,3
2132,14
2133,7
2134
2135,3
2136,3
2137,3
2138,13
2139,3
2140
2141,15
2142,6
2143,14
2144,15
2145,17
2146,22
2147,5
2148,7
2149,13
2150
2151,8
2152,9
2153,11
2154,17
2155,9
2156,7
2157,17
2158,19
2159,4
2160,8
2161,2
2162,7
2163,11
2164,4
2165,21
2166,19
2167,16
2168
2169,8
2170,5
2171,10
2172,11
2173,9
2174,8
2175,7
2176,16
2177,8
2178,7
2179,6
2180,4
2181,5
2182
2183,11
2184,8
2185
2186,3
2187,17
2188
2189,5
2190,6
2191,16
2192,13
2193,7
2194,3
2195,2
2196,9
2197,12
2198,12
2199,13
2200,11
2201,10
2202,34
2203,17
2204,3
2205,6
2206,8
2207,6
2208,21
2209,12
2210,11
2211,16
2212,7
2213,12
2214
2215,4
2216,7
2217,10
2218,16
2219,2
2220
2221,18
2222,13
2223,16
2224,7
2225,11
2226,6
2227,6
2228,19
2229,20
2230,9
2231
2232,5
2233
2234,17
2235,15
2236,12
2237,6
2238,9
2239
2240,3
2241
2242,9
2243,19
2244
2245,15
2246,23
2247,14
2248,6
2249
2250,20
2251,2
2252
2253
2254,13
2255,9
2256,13
2257
2258,5
2259,5
2260
2261,6
2262
2263,11
2264,2
2265,12
2266,9
2267,6
2268,13
2269,10
2270,31
2271,6
2272,20
2273,12
2274,5
2275,9
2276
2277,5
2278
2279,11
2280
2281,20
2282,17
2283,2
2284,16
2285
2286,10
2287,9
2288,13
2289,2
2290,14
2291
2292,19
2293,6
2294,16
2295,9
2296
2297,5
2298,14
2299
2300,19
2301,9
2302
2303,11
2304,17
2305,13
2306,17
2307
2308,6
2309,31
2310,14
2311,25
2312,5
2313,9
2314,5
2315,15
2316,21
2317,9
2318,6
2319,11
2320,9
2321,8
2322,6
2323,19
2324
2325,21
2326,7
2327,9
2328,5
2329,7
2330
2331,8
2332,5
2333,24
2334,5
2335,14
2336,19
2337,2
2338,11
2339,5
2340,9
2341,9
2342,6
2343,8
2344,5
2345,11
2346,12
2347,15
2348,19
2349,10
2350,14
2351,5
2352,9
2353,18
2354
2355,18
2356,15
2357
2358,3
2359,5
2360,4
2361
2362,3
2363,7
2364,9
2365,13
2366,14
2367,4
2368,14
2369
2370,15
2371,26
2372
2373,6
2374,13
2375,4
2376,8
2377,11
2378,5
2379,18
2380,11
2381,11
2382,12
2383,7
2384
2385,22
2386,25
2387,14
2388
2389,11
2390,8
2391,14
2392,2
2393,17
2394
2395,30
2396,5
2397
2398,7
2399,8
2400,10
2401,7
2402,4
2403
2404
2405,10
2406,18
2407,16
2408,9
2409,2
2410,8
2411,11
2412,5
2413,12
2414,13
2415,23
2416,9
2417,3
2418,2
2419,23
2420,3
2421,10
2422
2423,11
2424,6
2425,18
2426,13
2427,14
2428,15
2429,15
2430,12
2431,11
2432,4
2433,9
2434
2435,9
2436,9
2437,9
2438,7
2439,12
2440,8
2441,7
2442,2
2443,7
2444,4
2445,5
2446
2447,22
2448,6
2449,6
2450
2451,13
2452,2
2453,14
2454,13
2455,16
2456,5
2457,4
2458,14
2459,23
2460,10
2461,11
2462,20
2463,24
2464,16
2465,18
2466,4
2467,14
2468,31
2469,6
2470,14
2471,11
2472,10
2473
2474,11
2475,10
2476
2477
2478,2
2479,5
2480,14
2481,9
2482,33
2483
2484,13
2485
2486,14
2487,9
2488,14
2489,7
2490,25
2491,7
2492,20
2493,16
2494,25
2495,8
2496,14
2497,9
2498,15
2499,17
2500,21
2501,19
2502,10
2503,15
2504
2505,9
2506,8
2507,16
2508,21
2509,18
2510,10
2511,2
2512,14
2513,13
2514,24
2515,2
2516,8
2517
2518,10
2519,12
2520,3
2521,20
2522,8
2523,6
2524
2525,19
2526,9
2527,14
2528
2529
2530,7
2531,25
2532,6
2533,4
2534,9
2535,8
2536,18
2537,13
2538
2539
2540,3
2541,7
2542,9
2543,9
2544,9
2545,13
2546,15
2547,16
2548,7
2549,8
2550,13
2551,9
2552,6
2553,9
2554,15
2555,6
2556
2557
2558,7
2559,20
2560,10
2561,14
2562,20
2563,16
2564,13
2565,19
2566,9
2567,14
2568,24
2569,15
2570,3
2571,14
2572,25
2573,20
2574,32
2575,14
2576,28
2577
2578,12
2579,9
2580,17
2581,12
2582,16
2583
2584,9
2585,2
2586,8
2587,4
2588,18
2589
2590,2
2591,13
2592,13
2593,4
2594,17
2595
2596,12
2597,12
2598
2599,5
2600,25
2601,10
2602
2603
2604,20
2605,13
2606,7
2607,9
2608,8
2609,3
2610,7
2611,9
2612,8
2613,3
2614,15
2615,13
2616,9
2617
2618,14
2619,3
2620,16
2621,6
2622,12
2623,15
2624,5
2625,18
2626,9
2627,19
2628,22
2629,7
2630,11
2631,2
2632
2633,19
2634,14
2635,11
2636,25
2637,8
2638,17
2639,5
2640,5
2641,28
2642,2
2643,20
2644,22
2645,10
2646
2647,10
2648,16
2649,11
2650,13
2651,7
2652,6
2653,6
2654,24
2655,5
2656,2
2657,12
2658,16
2659,13
2660,5
2661,2
2662,22
2663,13
2664,15
2665,6
2666,13
2667,7
2668,11
2669
2670,6
2671,12
2672,11
2673,3
2674
2675,5
2676,3
2677,15
2678
2679,13
2680
2681,7
2682,11
2683
2684,7
2685,8
2686,3
2687,8
2688,8
2689,22
2690,2
2691,4
2692,16
2693,9
2694
2695,6
2696,17
2697,9
2698,13
2699,12
2700,13
2701,15
2702,15
2703,30
2704,12
2705,17
2706,7
2707,3
2708
2709,11
2710,42
2711,9
2712,12
2713,11
2714,4
2715,19
2716
2717,11
2718,9
2719
2720,3
2721,8
2722,3
2723,6
2724,6
2725,12
2726,16
2727,5
2728,17
2729
2730,15
2731,10
2732,5
2733
2734,14
2735,24
2736
2737,8
2738,9
2739,16
2740,2
2741,7
2742,13
2743,9
2744,29
2745,21
2746,5
2747,6
2748,18
2749,15
2750,19
2751,10
2752,12
2753,12
2754
2755,15
2756,6
2757,4
2758,4
2759,9
2760,12
2761,11
2762,15
2763,11
2764,7
2765,10
2766,23
2767,7
2768,7
2769
2770,20
2771
2772,6
2773,6
2774,7
2775,12
2776,5
2777,23
2778,2
2779,9
2780,2
2781,22
2782
2783,18
2784
2785,18
2786
2787,4
2788,17
2789,13
2790,16
2791,5
2792,10
2793,9
2794,7
2795,14
2796,2
2797
2798,16
2799,9
2800,4
2801,8
2802,3
2803,11
2804
2805,15
2806,10
2807,9
2808,18
2809,15
2810,9
2811,15
2812,38
2813,21
2814,9
2815,28
2816,29
2817,3
2818,5
2819,7
2820,9
2821,13
2822,10
2823,10
2824,11
2825
2826,13
2827
2828,15
2829,10
2830,19
2831,20
2832,6
2833,5
2834,17
2835,2
2836,8
2837,14
2838,21
2839,5
2840,18
2841
2842,14
2843,20
2844
2845,9
2846,3
2847,2
2848,3
2849,18
2850,4
2851,13
2852,5
2853
2854,7
2855,8
2856
2857,2
2858,14
2859,11
2860,11
2861,6
2862,8
2863,5
2864,4
2865,8
2866,16
2867,7
2868,8
2869,15
2870,13
2871,9
2872,8
2873,17
2874,13
2875,7
2876
2877,9
2878
2879,12
2880,5
2881,20
2882,9
2883,8
2884,22
2885
2886,6
2887,2
2888
2889,7
2890,10
2891,9
2892,19
2893,6
2894,13
2895
2896,9
2897,7
2898,7
2899,12
2900,17
2901
2902,16
2903,6
2904,14
2905,10
2906,2
2907,11
2908,15
2909,13
2910,12
2911,9
2912,2
2913,4
2914,3
2915,2
2916,8
2917,6
2918,18
2919,16
2920
2921,9
2922,2
2923,3
2924,14
2925,10
2926,8
2927
2928,8
2929,13
2930,5
2931
2932
2933,12
2934,7
2935,5
2936,14
2937,13
2938,13
2939,17
2940,7
2941,8
2942,2
2943,20
2944,19
2945,9
2946,6
2947,8
2948,9
2949,4
2950,10
2951,18
2952,6
2953,14
2954,9
2955,24
2956,9
2957,9
2958,16
2959,5
2960,11
2961,17
2962,7
2963,3
2964,10
2965,5
2966
2967,15
2968,9
2969,8
2970,23
2971,11
2972,5
2973,12
2974,13
2975,13
2976,8
2977,21
2978,8
2979,10
2980,5
2981,14
2982
2983,23
2984
2985,4
2986,6
2987,20
2988,14
2989
2990,7
2991,18
2992,6
2993,12
2994
2995,11
2996,12
2997,3
2998
2999,8
3000,5
3001,16
3002,6
3003,5
3004,6
3005,2
3006,4
3007,5
3008,6
3009
3010,20
3011,10
3012,12
3013,6
3014,11
3015,8
3016,27
3017,19
3018,10
3019,5
3020,4
3021,8
3022
3023
3024,12
3025,14
3026,11
3027,18
3028
3029,8
3030,2
3031,2
3032,21
3033,4
3034,10
3035,8
3036,15
3037,14
3038,5
3039,6
3040,22
3041,8
3042,7
3043,11
3044,8
3045,31
3046,8
3047,6
3048,15
3049,8
3050
3051,10
3052,11
3053
3054,9
3055,2
3056,3
3057,13
3058,16
3059,3
3060,9
3061,4
3062,10
3063,12
3064,9
3065
3066,21
3067,3
3068,10
3069,4
3070,22
3071,3
3072,21
3073,20
3074,7
3075,6
3076
3077,6
3078
3079,7
3080,2
3081,14
3082,10
3083,12
3084,13
3085,12
3086,16
3087,21
3088,11
3089,8
3090,14
3091,24
3092,14
3093,17
3094,20
3095,6
3096,19
3097,14
3098,15
3099,7
3100,6
3101,15
3102,14
3103,11
3104,7
3105,18
3106,10
3107,9
3108,14
3109,9
3110,18
3111,18
3112,12
3113,17
3114,20
3115,9
3116,5
3117,16
3118,25
3119,6
3120,4
3121,20
3122,9
3123,25
3124,12
3125,14
3126,11
3127,10
3128,20
3129
3130
3131,5
3132,28
3133,9
3134,17
3135,8
3136,15
3137,13
3138,13
3139,20
3140,19
3141,7
3142
3143,5
3144,5
3145,7
3146,11
3147
3148,19
3149,11
3150,8
3151,3
3152,2
3153,9
3154,8
3155,8
3156,18
3157,13
3158,2
3159,10
3160,10
3161
3162
3163,11
3164,15
3165
3166,12
3167,13
3168,7
3169,9
3170,10
3171,14
3172,20
3173,5
3174,17
3175,20
3176,9
3177,7
3178,17
3179,8
3180,33
3181,2
3182,17
3183
3184,6
3185,15
3186,5
3187,15
3188,14
3189
3190
3191,9
3192,15
3193,13
3194,25
3195,18
3196,9
3197,4
3198,5
3199,19
3200,15
3201,23
3202
3203,9
3204,7
3205,6
3206,8
3207,21
3208,13
3209,5
3210,10
3211,10
3212,14
3213,12
3214,8
3215,10
3216,16
3217,16
3218,13
3219,13
3220,3
3221
3222,5
3223,14
3224,2
3225,28
3226,31
3227
3228
3229,24
3230,8
3231,14
3232,7
3233,9
3234,12
3235,10
3236,7
3237,24
3238,8
3239,26
3240,12
3241,10
3242,4
3243,7
3244
3245,17
3246,19
3247
3248,11
3249
3250,17
3251,4
3252,7
3253,2
3254,4
3255,10
3256,16
3257,6
3258,7
3259,17
3260,9
3261,19
3262,15
3263,9
3264,19
3265,11
3266,18
3267,13
3268
3269
3270,7
3271,3
3272,16
3273,22
3274,15
3275,8
3276,8
3277,7
3278,8
3279
3280,3
3281,5
3282,11
3283,27
3284,6
3285,6
3286,8
3287,4
3288,12
3289,10
3290,10
3291
3292,15
3293,31
3294,5
3295,7
3296,43
3297,3
3298,24
3299,15
3300,9
3301,22
3302,6
3303,12
3304,6
3305,2
3306
3307,17
3308,11
3309
3310,7
3311,16
3312,24
3313,20
3314,10
3315,4
3316,10
3317,2
3318,10
3319,12
3320,9
3321
3322
3323
3324,10
3325,4
3326,4
3327,13
3328,10
3329
3330,4
3331,5
3332
3333,8
3334,7
3335
3336
3337,11
3338,6
3339,10
3340
3341,12
3342,5
3343,2
3344,6
3345,18
3346,20
3347,5
3348
3349,2
3350,12
3351,18
3352,15
3353,10
3354,5
3355,8
3356,2
3357
3358,11
3359,10
3360,24
3361,12
3362,7
3363,8
3364,7
3365,23
3366,9
3367,6
3368,24
3369,12
3370,7
3371,4
3372,18
3373,19
3374,16
3375,2
3376
3377,31
3378,15
3379,36
3380,22
3381,8
3382,3
3383,4
3384
3385,6
3386,4
3387,3
3388,14
3389,9
3390
3391,6
3392,13
3393,6
3394,23
3395,12
3396,11
3397,3
3398,16
3399,7
3400,26
3401,4
3402,8
3403,8
3404,8
3405,9
3406,8
3407,6
3408,12
3409,14
3410,12
3411,16
3412,6
3413,8
3414,9
3415,10
3416,24
3417
3418
3419,10
3420,7
3421
3422,16
3423,13
3424,10
3425,19
3426,7
3427,18
3428,13
3429,3
3430
3431,6
3432,14
3433,5
3434,14
3435,14
3436,13
3437,4
3438,8
3439,8
3440,6
3441,22
3442,17
3443,15
3444,7
3445,8
3446,7
3447,15
3448,13
3449
3450,8
3451,17
3452,4
3453,4
3454,15
3455
3456,28
3457,13
3458,9
3459,22
3460,24
3461,12
3462,12
3463
3464,2
3465,5
3466,6
3467,8
3468,36
3469
3470,3
3471,7
3472
3473,6
3474,5
3475,12
3476
3477,8
3478,13
3479,3
3480,15
3481,9
3482,6
3483,22
3484,10
3485,12
3486
3487,11
3488,10
3489
3490,12
3491,26
3492,42
3493,16
3494,18
3495
3496,9
3497,8
3498,33
3499,11
3500,23
3501,17
3502,11
3503,3
3504,2
3505,18
3506,11
3507,13
3508,9
3509,15
3510,6
3511,13
3512
3513,14
3514,6
3515,22
3516
3517,15
3518,3
3519,12
3520,21
3521,7
3522,4
3523,19
3524,18
3525,10
3526,21
3527,18
3528
3529
3530,19
3531,4
3532,14
3533,6
3534,7
3535,7
3536,10
3537,2
3538,9
3539
3540
3541,8
3542
3543,9
3544,10
3545,4
3546,16
3547,15
3548,6
3549,8
3550
3551,8
3552,11
3553,6
3554,12
3555,8
3556,11
3557,5
3558
3559,18
3560,9
3561,9
3562
3563,20
3564,3
3565,12
3566,11
3567
3568,10
3569
3570,5
3571
3572,10
3573,15
3574
3575
3576,7
3577,6
3578,5
3579,9
3580,6
3581,4
3582,15
3583
3584,6
3585,20
3586,19
3587,19
3588,16
3589,12
3590,24
3591,8
3592,2
3593,9
3594,11
3595,17
3596,4
3597,10
3598,4
3599,7
3600
3601
3602,3
3603,3
3604,4
3605,7
3606,5
3607,7
3608,6
3609,9
3610,25
3611,12
3612,4
3613,3
3614,20
3615,17
3616,21
3617,8
3618,2
3619,8
3620,9
3621,9
3622,11
3623,17
3624,9
3625,9
3626,26
3627,9
3628,5
3629,9
3630,6
3631,15
3632,17
3633,9
3634,5
3635
3636
3637,19
3638,9
3639,10
3640,11
3641,10
3642,20
3643,12
3644,20
3645,15
3646,9
3647,18
3648,6
3649,13
3650,15
3651,9
3652
3653,16
3654,21
3655,10
3656,16
3657,6
3658,22
3659,19
3660
3661,16
3662,32
3663,12
3664,4
3665
3666,5
3667,4
3668,14
3669,14
3670,9
3671
3672,8
3673,9
3674,3
3675,23
3676
3677,11
3678,9
3679,8
3680,13
3681,8
3682,3
3683,3
3684,15
3685,15
3686,5
3687,28
3688,9
3689,18
3690,20
3691,4
3692,7
3693,5
3694,12
3695
3696,9
3697,8
3698,8
3699,4
3700,9
3701,12
3702
3703,13
3704,9
3705,8
3706,28
3707,16
3708,9
3709,6
3710,9
3711,23
3712,11
3713,12
3714
3715
3716,23
3717
3718,2
3719,5
3720,6
3721,19
3722,14
3723,14
3724,7
3725,4
3726,13
3727,31
3728,14
3729
3730,15
3731,24
3732,15
3733,13
3734,14
3735,17
3736,12
3737,3
3738
3739,13
3740,4
3741
3742,7
3743,10
3744,19
3745,16
3746,4
3747,16
3748,11
3749,7
3750,3
3751,7
3752,7
3753,8
3754,3
3755,7
3756,18
3757,8
3758,23
3759,28
3760,15
3761,4
3762,8
3763,7
3764,8
3765
3766,16
3767
3768,6
3769,5
3770,2
3771,10
3772
3773,23
3774,8
3775,23
3776,18
3777,19
3778,13
3779
3780,8
3781,13
3782,7
3783,16
3784,8
3785,5
3786,6
3787,17
3788,4
3789,8
3790,10
3791,21
3792,18
3793
3794,15
3795,9
3796,4
3797,8
3798,2
3799,7
3800,5
3801
3802,10
3803,5
3804
3805
3806
3807,24
3808,14
3809,8
3810,5
3811
3812,9
3813,18
3814,6
3815,5
3816,8
3817,21
3818,14
3819,6
3820,11
3821,7
3822,6
3823,6
3824,15
3825,2
3826,3
3827,44
3828,12
3829,18
3830,5
3831,11
3832,7
3833,25
3834,17
3835,4
3836,10
3837,21
3838,17
3839,21
3840,10
3841,15
3842,14
3843,17
3844,3
3845,15
3846
3847,2
3848,3
3849
3850,5
3851,7
3852,28
3853,16
3854,19
3855,3
3856,33
3857,19
3858,27
3859,16
3860,6
3861,5
3862,11
3863,4
3864
3865,8
3866,18
3867,11
3868,6
3869,39
3870,4
3871,14
3872
3873,9
3874
3875,28
3876,20
3877,20
3878,14
3879,16
3880,9
3881,15
3882,20
3883,8
3884
3885,5
3886,15
3887,10
3888
3889,7
3890,17
3891,14
3892,13
3893,12
3894,2
3895
3896,19
3897,16
3898,19
3899,7
3900,24
3901,10
3902,7
3903,13
3904,11
3905,7
3906
3907,2
3908,11
3909,7
3910,3
3911,17
3912,7
3913,15
3914,7
3915,7
3916,19
3917,14
3918,18
3919,9
3920,8
3921,17
3922,11
3923,6
3924,10
3925,10
3926,16
3927,7
3928
3929,7
3930,25
3931,16
3932,15
3933
3934,11
3935,9
3936,12
3937,9
3938,11
3939,8
3940,20
3941,9
3942,6
3943,30
3944,4
3945,8
3946,17
3947
3948,4
3949,15
3950,12
3951,22
3952,15
3953,16
3954,10
3955,16
3956,9
3957,12
3958,12
3959,20
3960,16
3961,6
3962,46
3963,5
3964,18
3965,8
3966,8
3967
3968,2
3969
3970,25
3971,23
3972,19
3973,19
3974,4
3975,6
3976,22
3977,3
3978,3
3979,25
3980,8
3981,6
3982,5
3983,15
3984,7
3985
3986,11
3987,2
3988,4
3989,24
3990,6
3991,7
3992,4
3993,12
3994,6
3995,22
3996,7
3997,17
3998
3999,11
4000,5
4001,6
4002,12
4003
4004,7
4005,4
4006,5
4007,15
4008
4009,5
4010,14
4011,7
4012,19
4013,21
4014,8
4015
4016,8
4017
4018,6
4019,6
4020,9
4021,4
4022,20
4023,22
4024,18
4025,15
4026,8
4027,18
4028,12
4029,12
4030,11
4031,29
4032,14
4033,24
4034,22
4035
4036,12
4037,31
4038,5
4039,10
4040,9
4041,7
4042,9
4043,21
4044,15
4045,9
4046,17
4047,11
4048,21
4049,19
4050
4051,7
4052,33
4053,4
4054,4
4055,9
4056,17
4057,10
4058,3
4059
4060,13
4061,10
4062,19
4063,13
4064,17
4065
4066,7
4067
4068,17
4069,4
4070,10
4071,13
4072,14
4073
4074,3
4075,30
4076,10
4077,6
4078,12
4079,22
4080,21
4081,13
4082,5
4083,18
4084,7
4085
4086,16
4087,6
4088
4089,12
4090,14
4091,3
4092,4
4093,26
4094,11
4095,4
4096,7
4097,12
4098
4099,11
4100,26
4101,9
4102,9
4103,9
4104,21
4105,22
4106
4107,10
4108,4
4109,5
4110,13
4111
4112,12
4113,13
4114,9
4115,7
4116,11
4117,3
4118,20
4119,31
4120,4
4121,8
4122
4123,13
4124,11
4125,26
4126,13
4127,8
4128
4129,2
4130,6
4131,10
4132,8
4133,21
4134,19
4135,8
4136,20
4137,13
4138,21
4139,3
4140,6
4141,11
4142,7
4143,6
4144,12
4145
4146,3
4147,11
4148,18
4149,13
4150,10
4151,20
4152,8
4153,30
4154,9
4155,8
4156,12
4157,8
4158,19
4159,5
4160,10
4161
4162,2
4163
4164,24
4165,15
4166,2
4167,20
4168,15
4169,8
4170,18
4171,9
4172
4173,21
4174,2
4175,14
4176,8
4177,10
4178,18
4179,9
4180,11
4181,4
4182
4183,13
4184,23
4185,9
4186,24
4187,15
4188
4189,9
4190,8
4191,15
4192,7
4193,4
4194
4195
4196,13
4197,13
4198,3
4199,20
4200,12
4201,9
4202,2
4203,14
4204,16
4205,4
4206
4207,13
4208,9
4209,13
4210,24
4211,8
4212,16
4213,9
4214,5
4215,7
4216,13
4217,15
4218,15
4219,6
4220,6
4221
4222,10
4223,17
4224,6
4225,2
4226,3
4227
4228,8
4229,14
4230,17
4231
4232,4
4233,17
4234,9
4235
4236
4237,24
4238,12
4239,5
4240,5
4241,4
4242,3
4243
4244,3
4245,7
4246,10
4247,10
4248,5
4249,7
4250,22
4251,17
4252,7
4253,10
4254,6
4255,13
4256,3
4257,8
4258,8
4259,11
4260,5
4261,11
4262,11
4263
4264,11
4265,15
4266
4267,13
4268,12
4269,14
4270,7
4271,7
4272,30
4273,6
4274,10
4275,26
4276
4277,9
4278,4
4279,12
4280,3
4281,4
4282,12
4283,15
4284
4285,14
4286,11
4287,9
4288,14
4289,28
4290,24
4291,17
4292,13
4293,4
4294,11
4295,22
4296,10
4297,2
4298,15
4299,6
4300,8
4301,8
4302,8
4303,15
4304,22
4305,12
4306,22
4307,21
4308,7
4309,14
4310,4
4311,9
4312,5
4313,23
4314,3
4315,8
4316
4317
4318
4319,11
4320,3
4321
4322,8
4323,5
4324,14
4325,6
4326,23
4327,15
4328,20
4329,9
4330,27
4331,11
4332,2
4333,4
4334,15
4335,8
4336,32
4337,11
4338
4339,15
4340,15
4341,24
4342,15
4343,24
4344,10
4345,21
4346,4
4347,4
4348,17
4349
4350,17
4351,22
4352,9
4353,9
4354,11
4355,6
4356,13
4357,17
4358,15
4359,22
4360
4361,22
4362,7
4363,4
4364,2
4365,12
4366,21
4367,9
4368,20
4369,23
4370,15
4371,14
4372,19
4373,9
4374,5
4375,9
4376,12
4377,5
4378,3
4379,10
4380,18
4381,7
4382,15
4383,14
4384,8
4385,3
4386,3
4387,8
4388
4389,5
4390,9
4391,14
4392,14
4393
4394,19
4395
4396,6
4397,6
4398,2
4399
4400,9
4401
4402,22
4403,13
4404,12
4405
4406,7
4407
4408,19
4409,4
4410,16
4411
4412,9
4413,6
4414,3
4415,14
4416,4
4417,18
4418,6
4419,4
4420,14
4421,10
4422
4423,10
4424,22
4425,14
4426,5
4427,6
4428,7
4429,2
4430,10
4431,13
4432,5
4433,3
4434,13
4435,11
4436,26
4437,7
4438,3
4439,3
4440,12
4441,6
4442,5
4443,3
4444,22
4445,2
4446,11
4447,29
4448,8
4449,17
4450,10
4451,27
4452,4
4453,5
4454,8
4455,7
4456
4457,15
4458,13
4459,16
4460,11
4461,28
4462,7
4463,8
4464,12
4465,8
4466
4467,21
4468,11
4469,8
4470,15
4471,9
4472,22
4473
4474,13
4475,9
4476,10
4477,20
4478,2
4479,13
4480
4481,7
4482,14
4483
4484,16
4485,18
4486,13
4487
4488,11
4489,3
4490,5
4491,14
4492,16
4493,10
4494,17
4495,7
4496,14
4497
4498,4
4499,16
4500,3
4501,6
4502,11
4503,5
4504,7
4505,4
4506,2
4507,6
4508,5
4509,11
4510,6
4511,7
4512,18
4513,12
4514,22
4515,7
4516
4517,9
4518,9
4519,3
4520,7
4521,7
4522,7
4523
4524,9
4525,11
4526,19
4527,9
4528,15
4529,7
4530
4531
4532,16
4533,4
4534,15
4535,16
4536
4537,9
4538,12
4539,15
4540,8
4541,14
4542,4
4543,5
4544,12
4545,19
4546,4
4547,13
4548,9
4549
4550,7
4551,7
4552,6
4553,2
4554,12
4555,7
4556,9
4557,4
4558,9
4559,2
4560,9
4561,34
4562,9
4563,9
4564,6
4565,12
4566,9
4567,3
4568,10
4569,12
4570
4571
4572,11
4573,9
4574,4
4575,10
4576
4577,18
4578,7
4579
4580,11
4581,8
4582,16
4583,7
4584,8
4585,5
4586,5
4587,9
4588,7
4589
4590,2
4591
4592,10
4593,5
4594,12
4595,4
4596,5
4597
4598,5
4599,15
4600,5
4601,30
4602,15
4603,8
4604,27
4605,13
4606,17
4607,2
4608,11
4609,6
4610,11
4611,11
4612
4613,16
4614,6
4615,16
4616,15
4617
4618,18
4619,14
4620,21
4621,14
4622,7
4623,25
4624,11
4625,8
4626,9
4627,13
4628,9
4629,5
4630,18
4631,14
4632,4
4633,3
4634,8
4635,2
4636,23
4637,17
4638,5
4639
4640,15
4641,8
4642,4
4643,11
4644,6
4645,10
4646,9
4647,11
4648,17
4649,23
4650,8
4651
4652,13
4653
4654
4655,5
4656,17
4657,4
4658,12
4659,7
4660
4661,8
4662,30
4663,12
4664,7
4665,9
4666
4667
4668,21
4669,11
4670,9
4671
4672,14
4673,9
4674,7
4675,17
4676,22
4677,11
4678,16
4679
4680,6
4681,5
4682,8
4683,21
4684,5
4685,19
4686,9
4687,7
4688,5
4689,11
4690,10
4691,11
4692,22
4693,4
4694,13
4695,23
4696,4
4697
4698
4699,3
4700,7
4701,5
4702,20
4703,6
4704,6
4705,13
4706
4707
4708,4
4709,9
4710,16
4711,15
4712,21
4713,16
4714,7
4715,16
4716,9
4717
4718
4719,9
4720,5
4721,6
4722,2
4723,13
4724,19
4725,8
4726,15
4727,8
4728,5
4729,7
4730,12
4731
4732
4733,2
4734,9
4735,18
4736
4737,6
4738,6
4739,5
4740,14
4741,11
4742,7
4743
4744,8
4745
4746
4747,14
4748,7
4749,10
4750,13
4751,8
4752,3
4753,13
4754,9
4755,9
4756,11
4757,15
4758
4759,9
4760,20
4761,5
4762,6
4763,3
4764,8
4765,3
4766,19
4767,18
4768,5
4769,11
4770,8
4771
4772,4
4773,21
4774,16
4775,15
4776,9
4777,9
4778,8
4779
4780,3
4781,8
4782,6
4783,4
4784,8
4785,27
4786,7
4787,4
4788,10
4789,29
4790,11
4791
4792,12
4793,7
4794,6
4795
4796,7
4797,9
4798,8
4799,2
4800,16
4801,23
4802,10
4803,17
4804,15
4805,3
4806,4
4807,11
4808,5
4809,13
4810,23
4811
4812
4813
4814,8
4815,6
4816,23
4817,6
4818,18
4819
4820,11
4821,19
4822,30
4823,4
4824,14
4825,6
4826,23
4827,9
4828,4
4829
4830,5
4831,17
4832,6
4833,5
4834,12
4835
4836,19
4837,8
4838,9
4839
4840,3
4841,15
4842,8
4843,24
4844,10
4845,12
4846,11
4847,19
4848,4
4849,8
4850,6
4851
4852,7
4853,9
4854,6
4855
4856,21
4857,6
4858,3
4859,13
4860,13
4861,7
4862,11
4863
4864,18
4865,6
4866,18
4867,12
4868
4869,12
4870,6
4871,29
4872,8
4873,14
4874,15
4875,14
4876,9
4877,16
4878,8
4879,6
4880,19
4881,18
4882
4883,7
4884,16
4885
4886,18
4887,6
4888
4889,10
4890
4891,13
4892,7
4893,16
4894
4895,8
4896,23
4897
4898,12
4899,8
4900
4901
4902
4903,15
4904,13
4905
4906,6
4907,26
4908,25
4909,16
4910
4911
4912,31
4913,18
4914,2
4915,6
4916,15
4917,8
4918,9
4919,35
4920,19
4921,9
4922
4923,12
4924,14
4925,2
4926,6
4927,5
4928
4929,9
4930,25
4931,6
4932,19
4933
4934,8
4935,19
4936,11
4937,20
4938,19
4939
4940
4941,15
4942,7
4943,4
4944,10
4945,2
4946,3
4947,7
4948,2
4949,6
4950,20
4951,13
4952
4953,16
4954,8
4955,10
4956,21
4957,8
4958,5
4959,5
4960
4961,11
4962,5
4963,14
4964,6
4965,2
4966,9
4967,11
4968
4969,3
4970,18
4971,14
4972,7
4973,10
4974,8
4975
4976,2
4977,2
4978,9
4979,12
4980,5
4981,29
4982,19
4983,22
4984,8
4985,18
4986,11
4987,9
4988,3
4989,7
4990,14
4991,4
4992,5
4993,23
4994,5
4995,21
4996
4997,27
4998,10
4999,9
5000,3
5001
5002,20
5003,16
5004,7
5005,25
5006,3
5007,6
5008,6
5009
5010,4
5011,14
5012,8
5013
5014,9
5015,24
5016,6
5017,4
5018,11
5019,16
5020,4
5021,5
5022,10
5023
5024,11
5025,9
5026
5027
5028
5029,7
5030
5031,20
5032,7
5033,19
5034,14
5035,11
5036,15
5037,17
5038,6
5039,12
5040,14
5041,9
5042,24
5043,10
5044,12
5045,19
5046,2
5047
5048,8
5049,3
5050,5
5051
5052,27
5053,3
5054,9
5055,17
5056
5057,17
5058,15
5059,10
5060,10
5061,6
5062,15
5063,17
5064,13
5065,4
5066,42
5067,14
5068,4
5069,2
5070,14
5071,9
5072,9
5073,6
5074,16
5075,21
5076,9
5077,8
5078,6
5079
5080,11
5081,9
5082,29
5083,9
5084,14
5085,8
5086
5087,31
5088
5089,12
5090,23
5091
5092,25
5093,23
5094
5095,8
5096,30
5097,15
5098,3
5099,18
5100,5
5101,16
5102,18
5103
5104,14
5105,2
5106
5107,17
5108,9
5109,3
5110,16
5111,18
5112
5113,5
5114,5
5115,20
5116,2
5117,4
5118,22
5119,6
5120,16
5121,5
5122,12
5123,15
5124,13
5125,8
5126
5127,3
5128,16
5129,2
5130
5131,19
5132,7
5133,10
5134,15
5135
5136,14
5137,10
5138,16
5139,11
5140,23
5141,14
5142,13
5143,6
5144,11
5145
5146,3
5147,13
5148,10
5149,8
5150,4
5151,7
5152,19
5153,4
5154
5155,17
5156,14
5157,2
5158
5159,16
5160,28
5161,5
5162
5163,5
5164,9
5165,15
5166,20
5167,8
5168,7
5169,9
5170,6
5171,18
5172,7
5173,5
5174,7
5175,4
5176,5
5177,4
5178,12
5179,18
5180,5
5181
5182,20
5183,31
5184,9
5185
5186,4
5187,5
5188,25
5189
5190,10
5191,5
5192,9
5193
5194,4
5195,7
5196
5197,10
5198,11
5199,9
5200,11
5201,28
5202,13
5203,14
5204,6
5205,15
5206,11
5207,2
5208,15
5209,14
5210
5211,8
5212,13
5213,7
5214,9
5215,8
5216,11
5217
5218
5219,5
5220,20
5221,10
5222,12
5223,14
5224,8
5225,18
5226,10
5227,8
5228,25
5229,27
5230,38
5231,16
5232,2
5233,7
5234,2
5235,12
5236,7
5237,11
5238,21
5239,12
5240,13
5241,4
5242,21
5243,9
5244,19
5245,11
5246,6
5247
5248,6
5249
5250,9
5251,15
5252
5253,8
5254,24
5255,7
5256
5257,23
5258,9
5259,11
5260
5261,12
5262,5
5263,9
5264,15
5265,7
5266,8
5267,9
5268,14
5269,5
5270,2
5271,10
5272,8
5273,13
5274
5275,3
5276,7
5277,18
5278,16
5279,14
5280,4
5281,8
5282
5283,18
5284,11
5285,8
5286,6
5287,11
5288,8
5289
5290,17
5291
5292,3
5293,3
5294,9
5295,3
5296,12
5297
5298,9
5299,4
5300,10
5301,10
5302
5303
5304,13
5305,12
5306,20
5307,6
5308,29
5309,20
5310,10
5311,13
5312,8
5313,15
5314,19
5315,21
5316,19
5317
5318,29
5319,5
5320
5321,11
5322
5323,19
5324,14
5325,7
5326,11
5327,28
5328
5329,3
5330
5331,5
5332,28
5333,6
5334,10
5335,10
5336,6
5337,5
5338,12
5339,10
5340,28
5341,15
5342,15
5343,6
5344,5
5345
5346,29
5347,6
5348,6
5349,6
5350,7
5351
5352,15
5353
5354,9
5355,3
5356,11
5357
5358,32
5359
5360,7
5361,11
5362,25
5363
5364,7
5365,9
5366,14
5367,4
5368,2
5369,8
5370,4
5371,28
5372,11
5373,17
5374,2
5375,17
5376,20
5377
5378,4
5379,15
5380,10
5381
5382
5383,7
5384,8
5385,8
5386,6
5387,10
5388,25
5389,18
5390
5391
5392,15
5393
5394,11
5395,7
5396,16
5397,8
5398,7
5399,4
5400,8
5401,7
5402
5403,34
5404,2
5405,4
5406,4
5407,10
5408
5409,19
5410
5411,14
5412,7
5413,15
5414,5
5415,19
5416,12
5417,26
5418,12
5419,9
5420,20
5421,22
5422,24
5423,9
5424,9
5425,12
5426,37
5427,10
5428,7
5429,14
5430,3
5431,12
5432
5433,6
5434,21
5435,5
5436,5
5437,11
5438
5439,3
5440
5441,9
5442,5
5443,11
5444,5
5445,24
5446,3
5447,10
5448,25
5449,6
5450,2
5451,10
5452,33
5453
5454
5455,14
5456,11
5457,13
5458,16
5459,5
5460,8
5461,12
5462,20
5463,7
5464,8
5465,7
5466
5467,5
5468,2
5469,5
5470,15
5471,4
5472,9
5473,8
5474,9
5475
5476,2
5477,12
5478,14
5479,26
5480,11
5481
5482,6
5483,2
5484,13
5485,10
5486
5487
5488,8
5489,24
5490,23
5491,2
5492,13
5493,12
5494,8
5495,15
5496,11
5497,2
5498
5499
5500
5501
5502,4
5503,26
5504,22
5505,18
5506,9
5507,10
5508,7
5509,18
5510,25
5511,14
5512,12
5513,7
5514,10
5515
5516
5517,7
5518,4
5519,6
5520,13
5521,4
5522
5523
5524
5525,12
5526,16
5527,3
5528,9
5529,12
5530,10
5531,14
5532,16
5533
5534,5
5535,2
5536,4
5537,10
5538,6
5539,2
5540,9
5541,12
5542,5
5543,2
5544
5545,12
5546
5547,21
5548,7
5549,10
5550,14
5551
5552,4
5553,27
5554,28
5555,3
5556,7
5557,10
5558,12
5559,11
5560
5561,18
5562,13
5563,16
5564,8
5565,7
5566,9
5567,8
5568,8
5569,14
5570,7
5571,14
5572,9
5573,9
5574,7
5575,15
5576,19
5577,3
5578,11
5579,5
5580,11
5581,31
5582,12
5583,4
5584,7
5585,9
5586,15
5587,16
5588,14
5589,7
5590,15
5591,2
5592,12
5593,17
5594,15
5595,9
5596
5597
5598,9
5599,9
5600,4
5601,4
5602,16
5603
5604
5605,17
5606,24
5607,6
5608,8
5609,7
5610,15
5611,8
5612,9
5613,7
5614
5615,6
5616,19
5617,8
5618,20
5619,8
5620,15
5621,33
5622,14
5623,11
5624,8
5625,13
5626,3
5627,22
5628,9
5629,16
5630,10
5631
5632,6
5633,13
5634,4
5635,14
5636,7
5637
5638
5639,8
5640,7
5641,2
5642,6
5643,3
5644,11
5645,18
5646,17
5647,5
5648,4
5649,25
5650,13
5651,2
5652,31
5653,11
5654,8
5655,9
5656,25
5657
5658,10
5659,11
5660,25
5661
5662,2
5663,22
5664
5665
5666
5667,22
5668,5
5669,16
5670,10
5671,10
5672
5673,5
5674,5
5675,7
5676,14
5677,28
5678,7
5679,2
5680,5
5681,6
5682,20
5683,14
5684,15
5685,7
5686,5
5687,12
5688,9
5689,9
5690
5691,9
5692,17
5693
5694,11
5695,3
5696,17
5697,9
5698,11
5699,6
5700,22
5701,15
5702
5703,4
5704
5705,25
5706,26
5707,7
5708,6
5709,4
5710,19
5711
5712,7
5713,7
5714,17
5715,24
5716,10
5717,11
5718,17
5719
5720
5721
5722,27
5723
5724,5
5725,20
5726,7
5727
5728,13
5729
5730,13
5731,9
5732,13
5733,9
5734,4
5735,10
5736,10
5737,5
5738
5739,9
5740
5741,18
5742,22
5743,10
5744,13
5745,32
5746,9
5747,43
5748,22
5749
5750,12
5751,15
5752
5753,15
5754,15
5755,22
5756,5
5757,13
5758,8
5759
5760,8
5761
5762,14
5763,4
5764,18
5765,9
5766,22
5767,20
5768,7
5769,12
5770,19
5771,9
5772,2
5773,8
5774,15
5775,3
5776
5777
5778,14
5779,6
5780,8
5781,9
5782,12
5783,4
5784,22
5785,17
5786
5787
5788,10
5789,20
5790,11
5791,18
5792,4
5793,10
5794,6
5795,9
5796
5797,15
5798,8
5799,3
5800,7
5801,7
5802,8
5803
5804,20
5805,17
5806,9
5807,14
5808,7
5809,22
5810,20
5811,13
5812
5813,14
5814,12
5815,3
5816,27
5817,14
5818,3
5819,8
5820,2
5821
5822,5
5823,14
5824,13
5825,9
5826,23
5827,24
5828,14
5829,7
5830,3
5831,4
5832
5833,19
5834,10
5835,18
5836,15
5837,10
5838,29
5839,8
5840,7
5841,11
5842,4
5843,7
5844,15
5845,11
5846,5
5847
5848
5849,12
5850,27
5851
5852,8
5853,14
5854,9
5855
5856,20
5857
5858,9
5859,4
5860,12
5861,7
5862,4
5863
5864,12
5865
5866,8
5867,15
5868,6
5869,14
5870,5
5871,10
5872,12
5873,9
5874,10
5875,17
5876,4
5877,6
5878,7
5879,38
5880,6
5881,4
5882,12
5883,29
5884
5885,13
5886,23
5887,5
5888,10
5889
5890,4
5891,10
5892,15
5893,21
5894,29
5895
5896
5897
5898,20
5899
5900
5901,14
5902,14
5903,18
5904
5905
5906
5907,14
5908
5909,16
5910,3
5911,16
5912,8
5913,15
5914,5
5915,15
5916,4
5917,9
5918,5
5919,8
5920,14
5921,8
5922,15
5923,8
5924,11
5925,7
5926,11
5927,2
5928
5929
5930,16
5931,6
5932,13
5933,13
5934,24
5935,17
5936,17
5937
5938,15
5939,6
5940,4
5941,7
5942,7
5943,10
5944,10
5945,10
5946,20
5947,3
5948
5949,8
5950
5951,15
5952,15
5953,9
5954,4
5955,7
5956,21
5957,15
5958,13
5959
5960,21
5961,10
5962,2
5963,10
5964,13
5965
5966,18
5967,7
5968,7
5969,7
5970,14
5971,2
5972,4
5973,3
5974,6
5975,17
5976,40
5977,14
5978,2
5979,19
5980,13
5981,6
5982,7
5983,4
5984,10
5985,15
5986,10
5987,5
5988,15
5989
5990,17
5991,12
5992
5993,18
5994,10
5995
5996,6
5997
5998,7
5999,4
6000,18
6001,2
6002,8
6003,32
6004,9
6005,2
6006,13
6007,16
6008,13
6009,11
6010,17
6011,7
6012,19
6013
6014,8
6015,3
6016,19
6017,12
6018,7
6019
6020,12
6021,11
6022,5
6023,7
6024
6025,15
6026
6027,2
6028,10
6029,6
6030,9
6031,2
6032
6033,9
6034
6035,27
6036,5
6037
6038,3
6039
6040,10
6041,7
6042,14
6043,6
6044
6045,7
6046
6047,16
6048,8
6049,7
6050,10
6051,12
6052,4
6053,6
6054,7
6055,7
6056,7
6057,17
6058,6
6059,5
6060,12
6061,12
6062,19
6063,16
6064,6
6065,11
6066,12
6067
6068,13
6069,9
6070
6071,12
6072
6073,33
6074
6075,7
6076,17
6077,30
6078,13
6079,14
6080,22
6081,16
6082,9
6083,13
6084
6085,5
6086
6087,6
6088,33
6089,9
6090,5
6091,9
6092,10
6093,15
6094,7
6095,15
6096,9
6097
6098,2
6099,10
6100,20
6101,11
6102
6103,10
6104,12
6105,10
6106,21
6107,13
6108,4
6109,8
6110,22
6111
6112,9
6113,7
6114,14
6115,15
6116,7
6117,15
6118,15
6119,2
6120,8
6121,8
6122,18
6123,12
6124,19
6125,3
6126,8
6127,5
6128
6129,24
6130,15
6131,21
6132,10
6133,19
6134,4
6135,9
6136
6137
6138,24
6139,13
6140
6141,19
6142,2
6143,15
6144,12
6145,2
6146,8
6147,14
6148
6149,10
6150,13
6151,5
6152,9
6153,9
6154,25
6155
6156,12
6157,8
6158,16
6159,12
6160,7
6161,18
6162,4
6163,16
6164,7
6165,19
6166,17
6167,7
6168,4
6169,27
6170
6171,2
6172,12
6173,7
6174,14
6175,12
6176,5
6177
6178,10
6179
6180,4
6181,9
6182,22
6183,7
6184
6185,7
6186
6187,14
6188,9
6189,20
6190
6191,7
6192,38
6193,8
6194,12
6195,6
6196,3
6197,17
6198,8
6199,3
6200
6201,16
6202,11
6203,6
6204,13
6205,4
6206,12
6207,7
6208,10
6209
6210,8
6211,5
6212,31
6213,17
6214
6215,11
6216,6
6217
6218,4
6219,5
6220,18
6221,10
6222,21
6223,10
6224,10
6225,10
6226,17
6227,4
6228,14
6229,12
6230,5
6231,19
6232,18
6233,7
6234
6235,35
6236,5
6237,21
6238,12
6239,22
6240,25
6241,7
6242
6243,14
6244,11
6245,15
6246
6247,7
6248,30
6249,16
6250,4
6251,11
6252,4
6253,5
6254,9
6255,9
6256,11
6257,11
6258
6259,16
6260
6261,22
6262
6263,17
6264,14
6265,5
6266,29
6267,5
6268,8
6269,12
6270
6271,13
6272,10
6273,4
6274,16
6275,4
6276,10
6277,8
6278,18
6279,9
6280
6281,9
6282,21
6283,11
6284,9
6285,22
6286
6287,4
6288,10
6289,12
6290,8
6291,12
6292
6293,6
6294,16
6295
6296,10
6297,9
6298,17
6299,13
6300,22
6301,8
6302,20
6303
6304,12
6305
6306,17
6307
6308,3
6309,7
6310,8
6311,5
6312,12
6313,11
6314,27
6315,2
6316,25
6317,9
6318,17
6319,7
6320,16
6321,5
6322,10
6323,20
6324,13
6325,4
6326,20
6327,17
6328
6329,15
6330
6331
6332,2
6333,6
6334,9
6335,6
6336
6337,4
6338,6
6339
6340
6341,12
6342,18
6343,2
6344,12
6345,18
6346,21
6347
6348,29
6349,5
6350,14
6351,3
6352,7
6353,9
6354,18
6355,7
6356,14
6357,21
6358,8
6359,9
6360,15
6361,9
6362,8
6363,8
6364,9
6365,10
6366,11
6367
6368,13
6369,12
6370,16
6371
6372,27
6373,8
6374,15
6375,23
6376,7
6377,6
6378
6379
6380,14
6381,9
6382,11
6383,17
6384,13
6385,2
6386,3
6387,8
6388,27
6389,11
6390,7
6391,14
6392,22
6393,3
6394,6
6395
6396,10
6397,7
6398
6399
6400,14
6401,4
6402,3
6403,18
6404,8
6405,3
6406
6407,17
6408,15
6409,8
6410,11
6411
6412,12
6413,3
6414,9
6415,7
6416,18
6417,4
6418,4
6419,14
6420,4
6421,14
6422
6423,6
6424,19
6425,13
6426,26
6427,11
6428,11
6429,6
6430,11
6431,12
6432
6433,8
6434,16
6435,6
6436
6437,16
6438,21
6439,8
6440,4
6441,11
6442,7
6443,17
6444,8
6445
6446,11
6447,9
6448,6
6449,6
6450,9
6451,16
6452,20
6453,2
6454,14
6455
6456,16
6457,3
6458,12
6459,7
6460,12
6461,5
6462,16
6463,5
6464,9
6465,10
6466,23
6467,2
6468,4
6469,19
6470
6471,13
6472,7
6473,15
6474,8
6475,4
6476,10
6477,15
6478,21
6479,7
6480,18
6481,21
6482,5
6483,8
6484,14
6485
6486
6487
6488,7
6489,4
6490,4
6491
6492,2
6493,5
6494,13
6495,5
6496,3
6497,3
6498,12
6499,17
6500,14
6501
6502,8
6503,12
6504,4
6505
6506,9
6507,9
6508,4
6509,6
6510,4
6511,12
6512
6513,7
6514,4
6515,16
6516,3
6517
6518,21
6519
6520,6
6521,16
6522,8
6523,29
6524,3
6525,7
6526,23
6527,10
6528
6529,15
6530,3
6531,24
6532,8
6533,15
6534
6535,6
6536,16
6537,11
6538
6539,16
6540,3
6541,9
6542,17
6543,12
6544,13
6545,6
6546,4
6547,20
6548,7
6549,3
6550,13
6551
6552,3
6553,5
6554,22
6555
6556,12
6557,7
6558,12
6559,6
6560
6561,17
6562,7
6563,16
6564,23
6565,9
6566,5
6567,11
6568
6569,17
6570,18
6571,7
6572,13
6573,4
6574,8
6575,8
6576
6577,7
6578,16
6579,9
6580,12
6581,7
6582,6
6583,7
6584,8
6585,11
6586,15
6587,2
6588,16
6589,6
6590,18
6591,2
6592,9
6593,10
6594,8
6595,4
6596
6597,15
6598,8
6599,10
6600,3
6601,5
6602,8
6603,7
6604,12
6605,26
6606,18
6607,31
6608,4
6609,2
6610,13
6611,19
6612,3
6613,6
6614,17
6615,13
6616,9
6617,6
6618,7
6619,8
6620,4
6621,30
6622,15
6623
6624
6625,2
6626,10
6627,9
6628,13
6629,13
6630,12
6631,13
6632,13
6633,6
6634,3
6635,22
6636
6637
6638,19
6639,13
6640,2
6641,6
6642,16
6643,17
6644,8
6645,7
6646
6647,4
6648,7
6649,5
6650,14
6651,3
6652,8
6653,11
6654,6
6655,8
6656,9
6657,2
6658,14
6659,6
6660,22
6661,4
6662
6663,10
6664,33
6665,9
6666
6667,3
6668,5
6669,5
6670,13
6671,17
6672,3
6673,10
6674,9
6675,3
6676
6677,39
6678,2
6679,6
6680,4
6681,12
6682,5
6683,14
6684,13
6685,8
6686,6
6687,22
6688,9
6689,4
6690,7
6691
6692,15
6693,4
6694
6695,2
6696,13
6697,34
6698,6
6699,17
6700,21
6701,25
6702,15
6703,9
6704,6
6705,14
6706
6707,2
6708
6709,5
6710
6711,3
6712,7
6713,8
6714,16
6715,9
6716,8
6717
6718
6719,23
6720,48
6721,18
6722
6723,15
6724,9
6725,12
6726,8
6727,15
6728,5
6729
6730,7
6731,11
6732,11
6733,4
6734,7
6735,5
6736,10
6737,27
6738,5
6739,8
6740,17
6741,21
6742,2
6743,10
6744,20
6745,12
6746,19
6747,8
6748,9
6749
6750,10
6751,12
6752
6753,6
6754,23
6755,2
6756,11
6757,13
6758
6759,13
6760,15
6761,11
6762,39
6763
6764,6
6765,7
6766,32
6767,18
6768,2
6769,18
6770,7
6771,18
6772,5
6773,4
6774,4
6775,5
6776,4
6777,7
6778,6
6779,9
6780,9
6781,12
6782,20
6783,11
6784,12
6785,15
6786,17
6787,2
6788,15
6789,21
6790,12
6791,7
6792
6793,8
6794,15
6795,4
6796
6797,5
6798
6799,21
6800,6
6801
6802,5
6803,23
6804,13
6805,5
6806,9
6807
6808,12
6809,2
6810,3
6811
6812,9
6813,11
6814,14
6815,14
6816,8
6817,20
6818,6
6819,14
6820
6821
6822,3
6823,15
6824,6
6825,3
6826,13
6827,6
6828,6
6829,23
6830,10
6831,7
6832,18
6833,13
6834,5
6835,22
6836,6
6837,15
6838,13
6839,15
6840,18
6841
6842,4
6843,18
6844,6
6845,12
6846,14
6847,4
6848,2
6849,3
6850,2
6851,21
6852,21
6853
6854,15
6855,4
6856
6857,10
6858,8
6859,10
6860,8
6861
6862,11
6863,2
6864,23
6865,15
6866,12
6867
6868,2
6869,17
6870,13
6871,8
6872
6873,3
6874,6
6875,28
6876
6877,20
6878
6879,11
6880,18
6881,11
6882,10
6883,11
6884,18
6885,2
6886,2
6887,9
6888,24
6889,21
6890,5
6891,20
6892
6893,2
6894,3
6895
6896,17
6897,9
6898,21
6899,5
6900,5
6901
6902,8
6903,4
6904,7
6905
6906,11
6907,9
6908,11
6909,16
6910,10
6911,6
6912,17
6913,21
6914,5
6915,21
6916,11
6917,20
6918,5
6919,8
6920
6921,12
6922,17
6923,11
6924,11
6925,17
6926,10
6927,8
6928,24
6929,16
6930,11
6931,6
6932,19
6933
6934,22
6935,12
6936,20
6937,14
6938
6939,4
6940,16
6941,8
6942,10
6943
6944,9
6945,20
6946,20
6947,5
6948
6949,12
6950,4
6951
6952,14
6953,5
6954,16
6955,25
6956,7
6957,8
6958,15
6959,6
6960,9
6961,7
6962,5
6963,15
6964,12
6965,16
6966,6
6967,10
6968,2
6969,16
6970,8
6971,4
6972,8
6973
6974,21
6975
6976,19
6977,15
6978,2
6979,4
6980,4
6981
6982,3
6983,2
6984
6985
6986,18
6987
6988,26
6989,9
6990,7
6991,23
6992,24
6993
6994,12
6995,22
6996,8
6997,19
6998,25
6999
7000,7
7001,23
7002,15
7003,4
7004,7
7005,40
7006,8
7007,4
7008
7009,13
7010,19
7011,11
7012,4
7013,5
7014,18
7015,12
7016,4
7017,27
7018,7
7019,6
7020,12
7021,8
7022,8
7023,12
7024,6
7025,6
7026,9
7027,16
7028,14
7029,7
7030,10
7031,17
7032,26
7033,5
7034,14
7035,6
7036,11
7037,17
7038,22
7039,5
7040,6
7041,5
7042,15
7043,9
7044,9
7045,15
7046,4
7047
7048,9
7049,8
7050
7051,12
7052
7053,7
7054,32
7055,10
7056,3
7057,2
7058,10
7059
7060,6
7061
7062,15
7063,21
7064,11
7065,3
7066,2
7067
7068,5
7069,5
7070,7
7071
7072
7073,4
7074,12
7075
7076,8
7077,8
7078
7079,23
7080,4
7081,6
7082,15
7083,15
7084,13
7085,5
7086,3
7087,3
7088
7089,11
7090,16
7091,2
7092
7093,11
7094
7095,7
7096,19
7097,8
7098,3
7099,6
7100,12
7101,12
7102,6
7103,5
7104,14
7105,5
7106,16
7107,15
7108
7109,12
7110,24
7111,11
7112,15
7113,5
7114,13
7115,9
7116,3
7117,17
7118,17
7119
7120
7121
7122,26
7123,12
7124,20
7125,22
7126,12
7127,5
7128,13
7129,7
7130,12
7131
7132
7133
7134,13
7135,12
7136
7137,5
7138,13
7139,28
7140
7141,9
7142,10
7143,6
7144,11
7145,15
7146,3
7147,6
7148,14
7149
7150,16
7151,5
7152,22
7153,5
7154,18
7155,8
7156,3
7157,9
7158,8
7159
7160,14
7161,8
7162
7163,20
7164,22
7165,9
7166,8
7167,15
7168,9
7169,19
7170
7171,13
7172,9
7173,22
7174,14
7175,10
7176,12
7177,11
7178,9
7179
7180,2
7181,20
7182,9
7183,14
7184,12
7185,3
7186,18
7187,16
7188,14
7189,4
7190,11
7191,14
7192,14
7193,14
7194
7195,13
7196,10
7197,10
7198,31
7199,15
7200,9
7201,10
7202,11
7203,4
7204,12
7205,13
7206,11
7207,29
7208,13
7209,4
7210,13
7211
7212,11
7213,6
7214,6
7215,7
7216,4
7217,14
7218,14
7219
7220
7221,11
7222,18
7223,5
7224,7
7225,17
7226
7227,17
7228,13
7229,10
7230,20
7231,10
7232
7233,20
7234,11
7235
7236,9
7237,7
7238,6
7239,4
7240,3
7241,8
7242,7
7243
7244,10
7245,5
7246,24
7247,15
7248,11
7249,6
7250,18
7251,10
7252,12
7253,6
7254
7255,8
7256,5
7257,6
7258,16
7259,22
7260
7261,16
7262
7263,13
7264,18
7265
7266,15
7267,3
7268,8
7269,15
7270,8
7271,8
7272,4
7273,19
7274
7275,9
7276,12
7277,24
7278,14
7279,13
7280,15
7281,21
7282,3
7283
7284,12
7285,19
7286,2
7287,8
7288
7289
7290,16
7291,5
7292
7293
7294,9
7295,24
7296,9
7297
7298,7
7299,5
7300,26
7301,17
7302,13
7303,26
7304
7305,11
7306,10
7307,7
7308,14
7309,9
7310,12
7311,21
7312,8
7313,21
7314,10
7315,2
7316,4
7317,9
7318,8
7319,3
7320,4
7321
7322,8
7323,7
7324,3
7325,5
7326,13
7327,18
7328,14
7329,9
7330,5
7331,12
7332,23
7333,24
7334,5
7335,13
7336,9
7337,8
7338,13
7339,21
7340
7341
7342,10
7343,33
7344,13
7345,12
7346,9
7347,9
7348
7349
7350,3
7351
7352,8
7353,13
7354,15
7355
7356,9
7357,7
7358,5
7359
7360,18
7361
7362
7363,14
7364,9
7365,5
7366,5
7367
7368,33
7369
7370,6
7371,12
7372
7373,13
7374,7
7375,6
7376,8
7377,11
7378,4
7379,12
7380,7
7381,19
7382,6
7383,10
7384,15
7385,7
7386,12
7387,19
7388,15
7389,13
7390,3
7391
7392,2
7393,14
7394,2
7395,7
7396,25
7397,11
7398,9
7399,2
7400,13
7401,5
7402,9
7403
7404,22
7405,15
7406,14
7407
7408,19
7409,15
7410,7
7411
7412,14
7413,25
7414,14
7415
7416,9
7417,8
7418,15
7419,14
7420,5
7421,5
7422,8
7423,18
7424,16
7425
7426,8
7427,38
7428,3
7429,8
7430,23
7431,15
7432,26
7433,15
7434,14
7435,14
7436
7437,9
7438,12
7439,16
7440
7441,13
7442,4
7443
7444,21
7445,15
7446
7447,9
7448
7449
7450,4
7451,32
7452,7
7453
7454
7455,16
7456,9
7457,23
7458,11
7459,11
7460,14
7461,25
7462,11
7463,10
7464,2
7465,9
7466,6
7467,11
7468,8
7469,20
7470,12
7471,2
7472,31
7473,6
7474,9
7475,3
7476,2
7477,10
7478
7479,22
7480,7
7481,12
7482,12
7483,17
7484,6
7485,3
7486
7487,10
7488
7489,15
7490
7491,17
7492,8
7493
7494,10
7495,4
7496,4
7497,6
7498,8
7499,9
7500,14
7501,22
7502,10
7503,6
7504,11
7505,5
7506,21
7507,8
7508,6
7509,2
7510,11
7511,2
7512,4
7513
7514
7515,12
7516,3
7517,7
7518,5
7519,18
7520,8
7521,13
7522
7523,9
7524,2
7525,7
7526,3
7527,9
7528,13
7529
7530,8
7531,13
7532,2
7533,5
7534,22
7535,10
7536,10
7537,13
7538,4
7539
7540
7541,20
7542,2
7543
7544,11
7545,14
7546
7547,9
7548,11
7549,5
7550,2
7551,12
7552,17
7553,17
7554,6
7555,5
7556
7557,19
7558
7559,4
7560,9
7561,3
7562,5
7563,8
7564,22
7565,22
7566,15
7567,9
7568,7
7569,16
7570,19
7571,13
7572,10
7573,12
7574,8
7575,8
7576,6
7577,21
7578,8
7579
7580
7581,8
7582,14
7583,2
7584,14
7585,3
7586,38
7587,9
7588,5
7589,16
7590,2
7591,16
7592,23
7593
7594,8
7595,7
7596,8
7597,14
7598,17
7599,9
7600
7601,11
7602,7
7603,8
7604,12
7605,4
7606,4
7607,27
7608
7609,10
7610
7611,11
7612,29
7613
7614,10
7615,19
7616,12
7617,8
7618,3
7619,14
7620,16
7621,8
7622,12
7623,9
7624,14
7625,7
7626,13
7627,4
7628,4
7629,23
7630,10
7631,29
7632,20
7633,5
7634,15
7635,7
7636,7
7637,12
7638,10
7639,9
7640,12
7641,15
7642,10
7643,4
7644,6
7645,9
7646,10
7647,17
7648,2
7649,4
7650,3
7651,8
7652
7653,4
7654,23
7655,22
7656,7
7657,8
7658,15
7659,20
7660
7661,6
7662,17
7663,2
7664,12
7665,5
7666,13
7667,4
7668,13
7669,6
7670,8
7671
7672,7
7673,14
7674
7675
7676,2
7677,21
7678
7679,18
7680,9
7681,15
7682,20
7683,11
7684
7685,5
7686,11
7687
7688,13
7689
7690,9
7691
7692,7
7693
7694,7
7695,9
7696,9
7697
7698,5
7699
7700,14
7701,3
7702,2
7703
7704,29
7705,10
7706,21
7707
7708,12
7709,6
7710,5
7711,6
7712,6
7713,11
7714,13
7715,12
7716,22
7717
7718,9
7719,10
7720,21
7721,8
7722
7723,23
7724
7725,9
7726,13
7727,9
7728
7729
7730,10
7731,8
7732,19
7733,17
7734,11
7735,14
7736,8
7737,16
7738,13
7739,9
7740,23
7741,11
7742,9
7743,16
7744
7745
7746,10
7747,18
7748,14
7749,7
7750,5
7751,17
7752,6
7753,7
7754,14
7755,23
7756,32
7757,20
7758,5
7759,18
7760,4
7761,5
7762
7763,8
7764,2
7765,4
7766,23
7767,32
7768,5
7769,13
7770,10
7771,6
7772,24
7773,6
7774,23
7775
7776,9
7777,17
7778
7779,16
7780,8
7781,10
7782,13
7783,18
7784,6
7785,14
7786,9
7787,15
7788,19
7789,12
7790
7791
7792,8
7793,5
7794
7795,11
7796,10
7797,23
7798,9
7799
7800,10
7801,4
7802,20
7803,15
7804
7805,6
7806,3
7807,12
7808,17
7809,4
7810,13
7811,11
7812,10
7813,14
7814,8
7815,7
7816
7817,10
7818,16
7819,11
7820,6
7821,8
7822,16
7823,11
7824
7825,18
7826
7827,3
7828,15
7829,7
7830,7
7831,21
7832,7
7833,8
7834
7835,10
7836,7
7837,3
7838,6
7839,16
7840,12
7841,9
7842,17
7843,15
7844,13
7845,8
7846,9
7847
7848,6
7849,3
7850,10
7851,4
7852,25
7853
7854,3
7855
7856,3
7857,12
7858
7859,12
7860,4
7861,14
7862
7863,7
7864,9
7865
7866,7
7867,12
7868,20
7869,7
7870
7871,6
7872,11
7873,8
7874,3
7875,20
7876,10
7877,14
7878,41
7879,6
7880,10
7881,5
7882,18
7883,12
7884,7
7885,23
7886,3
7887,3
7888
7889,12
7890,7
7891,14
7892,13
7893
7894,16
7895,6
7896,8
7897,19
7898
7899,5
7900,3
7901
7902,8
7903,2
7904,3
7905,21
7906,2
7907,8
7908,2
7909,22
7910,9
7911
7912,15
7913,2
7914,9
7915
7916,2
7917,8
7918,22
7919,9
7920,8
7921,7
7922,9
7923,15
7924,6
7925,18
7926,11
7927
7928,15
7929,20
7930,14
7931,11
7932,9
7933,8
7934,18
7935,15
7936,5
7937,12
7938,16
7939,6
7940,17
7941,13
7942,12
7943,24
7944,7
7945,5
7946,21
7947,7
7948,6
7949,15
7950,20
7951
7952,32
7953,5
7954,5
7955,11
7956,9
7957,3
7958,4
7959,11
7960,9
7961
7962,20
7963,28
7964,15
7965
7966,9
7967,12
7968,3
7969,17
7970,11
7971,13
7972,15
7973,18
7974,18
7975,20
7976,23
7977,7
7978,9
7979,3
7980,15
7981,6
7982,20
7983,30
7984
7985,11
7986,7
7987,11
7988,9
7989,15
7990,9
7991,3
7992
7993,15
7994
7995
7996,13
7997,7
7998,10
7999,19
8000,17
8001,20
8002,7
8003,5
8004,13
8005
8006,6
8007,12
8008
8009,17
8010,5
8011
8012,19
8013,14
8014,10
8015,9
8016,2
8017,12
8018,9
8019,6
8020
8021,19
8022,15
8023,4
8024,14
8025
8026,13
8027,18
8028,5
8029,13
8030,15
8031
8032,8
8033,20
8034,15
8035,14
8036
8037,15
8038,11
8039,11
8040,9
8041,14
8042,21
8043,9
8044,17
8045,6
8046,9
8047,9
8048,5
8049,9
8050,3
8051,14
8052,2
8053,9
8054
8055,7
8056,13
8057
8058,30
8059
8060,17
8061
8062,12
8063,5
8064,6
8065
8066,11
8067
8068,5
8069,9
8070,22
8071,10
8072,9
8073,12
8074,11
8075,4
8076,22
8077,5
8078,14
8079,10
8080,30
8081,5
8082,12
8083,9
8084,20
8085,18
8086,9
8087,8
8088
8089,14
8090,12
8091
8092,9
8093,17
8094,4
8095,3
8096,13
8097,12
8098,17
8099,28
8100
8101,9
8102,4
8103,27
8104,14
8105,10
8106,9
8107,8
8108,5
8109,8
8110,36
8111,11
8112,9
8113
8114,17
8115
8116
8117,5
8118,14
8119,4
8120,6
8121,7
8122,4
8123,8
8124
8125,15
8126,7
8127,8
8128,7
8129,7
8130,5
8131,11
8132,8
8133,19
8134,9
8135,12
8136,9
8137,5
8138,12
8139,12
8140,15
8141,25
8142,13
8143,9
8144,3
8145,26
8146,11
8147,23
8148,8
8149,10
8150,18
8151,15
8152,10
8153,10
8154,22
8155,9
8156,8
8157
8158,10
8159,10
8160,11
8161,14
8162,15
8163,18
8164
8165,7
8166,12
8167,12
8168,7
8169,16
8170,9
8171,9
8172,10
8173,6
8174,10
8175
8176
8177,8
8178,22
8179,6
8180,19
8181,6
8182,3
8183,12
8184,6
8185,20
8186,23
8187,16
8188,18
8189
8190,6
8191,8
