7
3
65
0,2
1,16
2,3
3,11
4,20
5,3
6,8
7,17
8,8
9,13
10
11,7
12,9
13
14,6
15,14
16,3
17
18,10
19,15
20,6
21,7
22,2
23,8
24,15
25,14
26
27,3
28
29,15
30,6
31,6
32,21
33,4
34,4
35,5
36,4
37,6
38,14
39
40,9
41,4
42,3
43
44,8
45,9
46,6
47,6
48,8
49,20
50
51,9
52,7
53,2
65
53,9
54,13
55,8
56,22
57
58,26
59,12
60,11
61,16
62,6
63
64,20
65,22
66,13
67,25
68,13
69,21
70,22
71
72,11
73,5
74,21
75,9
76
77,5
78,13
79
80,14
81,2
82,3
83,9
48
83,2
84,6
85,3
86,8
87,4
66
88,4
89
90,12
134
90
91,14
92,5
93
94,28
95,14
96,20
97,18
98
99,6
100,9
101,9
102,9
103,8
104,21
105
106,9
107,14
108,12
109
110,7
111,4
112
113,3
141
113,21
114,14
115,9
116,5
137
116,7
117
118,16
119,6
120,7
121,10
104
121,2
122,7
123,4
124,9
125,5
126,6
127,7
128,3
129,6
130,16
131,5
156
131,2
132,9
133,13
134
119
134,7
135
136,13
137,17
160
137,4
138,12
139,9
140,8
141,27
142,7
143,5
144,2
145,8
146,2
196
146,2
147,6
148,2
149
150,4
151,6
152,11
153,13
154,6
155,12
156,3
157,18
158
159
160,10
161,3
162,6
163,2
164,9
165,9
166
167,5
168,7
169,6
170,20
171,10
172,4
173
174,10
175,13
104
175,5
176
177,9
178,15
179,6
180,9
181,5
182,7
183,11
184,13
185,4
186,5
187,8
188,13
189,16
190,5
191,3
192
193,13
194,13
195,10
196,26
197,9
198,7
199
200,16
201,5
202,10
247
202,3
203,2
204,14
205,16
206,31
207,10
208,8
209,17
210,3
211,13
212,7
213,2
214,17
215,16
216,17
217,6
218,8
219,16
220,15
221,15
222,20
223,20
224,6
225,3
226,17
227,6
228,4
229
206
229,8
230,6
231,17
232,13
233,2
246
233,2
234
235,4
223
235,6
236,13
237,10
238,9
239,31
240,9
241,10
242,3
319
242,6
243,3
244,2
245,18
246,10
247,21
248,8
249,13
250,7
251,3
252,18
253,9
254
255
256,19
257,6
258,4
259
260,10
261,17
262
263,12
264,21
265,6
266,3
267,13
268,7
269,17
270,13
271,6
272
294
272,23
273,11
274,4
275,31
276
277,13
278,12
279,20
280
281,4
282,7
283,21
284,11
285,6
286,2
287,9
288,4
289,5
364
289,19
290,15
344
291,3
249
291,5
292,24
293,11
294
295,9
296,3
297,5
298,7
299,21
300,9
301,18
239
302,6
303,13
304
305,4
306,5
307
308,8
309,5
310,15
311,7
312,11
335
312,7
313,12
314,5
315
316,5
359
316,5
317
318,3
319,16
320
321,12
322,5
323,8
324,8
325,8
326,3
327,2
328,6
329,7
330,25
331
332
333,3
334,11
335,18
336,8
337,6
338,5
339,9
340,22
341
342,3
343,14
344,25
418
344,5
345,8
346,8
347,13
348,2
349,13
350,8
351,2
352,9
353,4
354,15
355,10
356,16
357,14
358,17
359,10
360,13
361,13
362,11
363
364,17
365,6
366,9
367,11
368,8
358
368,17
369,8
370,5
371,16
372,19
373,7
374,22
375,9
376,7
377
378
379,9
380,9
381,9
382,22
383,4
384,19
385,13
386,4
387,12
388,5
389,5
390,17
391
392,19
393,9
394,5
395,7
396
397,10
398,16
399,18
400,5
398
400
401
400,2
401,15
402,5
403,15
404,5
405,11
406,21
407,9
408,4
409,13
410,5
411,12
412,6
413,6
414,4
415,4
416,3
417,11
418,9
419,21
420,6
454
420,12
421,14
422,6
423
424,5
425
426,4
427,11
428,24
429,6
430,6
431,14
432,8
414
432,7
433,6
434,7
435
495
435,4
436,22
437,8
438,4
439,14
440
441,3
442
487
443,4
444,9
445
446,5
447,14
448,9
449,9
450,2
451
452,18
453,5
454,7
455,16
456,2
457
458,4
459,8
460,13
461,13
462,4
463,4
464,6
465,4
466
467,19
468,13
469,13
470,9
471,13
472,7
473,13
474,4
475,7
476,2
477,8
478,2
479
480,8
481,18
482,17
483
484,20
485,8
486,9
487,9
488,6
403
488,10
489,11
454
489,6
490,8
491,9
492,8
493,10
494,2
495,3
496,16
497,8
498
499
500,11
501,7
502,10
541
502,4
503
504,11
505,6
506,3
507,9
508
509,5
510
511,6
512,5
513,15
514,7
515,12
516,6
517,12
518,5
519,14
520,18
521,9
522
523,23
524,21
525,25
526,8
527,11
528,14
529,11
530,23
531,7
532,6
541
532,16
533,11
594
534,8
535,7
536,8
537,7
538,5
539,10
540,15
541,10
542,15
543,9
544
545,11
546,13
547,18
592
547,5
548
555
548,2
549,13
550
551,19
552
553,7
554,10
555,13
556,13
557,9
558,24
559,11
560,10
561,25
562,4
563,5
564,8
497
564,20
565,9
566,22
567,20
568,14
569,13
570
571,2
646
571,3
572,8
573,9
574,10
575,2
576
577,8
578,8
579,21
580,3
558
580,11
581,3
582,19
583,6
584,7
585,18
586
587,21
588,12
589
590,8
591,25
592,15
593,19
594,20
595,8
596
597,4
593
597,13
598,3
599,11
600,11
601
602,8
603
604
605,6
606,16
607,28
608,12
609,16
610,15
611
612,7
613
614,4
615,6
616,2
617,19
568
617,18
618,18
619,3
620,3
607
620,8
621,15
622,20
623,15
624,3
591
624,9
625,3
626,6
627,8
628,6
629,14
630,5
631,11
632,17
633,7
634,4
635,6
636,5
637
638,6
639,10
640,6
641,4
642
643,13
644,16
645,14
647,13
648,10
694
648,5
649,10
650,3
651,8
652,18
653,6
654,3
655,2
656,5
584
656,6
657,12
658
659,17
660,9
661,22
662,11
663,13
664,5
640
664,4
665,5
627
665,2
666,8
667,3
668
669,15
670,23
671,2
629
671,23
672,23
673,5
674,4
675
676,13
677,3
678
679,9
632
679
632
679,4
680,8
681,12
682,9
683,11
684,6
685
686,8
687,4
688,6
689,6
690,18
691
692,10
693,20
694,16
695,7
696
697
698
699,14
700,16
701,2
702,14
703,4
704
705,12
630
705,9
706,5
707,9
708,12
709,19
710,5
711,9
712,28
713,7
714,13
715,11
716,25
717,2
718
719,12
720,7
721,18
722,10
723,12
724,17
725,15
726,10
733
726,2
727
728,7
729,15
730,3
731,14
732,10
733,23
734,14
805
734,2
735,13
736,18
737,7
738,7
739,3
740,5
797
740,2
741,13
742,3
743,8
795
743,19
745,21
746
695
746,26
747,18
748,5
749,8
750,16
751
752,2
753,16
754,20
755
756,9
757,19
758,6
759,13
760,4
761
762,9
763,14
764
765,13
766,9
767,9
768
769,27
770,6
771,6
772,17
773,15
769
773,2
774,2
775
776,4
777,15
778
734
778,3
773
778,2
779,4
791
779,6
780,17
781,13
782,6
783
784,4
785,21
786,2
788
786,3
787
788,14
763
788,3
789,30
790,13
791,24
792,20
793,12
794
795,2
773
795,10
796,10
797,13
798
799,7
800,7
801,4
802,11
803
804,11
805,17
806
807,11
808,13
744
808,4
809,7
810,14
811,6
812
813,20
814,2
815,5
816,11
817,13
818,13
819,16
820,6
821,15
822,6
823,5
824,8
825,15
826,6
839
826,3
827
828,13
829,14
830,7
831,3
832
833
834
835,33
836,5
837,3
838
839,31
840,33
841,10
903
841
842,26
843,17
844,7
845,22
846,15
847,8
848,12
849,15
850,8
851,7
852,2
853
854,4
855,15
856,7
857
858,6
859,6
860,5
861,7
862,9
810
862,18
863,14
864,5
865
866,18
867
868,7
869,9
870,12
871,11
872,2
873,6
874,4
875
876,11
877,14
878,9
879
880,9
881,9
882,6
883,7
836
884
885,17
886,6
887,17
888,4
889,15
890,17
887
890,4
891,13
892,7
893
894,7
902
894,2
895,3
896
897,3
898,17
899,5
900,2
976
900,4
901,9
902,21
903,6
904
905,6
906,26
907,16
908,15
909,4
910,6
911,6
912,8
913,7
914,16
915
916,11
917,2
918,4
919
920,19
921,8
922
923,22
924,13
925,16
926,12
927,12
928,5
929,9
930,21
931,28
932
933,3
934,3
876
934,12
935,4
936
937,14
938,4
991
938,16
939,4
940,6
941
942,2
943,17
944
945,8
946,3
947,13
948,9
949,2
950,15
951,5
997
951,30
952,15
953,10
954,21
955,12
956,4
1008
956,5
957,6
1018
957,10
958,4
959,7
960,12
961,8
962,4
963,11
964,4
965,4
966,18
967,12
968,10
969,13
970,11
971,22
972,32
973
974,9
1021
974,14
975,11
976,7
977,3
978,16
979
980,9
981,4
982,2
983,3
984
985,13
986,14
987,21
988,17
989,7
990,2
991,8
992,7
993,7
994,7
995,12
996,20
997,23
998,28
999,3
1000
1001,8
1033
1001,3
1002
1003,9
1004
1005,7
1006
1007,10
1008,3
961
1008,13
1009,11
1010,15
1011,7
1012,9
1013,4
1047
1013,6
1014,15
1015
1016,3
1017,8
1018,5
1019,24
1020,3
985
1020,12
1021,8
1022,7
1023
1024,4
1025,8
1026
1027,10
1028,17
1029,8
1030,27
1031,2
995
1031,2
978
1031,4
1032,13
1033,8
1034,7
1035,11
1036,5
1037,11
1038,4
1039,20
1040
1041,13
1042
1043,18
1044,13
1045,5
1046,4
1047,4
1048,13
1049,5
1050
1051,16
1052,16
1053,10
1115
1053,10
1054,10
1055
1056,9
1057,2
1058,17
1059,4
1060,5
1061,3
1043
1061
1062,11
1063
1064,4
1065,30
1066,4
1067
1068,2
1069,6
1070,11
1071,8
1072,20
1073,11
1074
1075,18
1094
1075,4
1076,14
1077,21
1078,17
1079,20
1080,10
1081,5
1082,9
1083,10
1084,10
1085,7
1068
1085,2
1086,7
1087,9
1088,13
1089,15
1090,3
1091,8
1092,3
1093,14
1094,21
1095,3
1096,5
1097,8
1098,10
1099
1100,13
1101,9
1102,9
1103,12
1137
1103,2
1104,4
1105,8
1106,15
1107,15
1108,9
1109,12
1110,8
1111,9
1112,9
1043
1113,13
1114
1115,13
1116,2
1117,9
1118,2
1119,3
1120,18
1121,8
1122,8
1123,5
1124,19
1196
1125,28
1126,4
1127,26
1128,10
1129,6
1130,12
1135
1130
1131
1124
1131,9
1132,8
1133,7
1134,5
1135,24
1136,13
1137,24
1138
1139,16
1140
1141,4
1071
1141,12
1142,14
1143,2
1232
1143,13
1144,8
1145,5
1146,3
1147,6
1148,11
1149,4
1150,11
1151,8
1152,6
1153,3
1154
1155,5
1156,6
1144
1156
1157,9
1158,13
1159,13
1160,10
1161,21
1162
1195
1162,21
1163,10
1164
1165,8
1166,9
1167,5
1168,2
1210
1168,10
1169,8
1170,17
1171,15
1090
1171,3
1219
1172
1173,5
1174,10
1175,21
1176,9
1177,8
1178,4
1179
1180
1181,2
1182,43
1183,13
1184,12
1185,12
1186,3
1254
1186,3
1132
1186,5
1187
1162
1187,10
1239
1187,12
1188
1189,13
1190,17
1191,6
1192,3
1193,18
1194,15
1195,10
1196,10
1197,17
1198,13
1199,3
1200,6
1201,6
1202,10
1203,15
1204,14
1205
1206
1207,16
1208,10
1209,9
1255
1209
1210,7
1190
1210,2
1211,5
1153
1211,5
1212,8
1213,10
1214,13
1215
1216,17
1217,5
1218
1219,5
1220,6
1221,4
1222,5
1223,7
1224,5
1225
1226,3
1227,7
1228,10
1229
1207
1229,3
1230,2
1231,8
1232,9
1233,15
1246
1233,18
1234,25
1235
1236,19
1237,8
1238,4
1239,5
1277
1239,6
1240,8
1241
1242,11
1243
1244,7
1245,5
1301
1245,4
1246,8
1247,9
1248
1249,5
1250
1251,11
1280
1251
1252,17
1253,13
1254,17
1255,11
1256,14
1257,24
1258,14
1259,8
1260,12
1203
1260,3
1261,7
1262,2
1263,5
1264,16
1265,16
1266,19
1267
1268,16
1269,14
1270,9
1271,6
1272,8
1273
1274,27
1275,30
1276,8
1277,10
1278,13
1279
1280,8
1281
1282,12
1283,7
1284,6
1285,5
1286,3
1287,9
1288,9
1289,8
1290,16
1291
1292,8
1293,6
1294,5
1295,14
1296,14
1297,11
1298,10
1299
1300,12
1301,17
1312
1301,11
1302,6
1303,3
1304,8
1305
1306,18
1307,9
1308
1309
1310
1374
1310,5
1311,10
1312,3
1353
1312,7
1313,13
1314,15
1315,6
1316,8
1317,24
1318,8
1319,3
1320,9
1321
1322,22
1323,19
1324,7
1325,13
1326,18
1327,20
1328,16
1329,10
1330,9
1331,17
1332,21
1333,3
1334,6
1335,4
1336,4
1337,2
1405
1337,9
1338,3
1344
1338,13
1339,6
1296
1339,16
1340,16
1341
1311
1341
1342
1343
1344
1345,8
1346
1347,8
1348,15
1349,2
1295
1349,7
1350,9
1351,8
1352,14
1353,20
1354,14
1355,12
1356,7
1357,8
1358,2
1359,15
1360,27
1361,8
1362
1363,8
1364,10
1365,13
1366,5
1367,27
1368,3
1369,18
1370
1371,20
1372,6
1373,13
1374,22
1375,10
1376,25
1377,12
1378
1379,22
1328
1379,7
1380,11
1381,18
1382,12
1383,15
1384,16
1385,2
1386,15
1387,8
1388,5
1389,9
1390,2
1391,10
1392
1393
1394,12
1395,12
1396,12
1397,20
1398,13
1399,8
1400,27
1360
1400,3
1401,6
1402,10
1403,7
1404,5
1405,17
1406,13
1407,17
1408,15
1397
1409,4
1410,8
1411,11
1412
1455
1412
1413,13
1414,18
1415,11
1416,11
1417,12
1418
1419,6
1420,9
1421
1422
1423,10
1446
1423,5
1424,8
1425,13
1426,24
1415
1426,15
1427,17
1428,32
1429,3
1430,18
1431,8
1396
1431,5
1432,10
1433,9
1424
1433,6
1434,24
1435
1436,7
1437,11
1438,7
1439,6
1465
1439
1440,31
1441,3
1442,25
1443,9
1444,2
1396
1444,14
1445,6
1446,10
1457
1446,18
1447,8
1448,19
1449,9
1450,11
1451,8
1452,14
1453
1454,8
1455,20
1396
1455,8
1456,9
1457,4
1458,18
1459,2
1460,23
1461,10
1462,18
1463,11
1464,19
1465,9
1476
1465,3
1466,9
1467
1468,4
1469
1470
1471,35
1472
1473,11
1474,16
1475
1476
1477,24
1478
1479,6
1414
1480
1481,17
1482,17
1483
1484,12
1485,14
1486
1487,18
1488,22
1489,18
1490,4
1491
1492,10
1493,21
1494,3
1495,26
1496,18
1497,9
1498,7
1499,3
1500,12
1501
1502,4
1503,22
1504,20
1505,13
1506,13
1507,2
1508
1509,12
1510,17
1511,3
1512,5
1513,5
1514,9
1569
1514
1599
1514
1515,4
1516,4
1517,12
1518,8
1519,6
1520
1521,5
1522,8
1523,16
1540
1523,10
1524,5
1525
1526,12
1527,4
1528,4
1529,9
1530,25
1531,10
1532,8
1533,16
1534,9
1535,9
1488
1535,11
1536,6
1540
1536,15
1537,6
1538,3
1539,8
1540,4
1495
1540,23
1541,4
1542,2
1543,12
1544,17
1545,6
1546,5
1547,16
1548,9
1549,8
1550,14
1551,2
1615
1551,3
1552,6
1517
1552,6
1553,9
1554,4
1555
1556
1557,2
1558
1559,6
1560,16
1561,3
1529
1561,5
1562,7
1563,6
1564,3
1565,13
1566,13
1567,9
1568,16
1569,2
1570,5
1571,8
1510
1571
1572,24
1573,9
1574,12
1575,3
1496
1575,3
1576,8
1577,8
1578,6
1579,8
1580,24
1581,28
1582,7
1583,15
1584
1585
1586,17
1587,3
1588
1589,4
1590,11
1591,32
1592
1593,4
1594,5
1595
1596
1597,9
1598,8
1599,12
1600,9
1601
1602
1603
1604,7
1605
1606,7
1607,7
1608,18
1609,6
1611,16
1612,13
1613,9
1614,8
1615,14
1616,11
1617,5
1638
1617,4
1618
1619
1689
1619,8
1620,7
1610
1591
1620,3
1621,16
1622
1623,13
1624,2
1678
1624,9
1625,9
1626,7
1627
1628,13
1629,4
1630,22
1631,11
1639
1632,6
1633,9
1634,26
1687
1634,4
1635,13
1636,12
1637,3
1638,26
1639,14
1640,11
1641,5
1642,11
1643,20
1644,15
1645,2
1568
1645,21
1646,8
1647
1648,18
1649,7
1650,35
1651,9
1608
1651,2
1652,13
1653,3
1654,2
1655,20
1656,13
1657,13
1658,2
1659,9
1660,17
1661,4
1662,23
1663
1664,9
1665,2
1666,6
1667,5
1659
1667,13
1668,4
1669,7
1670,4
1671,3
1672,11
1673,5
1674,3
1675,5
1676,10
1677,6
1678,6
1679,3
1680,22
1681,9
1682,19
1683,11
1684,15
1685,3
1686,3
1687,16
1688
1689,7
1690,2
1662
1690,4
1691,4
1732
1691,5
1692,19
1693,21
1694,12
1695,3
1696,31
1697,14
1698
1699,3
1728
1699,10
1700,5
1701,30
1702
1703,4
1704,9
1705,10
1706,7
1707,6
1739
1707,5
1708,7
1709,4
1710,14
1711,14
1721
1712,12
1713,2
1714,6
1715,12
1716
1717
1718,9
1719,15
1720,10
1721,24
1722,3
1723,6
1724,9
1725,19
1726,8
1727,8
1728,6
1729,8
1730,8
1731
1732,11
1733,6
1734,6
1682
1734,20
1735,5
1736,21
1737,6
1738,16
1739,6
1740,7
1741
1742,13
1743,11
1744,9
1745,7
1746
1747,22
1748
1749,13
1750,2
1751,10
1752,3
1753,8
1754
1755,20
1756,8
1757,8
1758
1759
1760,15
1761,14
1762,26
1763
1764,11
1765,5
1784
1765,10
1766,11
1767,10
1768
1769,7
1770,13
1771,7
1772,11
1773,7
1795
1773,3
1774,8
1775,2
1771
1775,12
1776,23
1777,2
1778,11
1779
1780,27
1781,7
1782,14
1783
1784,3
1785
1786,11
1787,3
1788,8
1789
1790,22
1791,4
1792,7
1705
1792,2
1793,3
1794,19
1795,9
1796,15
1797,16
1798,9
1799,2
1881
1800,25
1801,18
1802,23
1803,7
1804
1805,9
1806
1807,22
1808,10
1809,2
1810,8
1811,2
1812
1813,12
1814,12
1815,16
1816,4
1817,12
1818
1819,9
1820,2
1821,9
1822,8
1823
1824,9
1825,22
1826,20
1827,8
1775
1827,4
1828,6
1829
1830
1831
1832
1833,8
1834,10
1835,18
1836,3
1837,10
1838,11
1839,7
1840,10
1841
1842,2
1843,5
1844,17
1845
1846,5
1847,8
1848,10
1849
1850,3
1851,15
1852,7
1853,9
1854,15
1855,2
1856,10
1857,8
1858,4
1859,13
1860,5
1861,9
1862,3
1916
1862,18
1863,6
1864,7
1865,4
1866
1867
1868,13
1869,13
1870,11
1871
1935
1871,6
1872,5
1873,4
1874,27
1875,2
1798
1876,9
1862
1876,8
1819
1876,14
1877,5
1878,24
1879,6
1880,30
1881,2
1891
1881
1882,6
1883,14
1884,7
1885,10
1886,22
1918
1886
1839
1886
1887,17
1888,4
1889,4
1890,12
1891,5
1892,3
1893,5
1894
1895,9
1896,9
1897
1898,21
1899
1900
1901,2
1902,2
1864
1902,7
1903,10
1904,15
1905,12
1906,5
1907,10
1908,13
1909,3
1910,11
1911
1912,17
1913,6
1914
1915,13
1916,19
1917,11
1918
1936
1918,26
1995
1918,4
1919,13
1920
1921,10
1922,22
1923,2
1924,9
1925,7
1926,16
1927,16
1928,13
1929,18
1930,18
1931,8
1932,12
1933,16
1934,8
1964
1935,14
1936,36
1937,8
1938,5
1939,4
1940,10
1941
1942,4
1943,4
1932
1943,5
1925
1943,18
1944,5
1945,5
1946
1947,7
1948,10
1949,12
1950,6
1951,13
1916
1951,3
1952,7
1953,9
1954,6
1955,8
1956,7
1957,17
1958,15
1959,4
1960,21
1961,8
1962,2
1963,6
1964,12
1965,10
1966,17
1967,8
1968,5
2003
1968,12
1969,4
1970
1971,11
1972,11
1973,4
1974,7
1975
1976,4
2035
1976,4
1977,3
1978,13
1979,6
1980,11
1981,2
1982,10
1983,4
1984,5
1985,22
1986,5
1987,17
1988,16
1989,14
1990,10
1991,6
1992,13
1993
1994
1995,17
1996,7
1997,21
1998,10
1999,2
2000,13
2001,6
2002,23
1980
2002,3
2004,4
2005
2006,2
2007,8
2008,10
2009,10
2010,2
2011,6
2012,17
2013,6
2014,12
2015
2063
2015,8
2016,4
1939
2016,22
2017,6
2018,4
2019,21
2020,3
2021,14
2022
2023,4
1955
2023
2063
2023,3
2024,14
2025,3
2026,6
1956
2026,3
2027,14
2028,13
2029,5
2030,19
2031
2032,14
2033,17
2034,16
2035,13
2036,3
2037,23
2038,12
2039,8
2040,7
2078
2040,4
2041,12
2042,5
1987
2042,8
2097
2042,6
2043,10
2044,3
2045,8
2046,4
2047
2048,14
2049,13
2050,2
2051,12
2052,5
2053,24
2054,21
2055,18
2056,4
2057
2058
2059
2060,2
2013
2060
2039
2060,11
2061,10
2062,21
2063,5
2064,12
2065,11
2066,30
2067
2068,3
2069,14
2070
2071,18
2072,2
2073,6
2074,16
2075,9
2076,16
2077,6
2078,21
2079,2
2080,9
2081,2
2073
2082,6
2083,9
2084,12
2085,8
2086
2087,13
2088,15
2089,13
2026
2089
2090,9
2091,14
2092,12
2093
2094,32
2095,12
2096,4
2097,9
2098,14
2076
2041
2098,2
2099,8
2100,19
2101,13
2102,6
2180
2102,2
2103,12
2104,15
2105,21
2106,14
2107,9
2098
2107,8
2108,12
2098
2108,5
2109,15
2110,2
2111,20
2112
2113
2114
2115
2116,9
2117,12
2118
2119,8
2120
2121,9
2122,15
2123,9
2124,2
2125
2126,8
2127
2128,12
2129,23
2130,9
2131,12
2132,15
2133,7
2134,14
2109
2134,5
2135,2
2136,3
2137,12
2138,16
2139,13
2140,9
2141
2142,4
2143,8
2144,28
2145,5
2201
2146,15
2147
2148,27
2149,8
2150,18
2151,13
2182
2151,6
2152,7
2153,6
2154,18
2155,13
2156,5
2157,6
2158,3
2159,9
2160,21
2161
2162,8
2154
2162,13
2163,18
2164,5
2165,3
2166,11
2167,2
2168,6
2169,6
2122
2169,7
2109
2169
2170,22
2171,13
2172
2173,6
2174,12
2175
2176,10
2177,8
2178,5
2179
2180,25
2181,4
2182,12
2183
2184
2185,2
2186,3
2187,15
2188,4
2189,25
2190,8
2174
2190,8
2191,11
2192,15
2193,9
2194,15
2195,3
2196,6
2197,8
2198,13
2199,4
2123
2199,7
2200,3
2201,16
2202,2
2203,17
2204,11
2205,10
2206,5
2207,8
2208,5
2209
2210,16
2211,6
2212,16
2213,9
2214
2201
2214,20
2215,12
2216,6
2166
2216,3
2217,5
2218,9
2219,2
2165
2219,6
2220
2221,8
2222,15
2223,11
2224,22
2225,8
2226,9
2227,7
2228,4
2229,3
2230,4
2231,8
2232,21
2233,24
2234,4
2221
2234,20
2235,9
2236,8
2237,4
2160
2237,3
2238,12
2285
2238,2
2239,13
2240,9
2241
2242,9
2243,22
2244,14
2245,14
2246,11
2247,25
2248,23
2249,12
2250,3
2251,14
2252,10
2253,20
2254,16
2255,8
2192
2255,4
2256,10
2257,5
2258,22
2259,15
2260,18
2261,5
2262,8
2263,10
2264,2
2265,3
2266
2267
2268,16
2269,9
2270
2271,22
2272,17
2273,12
2274,17
2275,11
2302
2275,9
2276,21
2277,12
2278
2279
2280,5
2329
2280,6
2281
2282,25
2283,2
2269
2283,3
2260
2283,3
2284
2285,16
2286,5
2287
2288,3
2330
2288,4
2289,7
2290,21
2291
2292
2293,12
2294,3
2295,2
2268
2295
2296,29
2297,18
2298
2299,11
2300,12
2301
2302,9
2303,7
2374
2303,2
2304,8
2305,13
2306,5
2307,18
2308,18
2309,9
2310,9
2311,6
2297
2311,12
2307
2311,2
2312,15
2313
2314,9
2315,17
2316,6
2317,20
2318,6
2319,6
2320
2371
2320,15
2321,16
2322,25
2323
2324,25
2325,5
2326
2327,11
2328,3
2329,16
2263
2330,22
2331,13
2332,12
2333,20
2334,19
2335,9
2336,11
2337,16
2338,16
2339,6
2340,10
2341,3
2342
2343,2
2344
2345,19
2346,8
2347,3
2348,21
2349,11
2350
2351,7
2352,7
2353,19
2354,10
2355,19
2356,6
2357,12
2358,16
2359,12
2360,4
2361,4
2362,7
2363,10
2391
2363,2
2364,27
2365
2366
2367
2368,5
2405
2368,7
2369,11
2370,10
2371,6
2372,12
2373,6
2374,13
2375,15
2376,16
2377,10
2378,10
2379,13
2380,14
2381,13
2382
2383,12
2384,21
2385,13
2386
2387,23
2388,12
2389,7
2390,23
2391,25
2392,12
2393,16
2394
2395,24
2396
2397,23
2398,22
2399,6
2400,18
2401,12
2402,12
2403,6
2404,15
2405,4
2406,5
2407,8
2408,12
2409,8
2410,5
2411,13
2412,4
2413
2463
2413,5
2414
2415,3
2416,7
2417,14
2418,15
2419,4
2420,9
2421,8
2422,12
2423,27
2424,20
2425,7
2426,7
2427
2428,26
2429,4
2430,13
2431,18
2432,6
2433,12
2434,17
2435
2436,8
2437,6
2438,5
2439,9
2440,7
2441,8
2442,22
2443,14
2444,3
2445
2446,7
2447,17
2448,20
2449,6
2450,10
2451,3
2452,2
2402
2452,8
2453,13
2454,2
2455,23
2456,11
2457,10
2458,8
2459,4
2460,7
2461,6
2462,19
2463,11
2464,5
2465,9
2466
2467,3
2400
2467,4
2468,12
2469,3
2470,24
2471,24
2472,4
2473,28
2474,16
2475,21
2476,27
2477,8
2478,11
2479,6
2506
2479,5
2480,8
2481
2482,15
2483,24
2484,10
2485,19
2486,21
2487,9
2488,10
2489,6
2490,7
2491
2492,5
2493
2494,10
2504
2494,10
2495,9
2496,3
2497,7
2566
2497
2498,16
2540
2498,12
2499,12
2457
2499,4
2500
2501,16
2502,2
2503,25
2504,21
2505,29
2506,5
2507,2
2487
2507,18
2508,12
2509,18
2510,22
2511,11
2512,7
2513,8
2514,7
2515,6
2516,12
2517
2450
2517,5
2518,5
2550
2518,14
2519,21
2520,2
2521,2
2522,8
2523
2524,30
2525,11
2526
2527,19
2545
2527,4
2550
2527
2528,11
2529,5
2530,18
2531,8
2532,2
2533,6
2494
2533,8
2534,17
2535
2536,2
2537,17
2538,5
2539,4
2540,12
2541
2542,18
2543,14
2544,11
2545,21
2546,16
2547,6
2487
2548,3
2556
2548,15
2549,17
2550,10
2551,11
2552,9
2623
2552,8
2553,11
2554
2555,10
2528
2556,18
2618
2556,3
2557,15
2558,12
2528
2558,24
2559,5
2560
2561,3
2562,13
2563
2564,12
2565,4
2566,12
2567,16
2568,19
2569,21
2570,14
2571,5
2572
2573,2
2574,16
2575,3
2576
2654
2576,20
2577,7
2578,16
2579,3
2580,8
2581,3
2582,13
2583,11
2584,15
2585,10
2586,2
2587,4
2588,13
2589,14
2590,13
2591
2592,30
2593,6
2594
2595,17
2596,5
2597
2598,9
2599,7
2635
2599,5
2600,18
2668
2600
2601,10
2602,16
2603,11
2604
2605,7
2606
2607,7
2608,3
2609,6
2610,6
2611,4
2612,15
2613,9
2614,26
2615,8
2616,12
2617,20
2618,17
2619,13
2620
2621
2622,21
2623,4
2624,3
2625,9
2626
2627,4
2628,13
2629,5
2630,9
2631,4
2632,14
2633,3
2662
2633,14
2634,8
2635,6
2636,8
2637,5
2685
2637,8
2638
2639,13
2640,14
2641,13
2642,24
2643,5
2581
2643,6
2644,9
2645,9
2646,6
2647,24
2648,10
2649,13
2650
2651,12
2652,21
2653,13
2643
2653,3
2619
2653,5
2659
2654,4
2703
2654,16
2655,4
2656,10
2657,4
2658,6
2659,2
2660,5
2661,6
2662,11
2663,2
2664,7
2665,11
2727
2666,10
2732
2666,14
2667,5
2668,10
2669,14
2670,17
2671,9
2672,9
2673,14
2674,11
2675,8
2676,9
2677
2678,13
2679,23
2680,18
2681,2
2682,18
2683,9
2684,9
2685,19
2686,9
2687,11
2688,12
2689,12
2690
2691,22
2692
2618
2692,8
2693
2694,13
2695,8
2696,13
2697,14
2698,11
2699,7
2700,14
2701,4
2702,16
2703,12
2704,9
2705,3
2706,2
2649
2706,10
2707,5
2708,24
2709,4
2710,6
2711,8
2712
2713,30
2714,5
2715,8
2716,12
2717
2718,20
2719,11
2720,10
2721,8
2722,9
2723,11
2724
2725,6
2726,10
2727,4
2728,6
2729,7
2730,17
2731,4
2653
2731
2732,17
2733,7
2734,2
2735
2736,4
2737,11
2738,13
2739,3
2740,6
2804
2740
2687
2741,5
2742
2743,3
2744
2745,7
2746,7
2747,11
2748,26
2749
2750,7
2751,13
2752,24
2753,8
2754,5
2755
2756,20
2757
2758,8
2759,26
2760,6
2761,5
2762
2763,12
2764,19
2765,6
2766,9
2767,3
2768,8
2769,17
2770,5
2771
2772,4
2770
2772,5
2773,9
2774
2816
2774,22
2775,8
2776,7
2777
2778,8
2779,7
2780,27
2781,13
2782,18
2783,21
2784,15
2785,16
2786,26
2787,12
2788,2
2789
2790,5
2791,17
2792,8
2793,15
2794,6
2795,8
2796,17
2797,8
2798
2799,3
2800,18
2801,11
2802,13
2803,7
2804,4
2805,14
2806,12
2807,4
2808
2809
2810,13
2811,5
2812,3
2813,16
2814,16
2815,10
2816,14
2817,4
2818,2
2825
2818,10
2819,24
2820,19
2821,12
2822,4
2823,12
2824,25
2825,12
2826,3
2827,20
2828,6
2829,2
2830,5
2831,11
2832,6
2833,4
2834,5
2791
2834,9
2835,25
2836
2837,7
2838,22
2839,18
2840,14
2841,15
2842,5
2843
2844,17
2845,9
2846,20
2847,5
2848,17
2849,5
2850,7
2841
2851
2852,7
2835
2852,13
2853,3
2854
2855,5
2856
2857,6
2858,12
2859,14
2860,10
2861,18
2862
2896
2862,16
2863
2864,5
2865,3
2866,7
2867,22
2868,5
2887
2868,8
2869,8
2870,21
2871
2872,10
2873,10
2874,2
2824
2875,17
2876,9
2877,11
2878,25
2879,18
2898
2880,16
2881
2882,11
2883,8
2884,6
2885
2886,20
2887,8
2888
2889,7
2890,22
2891,4
2892,2
2893
2894,2
2860
2894,7
2895,19
2896,25
2902
2896
2897,2
2898,7
2949
2898,14
2899,16
2900,9
2859
2900,5
2901,2
2902,21
2903,2
2904,5
2905,4
2906,2
2907,20
2908,10
2909,4
2910,3
2911,4
2896
2911,8
2912,4
2913,12
2914,5
2915,17
2916,33
2917,27
2918,14
2919,32
2920,10
2921,10
2922,5
2923,12
2924,12
2925,5
2926,5
2993
2926,3
2927,21
2948
2927,3
2928
2929,18
2930,19
2931,2
2932
2933,6
2941
2933,3
2934,17
2935,7
2936,4
2937,2
2938,12
2939,3
2940,6
2954
2940,2
2941,14
2942
2943,10
2944,15
2945,11
2946,15
2902
2946,5
2947,16
2948
2949,7
2950,16
2951,12
2952,10
2953,16
2954,7
2955,23
2956,9
2957,15
2958,4
2959,13
2960,15
2961,8
2962,9
2946
2962,24
2963,8
2964,15
2965,10
2966,16
2967,7
2968,19
2969,12
2970,21
2971
2972,18
2973,15
2940
2973
2974,9
2975,2
2976,7
2977,15
2978,9
2979,4
2980,14
2981,4
2982,5
2983,3
2973
2983,21
2984,6
2985,6
2986,12
2987,2
2988,12
2989,5
2990,6
2991,15
2992,9
2993,3
2994,10
2995
2996,9
2997,16
2998
2999,3
3000,13
3071
3000,4
3001
3002,24
3003,7
3004,3
3005,6
3006,5
3007,17
3008
3009,11
3010,2
3011,3
3069
3011,11
3012,23
3013,10
3014
3015,7
3016,14
3017,10
3018,18
3019
3020,9
2964
3020,11
3021,18
3022,15
3023,13
3024,15
3025,6
2988
3025,3
3088
3025,4
3026,7
3016
3026
3027,7
3028,9
3029,14
3030,31
3031,5
3032,19
3071
3032,4
3033,14
3034
3035,14
3036
3037,9
3038,19
3039,9
3040
3041,12
3042,5
3043,2
3044,5
3045,16
3046,6
3061
3046,19
3047
3048,6
3049,4
3050,8
3051,8
3052,6
3003
3052,11
3053,6
3002
3053
3054,21
3055,21
3056,5
3057,11
3058,24
3059,8
3067
3059,6
3060,10
3061,16
3062,5
3063
3142
3063,2
3064,8
3065,11
3066,4
3067,16
3068
3069
3070,3
3071,21
3072,18
3073,17
3074
3075,9
3076,5
3077,2
3078
3079,9
3017
3079,13
3080
3081,13
3082,9
3083,4
3093
3083,6
3084,3
3085,3
3086,7
3087,4
3137
3087,16
3088,5
3089,11
3090,22
3091,10
3092,18
3093,17
3094,10
3095,7
3096,3
3097,6
3098,4
3099,9
3100,9
3101,8
3102,9
3103,17
3104,2
3105,5
3106,9
3107,19
3108,4
3109,16
3110
3111,5
3112
3113,7
3114
3115,5
3116,9
3117,19
3118,23
3072
3118,10
3119,12
3120
3121,12
3122,2
3123
3124,4
3125
3126,7
3127,14
3128,19
3129,3
3187
3129,6
3130,17
3131,3
3132
3133,8
3134,12
3135,19
3136,14
3137,21
3138,8
3139,15
3140,9
3141,2
3142,6
3143,10
3144,10
3145,9
3146,9
3147,17
3148
3149,3
3150,18
3151
3152,14
3153,14
3154,3
3155
3156,14
3157,14
3158,8
3159,17
3160,3
3161
3228
3161,13
3162,3
3163,9
3164,18
3165
3166,20
3167,11
3168
3169,17
3184
3169,3
3170,6
3171,10
3172,22
3173,9
3174,8
3175,12
3176,5
3177,10
3135
3177,3
3178,14
3179,5
3180,6
3181,11
3182,23
3183
3184,3
3185,5
3186,29
3187,19
3188,6
3189
3115
3189,18
3190,14
3191,11
3192,2
3124
3192,6
3193,9
3197
3194,12
3195,3
3272
3195,9
3196,8
3197,15
3254
3197
3198
3128
3198,8
3199,10
3200,16
3201,18
3202,17
3203
3204,13
3205,22
3206,6
3207,12
3208,11
3209,6
3210,7
3211,18
3212,5
3178
3212,13
3213
3214,9
3293
3215,7
3216,8
3217,7
3218,3
3219,11
3220,9
3285
3220,5
3221,18
3222,5
3223,7
3224,12
3225,2
3226,10
3227,11
3228,23
3229
3230,16
3231
3232,13
3233,11
3234
3235,4
3236
3237,18
3238,18
3239,8
3240,10
3241,5
3217
3241,3
3242,23
3243
3244,4
3245,7
3246,6
3247,9
3248,13
3249,3
3250,15
3251,3
3252,17
3253,6
3254,6
3208
3254,11
3255,17
3228
3255,6
3256,10
3257,9
3258,3
3259,15
3260,4
3261,5
3262,20
3263,17
3208
3263,5
3264,21
3265,7
3266,8
3267,7
3268,21
3275
3268
3269,9
3270
3267
3270,3
3271,6
3272,18
3273,7
3274,17
3276,8
3277,9
3278,15
3279,7
3280,22
3281
3291
3281,5
3282
3283,9
3246
3283,4
3284
3285,9
3286,14
3328
3286
3287,11
3288,11
3289
3290,9
3291,23
3292,3
3293,15
3294,11
3226
3295,22
3296,28
3297,7
3298,11
3299,17
3300,8
3301,16
3302,15
3303,8
3304,9
3305,19
3306,6
3307,8
3308
3309,5
3310,13
3311,22
3312,4
3313,4
3328
3313,8
3314,13
3315,2
3316,7
3317,5
3318,8
3319,17
3320,9
3266
3320,2
3321
3322
3323,5
3325
3323,6
3324,13
3325,17
3326,11
3327,10
3328,12
3329
3330,4
3331,10
3354
3331,4
3332,4
3333,11
3334,2
3350
3335
3336,9
3337,9
3338,9
3339,13
3340,9
3341,7
3342,8
3343
3344,11
3345,6
3346,7
3347,8
3348,18
3349
3350,15
3351,15
3352,9
3353,7
3369
3354,22
3355,13
3356
3357,9
3358,20
3359,9
3360,12
3361,5
3362,19
3363,5
3364
3365,6
3366
3367,12
3368,9
3369,15
3370,19
3371,7
3372,15
3373,28
3374,14
3375,7
3376,33
3377,7
3378,9
3379,9
3380,8
3381,19
3382
3383
3384,9
3385
3386,4
3387,8
3388,8
3389,10
3390,14
3391,9
3392,8
3393,20
3394,10
3395,10
3396
3397,9
3398,24
3399
3400,6
3377
3400,2
3401
3402,16
3403,9
3404,9
3405,21
3431
3405,5
3406,6
3407
3408
3409
3410,4
3411,14
3412
3413,10
3414,4
3348
3414,21
3415,9
3416,14
3417,17
3418,25
3419,24
3420,15
3421
3422,10
3423,2
3424,4
3425,30
3426,12
3427,20
3428,9
3429,12
3430,5
3460
3430,19
3431,5
3432,17
3433
3434,9
3435,9
3436,2
3437
3438,8
3439,6
3440,7
3441,6
3442,11
3443,4
3517
3443,10
3444,6
3445,14
3446,8
3519
3446,2
3447,11
3448,6
3449
3450,14
3451
3452
3453,8
3454
3465
3454,5
3455,5
3456,7
3457,26
3458,4
3459,4
3460,8
3461,9
3462,9
3463,8
3464,3
3465,18
3466,12
3434
3466,5
3467,4
3468,15
3469,12
3470,5
3471,7
3472,7
3473,12
3474,8
3475,15
3476,10
3477,16
3478,12
3479,11
3480,2
3481,14
3482,14
3483,5
3484,18
3485,13
3486,6
3487
3488,5
3489,9
3490,10
3491,5
3492,8
3493
3494
3508
3495,2
3496,5
3497,16
3498,3
3499,3
3500
3501,2
3502,16
3503,11
3504
3505,16
3506,22
3507,7
3508,9
3509,7
3510
3511
3427
3511,5
3512
3513,26
3514,17
3515
3516,8
3517,8
3450
3517,4
3518,18
3519,22
3520,9
3521,2
3522
3523,16
3524,4
3525,4
3526,15
3527,13
3528,9
3529,8
3530
3531,23
3532,16
3533,9
3534,20
3535,10
3536,8
3600
3479
3536,5
3537
3538,8
3539,18
3540,15
3541,7
3542,18
3543,3
3544,16
3545
3546,5
3547,8
3548,6
3549,6
3550,9
3551,7
3552,11
3553
3554,4
3555
3619
3556
3557,18
3558
3559
3560,12
3561,3
3562,12
3620
3562,2
3563,3
3604
3563,4
3564
3565,3
3618
3565,15
3566,5
3567
3568
3569,22
3570,18
3571,12
3572,12
3573,35
3574
3575,7
3576,9
3577,7
3578,9
3579,11
3580,11
3581,5
3582
3583
3584,9
3572
3584,6
3585,14
3586,10
3587,4
3588,5
3589,9
3642
3589
3590,2
3591,23
3592,24
3593,9
3608
3593,4
3594,24
3595,11
3667
3595,5
3596,16
3597,10
3598,12
3599,8
3603
3599
3600,2
3519
3600,8
3601,3
3602,8
3603,6
3604,18
3605
3606,15
3607,15
3608,14
3609,8
3610
3611,11
3612,13
3613,18
3614,13
3536
3614,3
3615
3616,10
3690
3616,3
3617,5
3618,19
3619,17
3620,3
3621,10
3622,9
3623
3624,2
3625,10
3626,2
3627,15
3628,29
3629,5
3630
3629,7
3630,11
3631,14
3632,9
3633,15
3634,7
3635,4
3636,19
3637,15
3638,12
3639
3640,24
3641,14
3601
3642,2
3676
3642,10
3643,17
3644,2
3604
3644,8
3645,19
3646,7
3647
3648,9
3649,4
3650,9
3651,2
3652,4
3653,4
3654,33
3655,9
3656,23
3657,17
3658
3659,9
3660,21
3661,5
3662,11
3663
3664
3665,4
3666
3667,6
3618
3667,6
3668,9
3669,6
3670
3671,8
3672,8
3673,3
3674,19
3675,5
3676,13
3677,15
3678,9
3679
3680,19
3681,7
3682,2
3683,2
3674
3683,5
3684,8
3685,3
3734
3685
3686,4
3754
3686,15
3687,9
3688,13
3638
3688
3689,14
3690,11
3691,12
3692,3
3703
3692,5
3693,4
3694
3695,4
3696,9
3697
3698,4
3699,3
3700,8
3701,6
3702,6
3703,12
3704,9
3705,4
3706,18
3707,10
3708,10
3709,5
3710
3711,18
3712,8
3713,16
3714,2
3715
3716,10
3717
3718,6
3719,6
3729
3719,16
3720,6
3721,20
3722,10
3723,11
3724,5
3725,2
3638
3725,17
3726,5
3772
3726,2
3727,2
3728,6
3729
3730
3731,17
3732,4
3733,19
3734,28
3735,5
3736,20
3737,9
3738,9
3739,18
3740,6
3741,11
3742,20
3743
3744,22
3745,3
3746,11
3747,9
3748,12
3816
3748,2
3749,2
3750,18
3751,6
3752,19
3753
3754,22
3824
3755,16
3756,8
3757,7
3758,3
3759,5
3726
3759,8
3760,29
3761,12
3762,11
3763,9
3764,11
3765,9
3766,14
3767,6
3768,4
3769,4
3770
3771,7
3772,19
3856
3772,3
3795
3772,2
3773,7
3858
3773,12
3774,6
3775,24
3776,8
3777,7
3778,14
3779,2
3780,4
3781,14
3819
3781,5
3782
3783,9
3784
3852
3784,9
3785,8
3786
3787,6
3788,16
3789,12
3790,6
3791,6
3792
3793,21
3794,5
3795,17
3796,9
3797,4
3798,5
3799,9
3800
3801,13
3802,2
3803,3
3804,8
3805,7
3806,13
3807,8
3808
3809,21
3810,17
3811
3812,2
3813,7
3788
3813,4
3814,7
3851
3814,2
3815
3816,15
3817,10
3818,19
3819,10
3820,8
3821,14
3822,4
3823,6
3824,19
3825,12
3826,7
3827,3
3828,2
3829,6
3830
3831,11
3832,13
3833,7
3834,8
3835,16
3836
3866
3836,16
3837,17
3838,9
3839
3840,4
3841
3842,14
3843,15
3844,7
3845,4
3819
3845,13
3846,4
3847
3848,2
3849,16
3850
3851,17
3852,12
3853,11
3854,7
3862
3854,9
3855,16
3856,19
3857,14
3858,13
3859,4
3860
3861,6
3862,14
3863,9
3864,3
3865,19
3866,37
3865
3866,6
3867
3868,8
3869,3
3926
3869,12
3870,12
3871,16
3872
3873,5
3874,4
3875,25
3888
3875,3
3876,9
3877,9
3878,16
3879,20
3880,8
3881,9
3882
3883,5
3884,15
3885,22
3886,20
3887,3
3888,17
3889,9
3890,10
3891,23
3892,19
3900
3892,2
3893,12
3894,7
3895,10
3896,3
3897,20
3898,12
3899,19
3900,15
3901,3
3871
3901,4
3902,8
3903,8
3904,8
3905,10
3906,7
3907,11
3931
3907,5
3908,15
3909
3910,7
3911,9
3912,5
3913,8
3914,15
3915,3
3916,3
3917,14
3918
3919,30
3920,6
3921,6
3922,19
3923,9
3924,11
3925,13
3926,25
3927,9
3928,9
3929
3930
3931,8
3932,6
3933,7
3934,6
3935,14
3936,12
3937,20
3938
3939,2
3960
3939,10
3940,16
3941,18
3942,6
3943
3944,7
3945,7
3946,6
3947,29
3948,3
3949,12
3950,8
3951,10
3952,11
3953
3954,5
3955,3
3956,14
3957,7
3958,10
3925
3958,2
3899
3958,6
3959,22
3960,12
3961,9
3889
3961,6
3962,6
3963,12
3964,11
3965,9
3966,10
3967,3
3968,6
3969,5
3970,13
3971,7
3972,16
3973,19
3974,10
3975,10
3976,11
3977,8
3978,17
3979,14
3980,2
3972
3980,21
3981,9
3982,9
3983,9
3984,10
3941
3984,4
3985,7
3986,17
3987,20
3988,13
3989,2
3990,3
3991
3992
3993,9
3994,8
3995,14
3996,11
3997,5
3998,14
3999,2
4055
3999,7
4000,16
4001,9
4002,4
4020
4002,6
4003,2
3978
4003,12
4004,21
4005,3
4006,11
4007,3
4008,6
4009,9
4010,2
4011,14
4012
4013,4
4014,5
4015,15
4016,24
4017,15
4018,3
4019,4
4020,10
4021,10
4006
4021,3
3996
4021,8
4022,5
4080
4022,8
4072
4022,17
4023,5
4016
4023,3
4024,7
4025
4026,15
4027,2
4028,6
4029
4030,23
4031,10
4032,19
4033,18
4034,17
4035,11
4036
4037,9
4038
4080
4038,8
4039,6
4040,3
4041,3
4042
4043,16
4044,2
4045,13
4046,9
4047,8
4048,12
4049
4050,15
4051,9
4052,11
4053,15
4054,14
4055,4
4056,8
4057,16
4058,10
4059
4060,4
4061,6
4062,18
4063,13
4064,18
4065,11
4066,4
4067,12
4068,11
4069,8
4070,4
4071,12
4072,12
4073,21
4074,7
4075,13
4076,7
4077,2
4078,15
4079,17
4080,20
4081,10
4082,11
4083,11
4084,9
4085,8
4086,6
4087,10
4088,8
4089,12
4090
4091
4092,14
4093,22
4119
4093,5
4094,14
4095,15
4096
4097,9
4098,6
4021
4098,12
4099,6
4100
4101
4102,2
4103
4104,13
4105,10
4106,31
4107,2
4108,10
4109,9
4110,2
4113
4110,4
4111,11
4112,16
4113,12
4114,14
4115,10
4116,11
4117,17
4118,4
4119,13
4171
4119,4
4120,2
4121,2
4122,6
4123,10
4124,5
4125,5
4150
4125,2
4126,7
4127
4186
4127
4128,22
4129,2
4130,8
4131,4
4132,21
4133,3
4134,17
4098
4134,7
4135,5
4136,13
4137
4138,7
4139,8
4140,12
4141,3
4142,27
4143,2
4144,10
4145,2
4146,9
4147,2
4148,14
4149,9
4150,15
4151
4152,11
4153,7
4154,6
4155,6
4156,5
4157,13
4158,21
4159,4
4160,13
4161,12
4162,21
4163
4164
4165,18
4166
4210
4166,19
4167,13
4168,2
4169,12
4170,4
4171,24
4172,25
4173,8
4174
4226
4174,2
4175,13
4176
4177,18
4178,20
4179,26
4180,7
4181
4182,10
4183,10
4184,2
4185,18
4186
4250
4186,14
4266
4186,4
4187,14
4188,21
4189,25
4190,13
4191,4
4192,3
4193,17
4194,12
4195,7
4196,17
4197
4198,15
4199,10
4200,4
4201,7
4202,16
4203,6
4204,7
4205,2
4206,5
4207
4208,8
4209,8
4210,5
4211,8
4212
4213,3
4214,7
4178
4214,5
4215,23
4216,7
4217
4218,8
4219,12
4220,26
4221
4222,2
4196
4222,12
4223,8
4224,10
4225,3
4226,11
4227
4228,9
4229,11
4230,3
4231,17
4232,26
4233,5
4234,4
4235,6
4236,11
4237,35
4291
4238,10
4239,7
4240,25
4241,5
4242,12
4243,14
4233
4243,3
4244
4245,10
4246,14
4247,8
4248,2
4249
4250,16
4251,7
4252
4253,12
4254,22
4255,13
4256
4257,9
4344
4257,2
4258,5
4259,2
4260
4261,7
4262,2
4263,7
4189
4263,4
4264,3
4265,2
4266,10
4267,9
4268,21
4269,27
4270,6
4271,9
4272,7
4273,6
4274,2
4275
4276,11
4277,22
4278,5
4279,18
4280,14
4281,6
4282
4349
4282,13
4226
4282,13
4283,6
4284,2
4285,10
4286,15
4287,9
4288,17
4289,5
4316
4289,7
4305
4289,3
4290
4291,2
4292
4293,6
4294
4295,13
4296,14
4297,2
4298,17
4299
4300,27
4301,6
4302,23
4303
4304,4
4305,6
4306,16
4307,4
4308,5
4309,7
4224
4309,4
4310
4311
4312,10
4313,25
4314
4315,20
4316,17
4317,3
4318,6
4319,12
4320,13
4321,10
4322
4323,10
4324,19
4325,6
4326,6
4327
4328,2
4329,11
4330
4331
4332,9
4333,6
4334,13
4335,14
4336,15
4337,12
4338,7
4339,5
4280
4339,3
4340,3
4341,14
4342,7
4343,20
4344,18
4345,17
4346,12
4347,5
4348,7
4305
4348,9
4349,11
4350,19
4351,19
4352,12
4353,16
4354
4355,3
4356,8
4378
4356,5
4357,5
4358
4359,2
4360,9
4361,13
4362
4363,5
4300
4363,21
4364,4
4365,4
4366,6
4367
4368,8
4369,27
4370,9
4371,6
4372,9
4373,8
4374,9
4375,8
4376,20
4377,15
4378,6
4379,15
4380,6
4381,14
4382,9
4383,13
4338
4383
4384,10
4308
4384,5
4385,4
4386,4
4387
4388,3
4389,17
4390,2
4391,9
4392,4
4393
4394,2
4382
4394,6
4395,4
4424
4395,6
4458
4395,7
4451
4395,3
4396,6
4397,6
4398,3
4335
4398,4
4399,18
4400,8
4401,7
4402,13
4403
4404,12
4405,10
4430
4406,12
4407,12
4408
4409,6
4410,22
4411
4412,4
4413,12
4414,7
4415,19
4416,6
4417,18
4418,22
4419
4420
4421,7
4422,8
4423
4424,23
4425,11
4324
4425,7
4426,9
4360
4426,6
4427,2
4428,2
4429,5
4457
4429
4430,21
4431,13
4432,15
4433,7
4434,12
4435
4436,3
4437
4438,9
4494
4438
4439,15
4440,29
4441,11
4479
4441,13
4442,2
4443,3
4444,16
4445,5
4446,2
4447,10
4448,8
4449,5
4450,10
4451,13
4452
4453,21
4454,16
4455,8
4456
4457,14
4458,18
4459,5
4460,13
4461,7
4416
4461,13
4462,5
4426
4462,25
4463,13
4464,22
4465
4466,3
4467,5
4468
4407
4469,15
4470,8
4471,14
4472
4473,4
4474,7
4475,12
4476,6
4477,7
4478,5
4479,7
4480,5
4481,8
4482,12
4483,4
4484,9
4485,7
4486,6
4487
4488,11
4489,4
4523
4489,2
4490,16
4491,16
4492,2
4444
4492,3
4493,14
4494,7
4544
4494,15
4495,8
4461
4495,4
4496,12
4497,5
4458
4497,28
4498,9
4499,13
4500,8
4501,14
4502,13
4503,9
4504,10
4505
4506,9
4507,6
4496
4507,8
4508,17
4509,11
4510,10
4511,18
4512
4513,2
4532
4513,3
4486
4513,14
4514,3
4515,9
4516,21
4517,2
4518,17
4519,9
4520,16
4521,11
4522,9
4523,10
4524,15
4525,6
4526,14
4527,8
4528,8
4571
4528,7
4529,14
4530,17
4531,8
4532,16
4533,2
4534,18
4535
4536,10
4537,17
4538,4
4539
4540,7
4541,11
4542,14
4543,5
4544,6
4545,3
4546,12
4547,6
4548,9
4549,19
4550
4551,8
4628
4551,6
4552,10
4553
4554,10
4555,9
4556,2
4557,13
4558
4559,6
4560,13
4561,21
4562,12
4563,14
4564,2
4565,9
4566,4
4567,17
4568,2
4569
4568,13
4569,13
4570,15
4571,22
4572,17
4573,20
4574,4
4575,11
4576,8
4577,14
4578,6
4579,14
4580,12
4581,22
4582
4583,17
4584,14
4585,16
4586
4587,10
4588,15
4589,19
4590,19
4591,19
4592,3
4593,6
4546
4593,9
4594,7
4583
4595,15
4596,9
4597,2
4598,2
4599,13
4600,13
4601,9
4602,2
4603,15
4604
4605,7
4606,4
4580
4606,4
4607,4
4608,5
4609,12
4610,28
4611,9
4612,18
4613,3
4614,10
4615,2
4616,16
4617,4
4618,3
4619,3
4620,15
4621,6
4622,7
4623,4
4624,8
4625,14
4626,2
4627,15
4628,6
4629,3
4630,4
4631
4632,5
4633,6
4634,13
4628
4634,3
4635,13
4636,13
4637,8
4638,4
4639,7
4640
4641,18
4642,2
4643,18
4644,12
4645,8
4646
4647,4
4648,9
4649,15
4650,10
4651,4
4610
4651
4652
4653
4654,3
4655,12
4656
4657,21
4658,9
4659
4660,14
4661,19
4662,2
4747
4662,7
4663,3
4664,10
4665,16
4666,4
4667,7
4668,10
4669,9
4670
4721
4670,23
4671,15
4672,12
4673
4641
4674,5
4675,8
4676,8
4677,9
4678,15
4679,11
4680,3
4681,8
4682,3
4683,11
4728
4683,3
4684,6
4685,8
4686
4687,17
4688,15
4689
4690,15
4691,6
4692
4693,2
4694
4695,5
4608
4695,6
4696,12
4697,17
4698,13
4699,11
4700,6
4701,11
4702,27
4703,6
4704,2
4705,6
4706,14
4707,9
4708,3
4709,6
4710
4711,7
4712,7
4713
4721
4713,7
4628
4713,13
4714,18
4715,2
4716,10
4717,6
4718,9
4719,12
4720,13
4721,6
4722,7
4723,17
4724,3
4725,6
4726,5
4727,7
4728,13
4729,10
4730,13
4731
4732,9
4733,14
4734,26
4735,4
4736
4737,5
4738
4739,18
4740,7
4741
4742,3
4743,14
4744,7
4745
4746,9
4747,7
4748,13
4749,6
4750,5
4751,7
4752,7
4753,23
4754,2
4707
4754,12
4755,3
4665
4755
4756
4757,9
4758,14
4759,8
4760,14
4761,15
4762,22
4763,6
4764,9
4734
4764
4765,7
4766,12
4767,2
4768,8
4769,36
4770,12
4771,7
4772,13
4773,9
4774,10
4775,10
4776,29
4777,7
4778,3
4779,10
4780,15
4781,13
4782,5
4783,6
4784,8
4785,12
4851
4785,6
4786,15
4787,18
4788,6
4789,37
4790,8
4791,11
4792,18
4793,6
4794,3
4795,4
4800
4795,7
4796,7
4797,23
4798
4799
4800,8
4801,7
4802,30
4803,9
4804,6
4805,16
4806,9
4807
4808,3
4809
4810,11
4811,6
4812,11
4813,16
4814,8
4815,7
4775
4815,8
4816,15
4817,2
4818,8
4819,7
4820,6
4821,9
4822,9
4749
4823,2
4824,23
4825,6
4826,17
4827,15
4828,13
4829,13
4786
4829,4
4830,16
4831,23
4832,6
4833
4834,12
4764
4834,3
4835,12
4836
4837
4838,4
4859
4838,4
4839,23
4840,3
4841,4
4775
4841,3
4842,5
4843,9
4844,2
4845,7
4846,3
4775
4847,7
4848
4824
4848,8
4849,13
4895
4849
4850,8
4851,11
4852,9
4853,7
4854,17
4855,9
4890
4855,12
4856,17
4857,13
4858,20
4859,16
4860,2
4861,5
4862,15
4863,11
4864
4865,19
4866
4867,16
4868,18
4869,10
4841
4869,2
4946
4869,2
4930
4869,8
4870,9
4871,10
4872,17
4873,17
4874,21
4875,4
4876,14
4877,7
4878,9
4879,8
4880,2
4881,4
4882,5
4883
4884,14
4885
4886,29
4887
4888,13
4889,15
4890,6
4891,6
4892,7
4913
4892
4893,9
4894,11
4895,18
4896,3
4897,10
4898,8
4899,4
4900,11
4901,9
4902,13
4894
4902,10
4903,10
4904,14
4905,11
4906,15
4907,6
4908,9
4909
4910,12
4911,7
4968
4911,10
4912,3
4863
4912,19
4913,4
4914
4915,9
4916,11
4917,4
4918,12
4919,16
4920,3
4921,9
4922,19
4923,12
4924,11
4925,24
4926,9
4927,11
4928,8
4929
4930,15
4931,9
4932,12
4933,10
4934,7
4935,12
4936,2
4995
4936,2
4937,4
4924
4937,2
4938,9
4939,13
4940,8
4941,6
4942,7
4943,11
4979
4943,13
4944,19
4955
4945,6
4946,20
4947,3
4948
4949,29
4950,14
4951,7
4952,8
4953,2
4954,7
4955,7
4956,14
4957,4
4958,22
4978
4958,6
4959,8
4960,10
4961
4962,6
4963
4964
4965,9
4966,20
4967,6
4968,2
4969,15
4970,2
4971,8
4972,6
4973,9
4974,34
4975,7
4976,9
4977,15
4978,14
4979,5
5032
4979,11
4980,15
4981,6
4982,31
4983,11
4984,8
4985,17
4986,14
4987,3
4988,5
4989,14
4990
4991,7
4992,2
5025
4992,2
4993,14
4994,3
4995,10
5022
4995,7
4996,6
4997,11
4998,7
4999,5
5000,3
5001,5
5002,7
5003,26
5004,12
5063
5004,4
5005,31
5006,2
5007,4
5008,4
5009,2
5010,11
5011,4
5012,29
5013,13
5014,9
5015,9
5016
5017,4
5018,12
5019,5
5020,21
5066
5020,11
5021,14
5022,9
5023,8
5097
5023,4
5024,7
5025,10
5026,3
5089
5026
5027,14
5028,7
5029,6
5030,16
5031,12
5032,14
5033,5
5034,11
5035,9
5036
4976
5036,5
5037,3
5038,12
5039,9
5040
5041,20
5042,7
5043,10
5044,8
5045,6
5046,19
5047,12
5048
5049,18
5050,10
5051,20
5052,4
5053,10
5054,2
5055,3
5047
5055,7
5056,7
5057,20
5058,9
5001
5059,7
5060
5061
5062,20
5038
5062,3
5063,20
5064,30
5065
5066,19
5067,13
5068,21
5069,7
5070
5071,5
5072,13
5073,5
5074,7
5075,41
5076,11
5077,19
5078,6
5079,12
5080,3
5081
5080,25
5081,17
5082,3
5083,3
5084,9
5085
5027
5085,14
5086,21
5087,6
5088
5089,20
5090
5075
5090,4
5091,7
5092,7
5093
5094,15
5095,6
5096
5097,5
5098
5099,16
5100,10
5101,7
5102,3
5103,10
5104,8
5081
5104,5
5105,9
5106,22
5107,5
5108,8
5109,14
5110,18
5111,6
5112,16
5113,7
5114
5115,7
5116
5117
5118,7
5119,7
5165
5119
5120,4
5121
5122
5123,3
5124,18
5125,4
5126
5127,2
5128,8
5129
5130,14
5131,2
5132,9
5133,11
5134,4
5135
5136,13
5137,24
5138,9
5139,2
5140,3
5119
5141,5
5142,8
5143,17
5144,5
5145,20
5146,5
5147,22
5148,8
5149,8
5150
5151,15
5152,13
5153,16
5154,5
5155,6
5156,12
5157
5158,4
5159,2
5160,9
5161,17
5162
5163,5
5164,13
5165,4
5166,4
5167
5168,4
5169,9
5170,11
5171,17
5172,3
5173,18
5174
5175,3
5176,5
5177
5178,24
5179,15
5180,7
5181,10
5182,16
5183,4
5184,3
5185,10
5186,11
5187,12
5188,2
5189,2
5190,7
5191,2
5192,8
5193
5133
5193,11
5194,24
5195,11
5196,16
5197,7
5198,11
5142
5198,3
5199,8
5200,8
5201,7
5179
5201,3
5202,16
5203,22
5204,3
5187
5204
5182
5204,9
5205,10
5206,10
5231
5206,5
5207,15
5208
5209,14
5210
5211,14
5212,11
5213,3
5214,16
5215,5
5188
5215,11
5216,9
5217
5149
5217,22
5218,8
5219,24
5220,11
5221,6
5222,20
5223,6
5224,11
5225,12
5226,11
5227
5228
5229,3
5230,15
5231,21
5232,19
5233
5234,6
5235,9
5236,4
5311
5236,10
5237,7
5238,7
5239,10
5240,30
5241,11
5242,6
5243,29
5244,3
5245,6
5197
5245,11
5246,25
5247,9
5248,12
5249,9
5250,10
5251,7
5252,22
5253,15
5230
5253
5187
5253,4
5254,15
5255
5256,12
5257,6
5258,11
5259
5260,5
5261,11
5262,18
5263,7
5264,9
5265
5266,11
5267,12
5268
5269,14
5270,3
5223
5270,7
5271,12
5272,18
5273,3
5274,9
5275
5276,12
5277
5278,15
5279
5364
5279,11
5280,10
5281,12
5282,23
5283
5284,13
5285,2
5286,18
5287,15
5288,14
5289
5290,11
5291,8
5292,4
5293,2
5248
5293,15
5294,8
5295,7
5296,6
5308
5296,10
5297,16
5298,2
5299
5300,7
5301,13
5302,3
5303,8
5291
5303,2
5304
5305,6
5306,2
5307,2
5308,16
5250
5308,5
5309
5310,13
5311,10
5312,14
5313,10
5314,12
5315,8
5316
5317,13
5318,6
5319,11
5320,16
5322,11
5323,18
5324,2
5325,8
5326,29
5327,4
5328,10
5329,13
5330,11
5331,7
5332,15
5333,5
5334,11
5335,4
5336,3
5337,3
5338,5
5339,13
5340
5341,8
5342,8
5343,19
5344,4
5345,8
5346,11
5347,7
5348,8
5349,19
5350,3
5438
5350,8
5351,5
5352,8
5353,16
5354,13
5355,9
5356,8
5357,4
5358
5359,10
5360,19
5361,8
5362
5363,3
5364,7
5365
5366
5367,2
5368,7
5369,8
5370,6
5371,13
5372,15
5373,8
5374,2
5375,2
5376
5377
5378,4
5379
5380
5381,18
5382,9
5383,7
5453
5383,2
5384,6
5385
5386,11
5387
5388
5389
5390,10
5391,27
5392,3
5393
5394,9
5395,5
5396,10
5397,3
5447
5397,5
5398,8
5399,14
5400,21
5401,13
5321
5401,4
5402,13
5403,10
5404,3
5405,12
5406,10
5407
5408,17
5409,14
5410,6
5411
5412,10
5413,11
5414,7
5415,9
5416,21
5417,9
5418
5419,6
5420,9
5421,12
5422,13
5423,12
5424,11
5425
5426,12
5427,9
5428,13
5335
5428,3
5429
5430,13
5431,18
5432,21
5433
5434,10
5435
5436,19
5437
5438,15
5439,14
5440,11
5441,4
5442,30
5443,16
5444,3
5445,14
5446,4
5447,13
5448,6
5449,5
5450,5
5451,7
5452
5453,17
5454
5455,12
5456,12
5457,18
5458
5463
5458,13
5459
5460,6
5461,9
5462
5463,8
5464,3
5421
5464,8
5465
5466,7
5467,9
5515
5467,27
5468,2
5469,5
5470
5471
5472,20
5473,6
5474,9
5475,2
5498
5475,12
5476,13
5477,8
5478,14
5479,5
5480,12
5481
5482,15
5483,9
5484,6
5485,6
5486
5487,7
5488,20
5489,2
5490,2
5491,10
5492,3
5493,8
5494,14
5495,18
5476
5495,6
5496
5497,4
5547
5498,8
5499,11
5500,28
5501,15
5502
5503,7
5504,16
5505,6
5456
5505,3
5506,6
5507,12
5508,15
5509,2
5510,7
5511,13
5512,21
5513,2
5514
5515,5
5441
5515,3
5516
5517
5518,9
5559
5518,13
5519,9
5520,4
5521,17
5522,17
5523,3
5524,12
5525,22
5550
5526,9
5527,22
5528,9
5529,6
5530,14
5450
5530,4
5531,21
5532,6
5533,4
5534,4
5535,10
5536,5
5506
5537
5603
5537,6
5538,3
5539,9
5540,10
5495
5540,3
5584
5540,2
5541,10
5542
5543,10
5544,5
5535
5544,8
5545
5546,11
5547,3
5615
5547,6
5548,20
5549,6
5550,18
5551,9
5552
5553,18
5554,3
5581
5554,12
5571
5554,2
5555,2
5556,8
5557
5608
5557,12
5558,3
5559,14
5560
5561,9
5562,21
5599
5562,8
5563
5564,15
5565,8
5566,16
5567,18
5568,7
5569,10
5570,5
5571,20
5572,19
5573,9
5614
5573,3
5574
5575,14
5576
5577
5578,3
5579
5580,4
5581,7
5582,8
5583,9
5584,24
5585,13
5586,10
5587,5
5588,5
5589,10
5590,6
5591,13
5592,14
5593,3
5594,14
5595,12
5596,22
5597,9
5598,9
5599,2
5670
5599,23
5600,15
5601,4
5602,7
5603,15
5604,8
5605,9
5598
5606,3
5607,3
5608,6
5609,15
5599
5609,5
5610,15
5611,7
5612,19
5649
5612,4
5613
5614,22
5615,8
5616,6
5617,9
5618,9
5619,12
5620
5621,16
5622
5623,12
5624,8
5625
5626
5627
5628,12
5629,9
5630,9
5631,12
5632,31
5633,11
5565
5633,10
5634,19
5635,9
5636,11
5637,18
5638,2
5639,22
5569
5639
5640,14
5641,4
5642
5643,10
5644,19
5645,6
5646,15
5647,6
5648,10
5649
5650,12
5651,5
5652,7
5653,14
5654,8
5655,11
5656,7
5657,13
5658,6
5659,5
5660,22
5661,16
5662,9
5663,8
5697
5663,6
5664,21
5665,6
5666,4
5667,9
5745
5667
5668,9
5669,6
5670,7
5671,13
5672,8
5673,5
5674
5691
5675,14
5676,8
5677,8
5678,7
5679,4
5610
5679,7
5680,8
5681,3
5682
5683,10
5684,14
5685
5686,10
5687,10
5688,20
5689,19
5690
5691,27
5692,6
5693,9
5694,8
5695
5696,10
5697,15
5698,6
5699,9
5700,3
5701
5702,16
5703,8
5704,7
5705,5
5706,9
5707,20
5708,11
5709,6
5710,6
5711
5712,3
5713,10
5714
5715,5
5686
5715,2
5716,27
5717
5718,9
5719,13
5720,11
5721,6
5646
5721,2
5722,2
5723,9
5724,14
5725,11
5726,15
5727,17
5728,8
5729,4
5730,9
5726
5730,3
5731
5747
5731,9
5732
5733
5734,4
5648
5734,20
5775
5734,7
5735,6
5736,15
5737,16
5738,16
5776
5739,7
5740,2
5741,16
5742,2
5743,24
5744,3
5802
5744,11
5779
5744,7
5745,13
5746,9
5747,10
5748,19
5749,20
5750
5818
5750,23
5751,13
5752,7
5753,9
5754,3
5755,8
5756,8
5757,21
5758,21
5741
5758
5759
5760,4
5720
5761
5762,9
5763,3
5764,9
5765,25
5766,4
5767,16
5768,6
5769
5770,8
5771,9
5772,11
5773,5
5774,11
5775,3
5809
5775,12
5776,21
5777,11
5778
5779,10
5780,12
5781
5782,4
5783,13
5784,2
5843
5784,19
5785,7
5786,9
5787,4
5788,18
5789,4
5790,8
5791,9
5792,7
5793,5
5794,11
5795,4
5796,8
5797,10
5798,9
5799
5800,9
5801,9
5802,21
5803,14
5804
5805,7
5806
5807,26
5808
5809,31
5810,2
5811,7
5812,25
5813,8
5814,15
5815
5816,6
5817
5818,23
5819
5820,31
5821,6
5822,6
5823
5824,8
5825,2
5826,25
5827,3
5828,3
5829,15
5830,17
5831,13
5832,8
5833,2
5834,9
5835,15
5836,10
5854
5836,3
5837,9
5838,16
5839,12
5797
5839,13
5840,3
5882
5840,10
5841
5842,7
5843,22
5844,5
5845,13
5846,15
5847,4
5909
5847,3
5848
5849,11
5850,3
5851,7
5852
5853,6
5854,5
5855
5856,5
5857,5
5879
5857,3
5858,6
5859,3
5860,7
5861,10
5862,6
5863,11
5864,8
5865,4
5866,9
5867,2
5868
5869
5864
5869,7
5870,15
5871,6
5872,6
5873
5874,12
5875,32
5876,9
5877,18
5878,14
5879,2
5880,26
5881
5882,19
5883,10
5884,4
5831
5884,11
5885,2
5886,4
5887
5888
5889,2
5890,24
5891,4
5892,13
5893,6
5894,23
5895,11
5896,14
5897,9
5898,14
5899,10
5900,3
5901
5902,7
5903,4
5904,19
5905,11
5906,24
5907
5908,14
5909,11
5910,4
5911,15
5912,5
5913,11
5914,14
5915
5916,7
5917,6
5918,7
5883
5918,2
5919,17
5834
5919,6
5920,8
5921,7
5922,15
5923,5
5924
5925,3
5926,4
5927,8
5928,3
5929,7
5906
5929,8
5930,10
5931,13
5932,12
5933,31
5934,7
5935,8
5936,6
5932
5936,9
5937,6
5938,9
5939,3
5940,12
5941,2
5942,11
5943,7
5944,24
5945,8
5977
5945,5
5946,15
5947
5948,2
5949,18
5950,12
5951,6
5952
5953,7
5954,17
5955,4
5956,8
6006
5956,6
5957,7
5958,4
5959,8
5960,9
5961,12
5962,5
5963,11
5964,14
6013
5964,4
5965
5966,4
5967,13
5968
5969
6033
5969,20
5970
5971,5
5913
5971,5
5972,15
5973,14
5974,12
5975,10
5976,14
5977,6
5978
5979
5980,13
5981
5982
5983,6
5986
5983,3
5984,4
5955
5984,7
5985,10
5986,17
5987,4
5988,24
5989,7
5990,23
5967
5990,2
5991,6
5993
5991,2
5992,7
5993,5
5994,6
5995,19
5996,28
5997,12
5998,14
5999,10
6000,10
6001
6002,8
6003,4
6004
6005,21
6006,11
6007,5
6008,8
6009
6010
6011,3
6012
6013,21
6014,10
6013
6014,2
6015,6
6016,8
6017,20
6018,9
6019,8
6020,11
6021,8
6022,2
6023,4
6024,8
6025,5
6026,4
6027,7
6028,15
6029,3
6030,4
5967
6030,10
6031,9
6032,19
6033,8
6034,21
6035,6
6036,13
6037,2
6038,17
6039,13
6040,14
6041,22
6042,6
6043,6
6044,7
6045,7
6046,14
6047,20
6048,6
6049
6050
6051,30
6052,9
6053
6054,11
6055,20
6056,14
6057
6058,21
6059,9
6060,18
6061,14
6062,10
6063,5
6064,8
6065
6066,8
6067,2
6068,16
6069,14
6070
6071
6072,9
6073,13
6074,17
6075,3
6030
6076,5
6077,10
6078,9
6079,20
6080,15
6081,7
6020
6082,22
6083,16
6084,11
6085,6
6086,9
6087,6
6088,20
6089
6090
6091
6092,11
6093,18
6094,5
6095,11
6096,4
6026
6096,2
6097,2
6098,13
6099,4
6100,9
6101,6
6102,6
6103,25
6104,5
6105,8
6106,26
6107,14
6108,5
6109,9
6060
6109,3
6110,9
6111,12
6157
6111,13
6112,22
6113
6114,8
6115,7
6116,9
6117,7
6077
6117,8
6118,8
6147
6118,7
6119
6120,11
6064
6120,2
6121,3
6217
6121,16
6122,20
6170
6122,5
6123,7
6124,14
6125,13
6126,23
6127
6128,24
6129,16
6133
6130,8
6131
6132,13
6133,10
6134,10
6093
6135,18
6136,9
6137,5
6138,10
6139,5
6140,5
6141,17
6142,6
6143,9
6144,13
6145,7
6146
6147,18
6148
6149,9
6150,12
6151,16
6164
6152,11
6153
6200
6153,8
6160
6153,8
6154,15
6155,6
6156,10
6157,9
6158
6159,8
6160,9
6161,6
6162,13
6137
6162,11
6163,8
6164
6162
6165,23
6166
6200
6166,21
6167,12
6168,6
6169,4
6170,2
6137
6245
6170,2
6171
6172,9
6157
6172,5
6173,21
6174,10
6175,18
6176,7
6190
6176
6177,9
6178,24
6179,8
6180,14
6181,35
6182
6183,8
6184,7
6185,11
6186,15
6187,7
6188,9
6189,8
6268
6190,14
6191,5
6192,6
6193,14
6194,19
6195,11
6196,14
6197,2
6198,3
6199,8
6200,28
6201,6
6202,19
6203,7
6204,17
6205
6206,7
6207,4
6285
6207,4
6208,7
6209,2
6210,3
6211,18
6212
6291
6212,17
6213,10
6214,7
6202
6214,10
6215
6216,4
6217,13
6218,9
6219,15
6220,4
6221,6
6222,4
6223,18
6224,21
6225,3
6226,7
6227,12
6228,4
6229,13
6230,3
6231,10
6232,15
6233,8
6234
6235,25
6236
6237,10
6238,3
6239,2
6240,4
6241,13
6242,8
6243,8
6244,3
6170
6244
6245,23
6246,6
6247,5
6248,13
6249,7
6250,9
6251,16
6252,4
6253,11
6254
6243
6254,13
6255,4
6256,15
6257,7
6258,11
6259
6260,2
6261,5
6262
6261,8
6262,11
6263,27
6219
6263
6264,20
6265,13
6266,5
6267,10
6268,15
6269,13
6270,11
6271,17
6272,9
6273,14
6274,15
6275,4
6276,28
6277
6237
6277,7
6278
6279,5
6280,6
6281
6282,24
6283,11
6284,10
6285,17
6286,6
6287,11
6288,7
6289,8
6290,8
6291,10
6292,9
6293,2
6294,24
6295,9
6296,9
6297,16
6298,15
6299,4
6300,9
6301,10
6302,21
6303,5
6304,2
6331
6304,5
6305,11
6306,13
6307,9
6308
6309,9
6310,5
6311,21
6312,10
6313,5
6314,3
6347
6314,11
6315
6316,7
6317,3
6318,7
6271
6318,4
6319,6
6320,15
6321,16
6322,4
6323,7
6324,23
6325,10
6326
6327,5
6328,5
6329,6
6330,13
6331,22
6332,2
6333
6334,14
6335,8
6336,13
6337,5
6338,9
6339,9
6340,12
6341,12
6342,9
6343,13
6344,16
6345,13
6346,5
6347,4
6348,6
6349,2
6350,13
6351,13
6352,6
6353,33
6438
6353,5
6354,8
6273
6354,2
6341
6355,20
6356
6357,14
6358,9
6359,2
6360,8
6361,17
6362,2
6415
6362,30
6363
6364,8
6365,7
6366,5
6435
6367,19
6368,12
6369,12
6370,18
6371
6372,13
6373,14
6374,10
6375,27
6376
6334
6376
6377,19
6378,8
6379,14
6382
6380,4
6381
6382,3
6383,14
6384,6
6385,8
6386,6
6387,4
6388
6389,6
6390
6391,6
6392,12
6393,4
6394,15
6395
6335
6395,11
6396
6397,4
6398
6399,16
6400
6401,25
6402,11
6403,9
6404,14
6405,15
6406,8
6407,30
6408
6409,12
6358
6409,2
6410,5
6411
6412,13
6413
6414,5
6415,7
6416,12
6417,15
6418,2
6419,3
6420,10
6421,7
6422,11
6358
6422,12
6423
6424,25
6425,25
6426,2
6427,5
6428,5
6429,3
6430,5
6431,2
6348
6431,5
6432
6433,12
6434
6435,18
6436,2
6487
6436,12
6437
6438,11
6439,22
6440,7
6441,3
6442,8
6477
6443
6444,8
6445,13
6446,11
6447
6448,9
6449,5
6450,27
6451,4
6452
6453
6454,18
6455,6
6456,6
6457,6
6458,8
6459,22
6460
6461,19
6462,17
6463,4
6464,6
6465,28
6466,11
6467,17
6468,5
6469,3
6470,4
6471
6472
6473,10
6474,7
6414
6474,9
6502
6474,6
6475,7
6476,10
6477,6
6478,12
6479,2
6480,10
6481,17
6482,17
6483,5
6484,15
6485
6486,16
6487,15
6488,13
6489,20
6490,23
6491
6492
6493,8
6494,2
6495,16
6489
6495,7
6496,8
6497
6498
6499,20
6500,13
6501,10
6502,7
6503,22
6504,13
6505,4
6506,4
6507,6
6509
6507
6529
6507,21
6508,21
6509,17
6510,6
6511,13
6512,5
6513
6514,15
6515,13
6516,2
6517,9
6518,5
6519,13
6520
6521,23
6522,12
6523,19
6524,9
6525,5
6477
6525,8
6526,3
6527,24
6528,2
6529,5
6530,11
6531,4
6532,14
6533,11
6534,13
6535
6536,19
6537,23
6505
6537,2
6538,3
6539,10
6540,4
6541
6542,3
6582
6542,11
6543
6548
6543
6590
6543,13
6544,9
6545,8
6546,19
6547
6548,6
6549,5
6550,4
6551,9
6552,14
6553,24
6554,14
6555,2
6556,8
6557,13
6558,6
6559,16
6560,8
6561,8
6562,21
6563,9
6564,10
6565,7
6566,8
6567,20
6568
6569,2
6570,19
6571,5
6572,9
6573,9
6574,9
6575,16
6576
6577,12
6578,6
6579,15
6509
6579,5
6580
6581
6582,13
6636
6582,25
6583,10
6584,16
6585,9
6586,9
6587,5
6588,20
6589
6590,5
6591,9
6592,3
6593,3
6594,9
6595,5
6546
6595,29
6596,6
6597,3
6598,11
6599,6
6600,5
6601,26
6602,17
6603,10
6604,23
6605,6
6606,24
6619
6606,2
6607
6608
6609,14
6610,15
6611,2
6612,14
6613,19
6614,31
6615,3
6624
6615,18
6616
6617,28
6618,8
6619,7
6620
6621,4
6622,18
6623
6624,22
6625,7
6654
6625,2
6626,12
6627,14
6628,17
6629,10
6630,10
6631,3
6632,13
6633,9
6634,17
6635,5
6636,15
6637,6
6575
6637,13
6638,12
6689
6638,2
6639
6640,25
6641,2
6642
6643,11
6644,26
6645,7
6646,6
6647,5
6648,16
6649,9
6650,4
6651
6652,8
6653,5
6654,19
6655,8
6656,11
6657,9
6658,13
6659,12
6660,15
6661
6614
6662,13
6663
6664,14
6665,7
6699
6665,12
6666,10
6667,14
6668,13
6669,4
6670,14
6671,8
6672,12
6673,5
6674,24
6675
6676,2
6638
6676,3
6677,7
6678,4
6679
6680,3
6681,14
6682,19
6683,6
6684,11
6685,16
6686,6
6687,12
6688,21
6689,21
6690
6691,23
6692,5
6693,9
6694
6695,25
6696,5
6697,14
6698,18
6699,11
6700
6689
6701,10
6702
6703,7
6704,17
6705,10
6706,10
6707,8
6708,9
6709,6
6710,10
6711,2
6712,12
6713
6714,2
6715
6716,6
6640
6716,5
6717,3
6718,5
6719,4
6720
6721,24
6722,23
6723
6724,10
6730
6724,14
6725,6
6684
6725,11
6726
6727,5
6728,11
6729,14
6730,7
6805
6730,9
6731,18
6732,10
6733
6734,10
6735
6736,4
6737
6738,22
6739,23
6740,25
6741,6
6742,9
6743,16
6744,12
6745,13
6746,4
6798
6746,21
6747,20
6748,17
6749,8
6750,18
6751,6
6752,8
6753
6754
6755,13
6756,19
6757,20
6758,25
6759,9
6760
6761,6
6762,6
6763,14
6764,11
6765,17
6766,8
6767,25
6768,15
6769,8
6770,8
6771
6772
6773,12
6774,7
6775
6776,2
6783
6776,6
6777,13
6778,18
6779,6
6780,13
6781,6
6782,8
6844
6782,18
6783,8
6784,9
6785,4
6786,20
6787,3
6788,8
6789,14
6790,11
6791
6792,11
6793,10
6794,23
6795,3
6796
6797,7
6798,16
6799,12
6800,8
6801,8
6802
6803,8
6804,7
6805,8
6806,22
6807,23
6808,9
6809,12
6865
6809,13
6810,10
6811
6812,10
6813,7
6814
6815,16
6816,17
6817,13
6818,5
6819,13
6820,8
6821,10
6822,3
6823
6824
6905
6824,6
6825,9
6826,8
6827,24
6828,7
6829,5
6865
6829,7
6830,5
6831,9
6832,11
6833,19
6834,16
6835,9
6836,10
6837,4
6838
6839
6840,14
6841,12
6842,19
6843,9
6844,5
6845,14
6846
6847,10
6848,6
6849,2
6850,5
6851,11
6852,11
6853,16
6854,6
6855
6856
6857,6
6858
6859,7
6860,7
6861,8
6909
6861,2
6862,15
6863,7
6899
6863,3
6864,8
6865,17
6866,3
6867,5
6868,6
6869,6
6870,11
6871
6872,3
6873,15
6874,2
6875,12
6876,10
6877,4
6878,3
6879,15
6806
6879,6
6880,7
6881,15
6882,13
6883,7
6884,6
6885,8
6886,20
6887,4
6888,13
6889,13
6963
6889,4
6890
6891
6892,5
6947
6892
6893,12
6894,21
6895
6896
6897,16
6898,13
6899,7
6900
6901,7
6902,4
6834
6902,11
6903,2
6904,5
6905,32
6906,9
6907,11
6908,5
6909,17
6910,7
6911,2
6912
6913,14
6914,12
6915
6916
6917,11
6918,10
6919,21
6920,6
6921,13
6922,16
6923
6924,9
6925,11
6926,3
6927,9
6928,16
6929,23
6930,8
6931
6932
6933,8
6934,6
6935,17
6936,20
6937,21
6938,3
6939,4
6940,15
6941,8
6855
6941,2
6942,3
6943,12
6944,11
6945,6
6946,21
6947,18
6948,6
6949,3
6950
6951,13
6952,6
6953,3
6954,12
6955,25
6956,8
6957,11
6958
6959
6960,20
6961,6
6962,15
6963,5
6964,8
6953
6965,13
6966,13
6967,7
6968
6969,8
6970,7
6971
6972,5
6973,10
6974,6
6975
6976
6977,5
6978,8
6979,10
6980
6981,17
6982
6983,11
6984
6985,2
6986,17
6987,13
6988,10
6989,14
6990,13
6991,7
6992
6993,11
6994,22
6995
7071
6996,11
6997,16
6998,16
6999,19
7000,5
7001,5
7002,6
7003,15
7004,7
7005,2
7006,14
7007,2
7008,4
7009,12
7010,13
7011,2
7012,33
7013,11
7014
7015
7016,8
7017,9
7018,5
7023
7018,2
7019,8
7020,7
7021,7
7022,12
7023,20
7024,10
7025,10
7066
7026,19
7027,3
7103
7027
7028,8
7029
7030
7031,12
7032
7033,5
7034,8
7035,6
7036,11
7037,19
7038,15
7039,16
7063
7039,7
7040,13
7041,12
7042
7043,23
7044,6
7045,5
7046,7
7047,20
6989
7047,3
7048,2
7049,26
7050
7051,15
7052
7053,10
7054,8
7055,11
7056
7057,3
7125
7057
7033
7057,15
7058,10
7059,14
7060,8
7061,15
7066
7061
7062,4
7063,7
7064,13
7065,9
7066,8
7067,5
7068
7069,7
7070,11
7071,7
7072,6
7073,10
7074,6
7075,2
7076,13
7077,8
7078,10
7079,11
7080,14
7081,9
7082,12
7083
7084,12
7085,13
7086,8
7094
7086,3
7087,2
7088,6
7089,16
7090,14
7091,5
7092,21
7093,4
7094,10
7095,6
7012
7095,3
7096,9
7097
7098,15
7099,15
7100,9
7101
7102,28
7103,9
7104,9
7105,4
7106,6
7107,23
7108,5
7109,7
7110
7111,25
7112,12
7113
7114
7115
7116,9
7117,4
7118,3
7119,12
7120,20
7121,10
7122,20
7123,22
7124,19
7125,20
7126,3
7127,25
7128,6
7129,6
7130,3
7102
7130,4
7100
7130,6
7131,8
7132,10
7133,3
7134,9
7135,13
7136,14
7137
7138,27
7139,10
7140,4
7141,2
7142,9
7143,8
7121
7143,2
7217
7143,11
7144
7145,2
7146,8
7147,22
7148,12
7082
7148,4
7149,10
7150,10
7151,11
7152,4
7153,8
7154,10
7155,9
7156,9
7157,7
7158,6
7159
7160,2
7161,10
7162,18
7163,17
7164,11
7165,3
7166,11
7167,13
7168
7169,5
7170
7171
7172,4
7173,14
7174,12
7175,14
7176,21
7177,17
7178,2
7179,11
7180
7181,7
7125
7181,14
7182,17
7183,17
7184,6
7185,14
7186,4
7187,10
7188,12
7164
7188,29
7189,18
7190
7191,13
7192,3
7193,13
7194,2
7195,8
7196,13
7197,14
7198,24
7199,4
7200,2
7201,11
7202,8
7203,13
7204,5
7205,19
7206,4
7155
7206,11
7207,16
7208,11
7209,8
7210,9
7211,4
7238
7211,4
7212,3
7213,10
7214,6
7215,10
7216,9
7217,3
7154
7217,7
7218,16
7219,7
7158
7219,7
7220,27
7221,10
7222,6
7223,10
7224,4
7225,17
7226
7227,9
7228,13
7229,6
7230,19
7231,18
7232,21
7233,9
7234
7235
7236
7237,16
7238,35
7239,4
7240
7241,20
7242,9
7243,2
7244,14
7245,11
7246,12
7327
7247,2
7248,7
7249,7
7250,2
7251
7252
7253
7254,8
7255
7256,5
7257,9
7258
7259,10
7260,28
7244
7260,2
7261,10
7262,9
7263,7
7264,10
7265
7266,6
7267,5
7268,15
7269,24
7270,19
7271
7272,7
7273,6
7274,13
7275,11
7276,13
7277,5
7278,11
7279,6
7280,11
7281,16
7282,4
7283
7284,9
7285,7
7286,17
7287,8
7270
7287,7
7288,2
7289,15
7290,23
7291,14
7254
7291,11
7292
7350
7292,2
7293,3
7294
7295,19
7296,3
7297,9
7298,13
7299,4
7246
7299,14
7300,17
7301
7302,5
7303,5
7304,17
7305,8
7306,15
7307,11
7308,7
7309,8
7310,7
7311,7
7312,20
7313
7314
7315,10
7328
7315,2
7316,9
7317,14
7318,8
7348
7319,5
7308
7319,5
7320,10
7321,11
7322,18
7323,20
7324,13
7325,3
7326,11
7327,14
7328,11
7329,11
7330,10
7331
7332,14
7333,5
7334,4
7335,3
7336,6
7337,8
7338,7
7339
7340,21
7341,2
7342,3
7343,5
7344,19
7345,2
7346,8
7347,13
7348,8
7349,3
7350,8
7269
7350,7
7351,9
7352,8
7353,3
7398
7353,10
7354,7
7285
7354,4
7355,3
7356,18
7357,11
7358,2
7359,12
7360,5
7361,21
7362,6
7363,9
7364
7365,7
7366,10
7367,27
7368,15
7369,3
7370,12
7371,16
7372,3
7373
7374,11
7375,23
7376,6
7377,12
7378,18
7379,8
7330
7379,2
7380,8
7434
7380,4
7381,28
7382,3
7425
7382,4
7383,19
7384,18
7385,6
7386,17
7387,4
7315
7387,7
7388
7389,14
7390,11
7391
7392
7393,7
7394
7395,3
7396,6
7397,12
7398,13
7399,8
7400
7441
7400,22
7401,6
7402,16
7453
7402,13
7403,10
7404,15
7405
7406,9
7407,5
7408,12
7409,7
7410,7
7411,16
7412,3
7473
7412,6
7413,3
7414,5
7415,11
7416,9
7417,7
7418,10
7419,20
7420,15
7421,13
7422,12
7423,11
7424,9
7425,18
7426,21
7427,24
7428
7429,4
7430,20
7431,17
7432,9
7433,2
7434,9
7435,3
7436,4
7437,8
7438,23
7439,6
7389
7439,10
7440,24
7441,17
7442
7443,8
7444
7445,17
7446,7
7447,8
7448,15
7449,14
7450,17
7451,14
7452,17
7453,7
7454,2
7455,8
7456,5
7521
7456,20
7457,7
7458
7459,17
7460,3
7461
7462,4
7463,2
7393
7463,7
7464,9
7465,3
7520
7465,3
7466,15
7467,8
7468,20
7469,28
7470,4
7427
7470,3
7471,7
7472,9
7473,12
7474,17
7475,9
7476
7477,7
7478,10
7479,5
7480,25
7481,10
7482,14
7483,9
7484,15
7485,18
7486,8
7487
7488,2
7489,2
7490,11
7491,12
7492,7
7493,7
7463
7493,26
7494,6
7495,19
7468
7495,4
7496,10
7497,14
7498,35
7499,6
7500,11
7501,22
7502,18
7503,13
7504
7505
7506,7
7507,30
7508,3
7509,15
7510,6
7511,14
7512,7
7513,3
7514,16
7515,5
7516,12
7517,15
7518,9
7519,11
7520,33
7521,12
7522,24
7523,10
7524
7525,15
7526,11
7527,13
7528,4
7529
7530,7
7531,9
7532,7
7533,5
7534,2
7535,9
7536,14
7537,8
7578
7537,3
7538
7539
7540,16
7541,6
7542,8
7543,10
7544,14
7545,12
7546
7547
7548,18
7549,5
7550,10
7603
7550,10
7551,8
7552,13
7553,2
7554,2
7555,8
7556,7
7550
7556,3
7557,14
7558,3
7559,12
7560,17
7561,7
7562,9
7563,8
7564,13
7507
7564,3
7565,38
7566,10
7567,10
7568,4
7569,6
7570,31
7571,4
7572,8
7573,19
7574,17
7575,17
7576,17
7577
7578,4
7579,15
7580
7581,8
7582,19
7583,8
7584,20
7585,11
7586,10
7631
7586,5
7587,3
7588,7
7589,18
7590,15
7591,15
7592,20
7593,32
7586
7594,7
7595
7596,9
7597,7
7598
7599,12
7600,4
7601,9
7602,7
7603,15
7604,2
7651
7604,4
7605,16
7645
7605,13
7606,13
7607,7
7608
7609,13
7610,9
7611,2
7670
7611,2
7612,9
7613,11
7614,5
7615,12
7616,6
7617,6
7618
7619
7620,11
7621,39
7550
7621,6
7622,10
7623
7624,7
7625,3
7626,8
7627,19
7628,12
7629,12
7630,16
7631,11
7632,16
7633,10
7634
7635,22
7636,5
7637,14
7638,5
7639
7640,11
7641,22
7642,16
7643,10
7644,9
7645,19
7646,19
7647,9
7648,15
7579
7648,4
7649,7
7650,5
7651,8
7652,9
7653,23
7654,3
7655,21
7656,3
7657,17
7658,3
7659,6
7703
7659,3
7660,12
7661,13
7662,11
7591
7662
7663,21
7664
7665,19
7666,13
7667,28
7705
7667,3
7668,19
7669,14
7670,9
7671,11
7672,7
7673
7674
7675,6
7676,8
7677
7678,15
7679,4
7630
7679,13
7680,8
7681,4
7682
7683,31
7684,12
7685,21
7686,5
7687,8
7688,15
7689,12
7730
7689,18
7690,7
7660
7690,2
7691,12
7692,18
7693,17
7694,8
7695,12
7696,9
7697,15
7698,10
7699,10
7700,3
7632
7700,6
7701,22
7702,16
7703,21
7704,11
7705,13
7706,7
7707,11
7659
7707
7657
7707
7686
7708,4
7709,10
7668
7709,5
7710,25
7711,14
7712,9
7713,19
7714,6
7715,12
7716,4
7717
7718,8
7719,20
7720,14
7721,4
7759
7721,5
7722,11
7723
7724,22
7685
7725,16
7726,18
7727,10
7728,2
7729,16
7730,19
7731
7732,10
7733,13
7734,21
7735,9
7736,12
7737,9
7738,13
7739,9
7810
7739,3
7740
7741,7
7742,15
7743,3
7744,28
7745,16
7746,5
7747,14
7748,3
7749,13
7780
7749,3
7750,27
7751,4
7752,8
7753,12
7754,9
7755,6
7756,21
7757,6
7758,8
7759,17
7760,4
7713
7760,2
7761,4
7762,11
7763,5
7764,9
7765,9
7766,8
7767
7768,14
7769,11
7770
7771,3
7772,3
7773,7
7774,14
7775,8
7776
7777,4
7778,7
7779,14
7780,10
7744
7780,5
7781,9
7782,13
7783,14
7784,4
7785,10
7786
7787,28
7788,8
7853
7788,13
7789,3
7790,15
7778
7790,14
7791,5
7792,25
7793,6
7794,7
7800
7794,4
7795
7796,9
7797,21
7798,12
7799
7800,10
7801,16
7802,7
7826
7802,13
7803,2
7804,17
7805,13
7806,2
7767
7806
7807,8
7808,9
7809,14
7811
7812,4
7813,14
7814,12
7815,13
7816,11
7817
7818
7819,3
7820
7821
7822,4
7823,31
7824,16
7825,3
7826,17
7827,11
7785
7827,7
7828,8
7829
7830,16
7831
7832,14
7833,3
7834,10
7803
7834,16
7835,23
7836,5
7837
7838,15
7839,12
7840,12
7841,7
7842,14
7843
7844,30
7845
7846,7
7787
7846,3
7798
7846,2
7847
7848
7849,9
7850,2
7851,8
7852,9
7853,11
7854
7855,7
7856
7857,8
7858,13
7859,10
7793
7859
7860,11
7861,8
7862,5
7863,12
7864,3
7865
7866,10
7842
7866
7867,9
7868
7906
7868,9
7869,5
7870,8
7871,6
7796
7871,4
7872,7
7873,15
7874,12
7875,13
7876,3
7877,22
7878,12
7879,7
7880,6
7881
7882,18
7883,7
7884,4
7839
7884,4
7885,27
7886,8
7887,15
7888,4
7889
7890,21
7891
7892,8
7893,28
7894,21
7895,4
7896,3
7897,7
7898,14
7899,13
7900,11
7901,4
7902,9
7903,12
7904
7905
7906,4
7907,2
7908,6
7909,12
7910,8
7911,6
7912,13
7913,8
7914,8
7915
7916,10
7917,21
7918,11
7919
7920
7921,8
7922,9
7923,6
7924,9
7925,15
7926
7927,19
7928,13
7929
7930
7931,4
7932,9
7933,14
7934,5
7935,8
7936,4
7937,16
7938,16
7939
7940,5
7941,6
7942,10
7943,4
7944
7945,8
7946,13
7947,7
7948,5
7949
7950,2
7877
7950,18
7951,15
7952
7953,3
7954,18
7955,8
7956,9
7957,18
7958,11
7959
7960
7961,13
7962,2
7963,20
7964,7
7965,18
7966,17
7967
7968,7
7969,2
8016
7970,5
7971
7972,2
7973,5
7974,3
7975,3
7976,7
7977,7
7978,3
7979
7980,9
7981
7982,12
7983
7917
7983,3
7984,18
7985,4
7986,8
7987,2
7984
7987,16
7988,9
7989,18
7990
7991,15
7992,20
7993,22
7994,4
7995,16
7996,7
7997,14
7998,7
7999,5
8000,8
8001,11
8002,8
8003,13
8004,13
8005,20
8006,16
8007,8
8008,13
8009
8010
8011
8012
8013,18
8014,6
8015,15
8016,7
8017,3
7983
8017,10
8018,13
8019,6
8020,11
8021,8
8089
8021,7
8022,3
8023,3
8024,12
8025,5
8026,14
8027,11
8028,8
8029,12
8030
8031,24
8032,6
8104
8032
8033
8034,5
8035
8036,10
8037,8
8042
8037,2
8038,11
8039,16
8040,19
8041,18
8042,21
8043,5
8044,14
8045,4
8046,5
8047
8048,22
8049,15
8050,15
8051,16
8135
8051,9
8052,5
8053,27
8054,18
8055,8
8056,5
8057,5
8058,20
8059,5
8060
8061,2
8062,9
8063,10
8064,5
8065,10
8066
8067,11
8068
8069,5
8070,6
8071,8
8072,6
8073,22
8074
8075,2
8076,6
8077,7
8078,29
8079,13
8080
8081,7
8082,9
8083,4
8084,4
8085,7
8086,8
8087,5
8137
8087,2
8088,5
8089,3
8090
8091,5
8092,4
8093,2
8140
8093,6
8094,11
8106
8094,3
8095,11
8096,9
8097,7
8098,9
8099
8054
8099,22
8100,10
8101,2
8102,9
8103,15
8104,23
8105,7
8106
8107,4
8108,16
8109,15
8110,5
8111
8112,7
8088
8112,15
8113,12
8114,14
8115,3
8116,6
8117,9
8118,5
8119,8
8120,3
8121,6
8122,11
8123
8100
8124
8125,10
8126,26
8127,11
8128,7
8129,16
8130,12
8131,8
8132,8
8133,3
8134,15
8135,3
8136,16
8137,11
8138,5
8139,15
8140,11
8141
8142,10
8143,17
8144,17
8145,20
8106
8146,5
8147,15
8148
8149,10
8145
8149,8
8150
8151
8152,7
8153,11
8173
8153,2
8154,11
8155,23
8156
8157,11
8158,12
8159,4
8160,4
8161,8
8162,2
8163,13
8164,21
8165,19
8166,27
8167,6
8168,14
8126
8168,3
8169,8
8170,6
8171,11
8172,26
8173,8
8174,10
8175,25
8176,11
8177,3
8178,23
8179,3
8180,6
8181,3
8182,17
8183,11
8184,38
8185
8186
8187
8188
8189
8190,21
8191,12
8142
8191
