98
6
633
338
99
18
158
418
563
579
193
704
228
414
6
59
283
56
106
59
230
617
404
0,26
696
1,28
2
3,8
4,11
5,15
6,28
7,19
8,3
9,3
10,22
11,8
12,4
13,7
83
13,15
14,11
15,12
16,13
17,23
18,18
19,9
20
21,7
22,4
23,17
24,15
25,7
26,11
27,8
28
29,19
30,6
31,7
298
31,3
32,3
33,14
34,7
35,5
36,6
37,6
38,21
39,5
40,8
41,6
42,9
43
367
43,8
44,11
45,11
46,9
47,17
48,11
49,15
50,13
51,7
52,2
53,3
54,12
55,14
56,11
57,8
58
59,8
60,22
61,6
62
63,14
64,12
65,16
66,32
67,10
68,6
69
70,14
71,2
72,14
73,6
74,18
75,11
76,5
77,13
78,2
79,7
80,7
81,13
82,3
599
82,5
83,8
84,2
85,15
86
87,15
88,9
89,22
90,10
91,9
92,11
93
94,25
95,12
96,5
392
96,26
97,6
98,6
99,8
89
99
258
99,5
100,6
101
102,2
103,26
104,9
105,7
106,15
107,15
108,11
109,8
110,7
111
112,18
113,10
114,3
116,26
117,12
118,22
119
120,7
121,5
122,3
123,14
124,13
125,8
126,12
127,14
128,23
129,11
130,16
131,9
132,17
133,10
134,10
135,4
136,6
137,11
138,19
139,5
140,15
141,4
142,2
143,5
144,27
145,6
646
146,11
147,2
148,5
149
150
836
150,13
151
152,5
153,5
154,11
155,4
156,3
157,7
158,23
159,5
160,16
161,5
162,14
163,4
164,15
165,12
166,6
167,19
168,2
169,22
170,7
171,7
172,3
173,22
174
175,8
176
177,10
178
179,22
180,4
181,2
182
183
184,9
185,6
186
984
186,7
187,17
188
189,5
190,9
191,21
192
193,7
194
195,12
196
197,8
198,13
199,10
200
201,3
202,6
203,10
204,13
205,8
206,9
207,6
208,22
209,8
210,15
211,6
212
213,3
214,28
215,2
216,17
217,8
218
219,9
220,9
221,22
222,7
223
224,15
225,14
226,24
227,16
228,7
229,15
230,12
229
230,2
231,7
232,7
233
234,12
235,17
236,16
237,15
238,20
239,3
240,7
94
240
241,9
242,22
243,24
244,14
245,3
246
247
248,20
357
248,6
249
250,6
251,2
252
253,14
254,27
255,12
256,4
257
258,20
259,9
260
261
262
263,15
264,2
265
266,3
267
37
267,7
268,16
269,6
270,4
271,2
272
273,3
274,10
275,9
276,23
277,9
278,8
279
280
281,7
282,6
284,31
285,8
286,21
287
288,7
289,12
290,3
1042
290,2
291
292,6
293,16
294,9
295,8
296,7
297,13
298,15
299,6
300,7
301,13
302,7
303,6
304,15
305,8
306
307,11
308
309
310,21
311,22
312,7
313,5
314,16
315,17
316
317,18
318,6
319
320,8
321,5
322,12
898
322,7
323,21
324,8
325,22
326,9
327,14
328,8
329,9
330,10
331
332
333,19
334,8
38
334,9
335,19
336,8
337,3
338,3
339,2
340,11
341,2
342,7
343,10
344,8
345,19
346,10
347,22
348,2
349,9
350,12
351,2
352,6
353,5
354,13
355
356
357,8
358,14
359,8
360
361,8
362,13
363,23
364,11
365,4
366
367,6
368,4
369,8
370,6
371,13
372,20
373,4
864
373,7
374,6
375
376,9
377,2
778
377,8
378,9
379,15
380,12
381,11
382,14
383,15
384,17
385,4
386,3
387,25
388
389,7
390,7
391,19
392,12
393,8
394,4
395,19
396,2
685
396,2
397
398,5
399,5
400,4
401,3
402,20
403,7
404
405,6
406
407
408
409,4
410,17
411,5
412,19
413,10
414,9
415,7
416,6
417,5
418,5
419,12
420,16
421,10
422,4
423,7
424,10
425,3
426,19
427,12
428,6
429,11
430,13
431,11
432
433,12
434,8
435,15
391
435,4
436,9
437,13
438,8
439,18
571
440,9
441,15
442
443,8
444,8
445,4
446,18
447,6
448,9
449,8
450,15
451,10
452,7
453,10
454,11
455,9
456,8
457,4
458,20
459,8
460,7
461,11
462
463
464
465,10
466,24
467,10
468,14
645
468,5
469,15
975
469,11
470,15
471
472,14
473
474,16
475,2
476,9
477,6
478,16
479,16
480
481,15
482,2
483,17
484,8
485,14
486,19
487,22
488
489,3
490,8
491,4
492,5
493
494,4
495
496,18
497,13
498,5
499,3
500
501,4
651
501,5
502,20
503,2
504,2
505,12
506,16
507,2
508,11
509,18
510,9
511,6
115
511,8
512,6
513,7
514,8
515,16
516,3
517,19
518,5
519
520,6
521,19
522,14
523,23
524,11
525
526,10
527,9
852
527,4
528,11
529,12
530,14
531,5
532,15
533,9
534,7
535,14
536,18
537,22
538,4
539,17
540,4
541,10
542,4
543,6
544,17
545,16
546,12
547
548,7
549,11
550,3
551,17
552
553,9
554,7
555
556,9
557
558,18
559,6
560,4
561,3
562,9
563,5
564,10
565,5
566,17
567,23
568,11
569,14
570,27
571,17
572,22
573,14
574,13
575,2
7
575,10
576
577,9
578,3
579,17
580,4
581,7
582,8
583,12
584,3
847
584,5
585,5
586,15
587,14
588,17
589
590,8
591,13
592,8
593,16
594,11
972
594,6
595,4
998
596,12
597,14
598,18
599,15
600,6
601,8
602,12
603,5
604,6
605,27
606,15
607,2
1301
607
608,6
609,16
610,4
611,8
612
208
612,21
613,15
614
615,4
616,6
617,10
618
619,10
620,17
621,13
622,14
623,8
624,3
625,7
626
627,17
628,10
629,9
630,18
631,3
632,9
633,12
634,16
635,5
343
635,20
27
636,19
637,4
638,8
639,13
640,10
641,11
1283
641,2
642,16
643,7
644,9
919
644
232
644,5
645,10
646,19
647,9
648,8
649,24
650,6
651,8
652,12
653,2
654,13
655
656
657,14
658,9
659
660,8
661,16
662,3
663,21
664,23
665,6
666,2
667
668,18
517
668,13
669,14
670,4
671,3
672,11
673,19
674,4
582
674,23
675,10
676,13
677,18
678,4
679
680,16
681,13
682
683
623
683,3
843
683,19
684,9
685,32
686,12
687,31
688,14
689,9
690,7
691,14
692,10
693,13
694
536
694,15
695,3
638
695,11
696,8
697,6
976
697,6
698,2
672
698,17
699
700
701
702,11
703,2
704,15
705,2
706,18
707
708,5
709,20
710
711,12
712,18
713,9
714,4
881
714,9
715,5
716,6
717,7
718,9
719,2
720,11
721,14
722,8
723
724,6
725,21
726
727,6
728,14
729,18
730,12
731
732,8
733,4
734
735,13
736,4
737
738,6
1442
739,15
740,13
741,5
742,4
387
743,9
744,9
745
714
745,3
746,6
29
746,10
747,10
748,12
749,7
750,4
751,3
752,2
753,10
352
753,3
754,18
755,13
756,9
757,12
758,22
759
760,12
761,12
762,17
763,6
764
765,2
766
767
768,13
769,4
770,9
771,7
1059
772
498
772,18
773
77
773,4
774,10
775,16
1353
775,4
776,4
777,6
778,2
1385
778,5
779,9
780,8
781
782,8
783
784,10
785
843
786,7
787,4
788,18
789,8
790,3
791
792
793,19
794
297
795,9
796,4
797,31
798,5
799,8
800,15
801,9
802,5
803,10
804,7
805
806,10
807,8
808,2
809,13
810,8
811,10
812,30
813
814,14
815,10
816
817
818,3
1154
818,5
819,2
1158
819,7
820,9
821,16
822,9
823,2
824,6
799
824,3
825,26
826
827,4
828,4
829
830,6
831,13
1016
831,9
832,6
833
834,9
835,21
836,34
837,28
838,3
839,19
840,11
841,5
842,10
843,13
844,11
845,7
846,23
847,3
1469
847,3
848
849
850
851,4
852,27
853,2
854,3
855,6
856,13
857,20
858,14
859,12
860,5
861,18
862,10
863,22
864,12
865,13
866
867,14
868,3
869,13
870,27
871,15
872,5
873,18
874,6
1622
875,12
876,16
877,9
878,15
879,12
880,9
881,20
882
883
884,21
885,9
1345
886
887,11
1404
887,2
888,9
889,16
890,13
1121
890,2
891
892,2
893,37
894,15
895
896,3
897
898,38
899,18
900,11
901,12
902,16
903
904,7
905,8
906,6
907,19
908
909,10
910,9
911,16
912,2
913,12
914,5
915,6
916,5
1434
916,3
917,9
918,12
919,21
920,3
921,30
922,3
923
924,10
925,15
926,7
927,16
928,6
929,19
930
931,23
932,16
933,9
934,20
935,22
936,11
1085
936,9
1126
936,8
937,3
938
939,13
940,15
941,15
942
943,11
944,6
1547
944,6
945
946
947,13
948,7
949,8
950,6
951
952,11
953,14
954,32
955,17
956,6
957,7
958,13
959,21
960,12
961,12
962,19
963,3
964
965,7
966,5
967,27
968,19
969,3
1682
969,7
970,5
971,8
972,4
973
704
973,9
974
975,8
976,16
977,19
978,13
979
980,5
996
980,12
981,3
982,11
983
984,14
985,19
986
987,17
988,18
989
990,11
991
454
992,11
993,23
994,9
995
996,11
997
998,10
999,12
1000,6
1001,14
1002,6
1003,8
1004
1005,5
1006,7
1007,4
677
1007,8
1008,14
851
1008,2
1009,17
1010,17
1011
1012,8
1600
1012
1013,3
1014
1015,14
1016,5
1017,9
1018,6
1019,9
1020,17
1021,10
831
1022,15
1023
1024
1025
1026
1027,16
1028,10
1029
1030,8
1031,7
1032,5
1033,10
1034,3
1035,12
1036,6
1037
1038,8
1039,10
1040,12
1041,6
1042,6
1043,15
1044,25
1045,24
1046,19
1047,3
1048,8
1049
1050,8
762
1050,8
1051,16
1052,14
1053,8
1054,28
1055,9
1056,8
1057,34
1058,9
1059,6
1060,17
1061,9
1062,11
1063,20
1064,10
1065
1066,3
1067,17
1068,40
1069,13
1070,10
1071,7
594
1071,2
1072,18
1073,7
1074,18
1075,6
1076,14
1077,3
1078,8
1079,12
1080,9
1081,6
1082
1083,7
1084,2
1085,22
1086,6
1087,16
1088,11
1089,3
1090,5
505
1090,10
1091
1092,22
1094,3
1095,5
1096,21
1097,19
1098,6
1099,10
438
1099
1100
1101,23
1102,13
1103
1104,7
1105,4
1106,2
1636
1106,7
1107,26
1108,13
1109,14
1110,24
1111,13
1112,9
1397
1112,11
1113,6
1114,22
1115,8
1116,15
1117
1118,9
1119,10
1415
1119,6
1120,13
1121,10
1122,4
1123,17
1124
1125,4
1126,25
1127,13
1128,21
1129,17
1130,12
1131,16
1132
1133,9
1134,15
1135,8
1879
1136,8
1137,11
1138,15
1139,6
1140,10
1141,27
1142
1143,4
1144,9
1145,15
1146,27
1147,11
1148,4
1149
1150,11
1151,9
1152,2
1153,12
1154,6
1155,8
1156,7
1157
1158,16
1159,8
1160,8
1161,12
1162,15
1163
1164,8
1165,4
1166,13
1167,5
1168
1169,9
1170,8
1171,8
1172,17
1173,7
1174,17
1175,10
1176,3
1177
1178,8
1179,19
1180
1181,14
1182,16
1183
1184,6
1537
1184
1185,6
1186,10
916
1186
1353
1186,8
1187,9
1188,14
1189,6
1190,2
1191,8
1192,11
1193
828
1193,9
1194
1195,32
1196,11
1197,17
1198,7
1199,6
1200,23
1201,9
1202,8
1203,21
1204
1205,5
1206,9
1207,18
1208,5
1209,8
1210,4
1211
1212,15
1213,17
1214,20
1215
1216,22
1217,8
1218,3
1219,9
1220,15
1221,3
1222
1223,13
1224,4
1225,6
1226
1227
1228,21
1755
1228,2
1229,7
1656
1229,5
1230,15
1231,6
1232
1233,10
1234
1235,6
1236,12
1237,14
1238,8
1239,8
1240,19
1241,12
1242,9
1243,23
1244,6
1245,18
1246,12
1247,19
1248,2
1249,24
1250,6
1251,6
1252,17
1253,9
1254,13
1297
1254,6
1255,2
1046
1255,6
1256,9
1257,15
1258,23
1259,2
1260
1261,12
1262,3
1263,9
1264,4
1265,7
1266,8
1267,16
1268,18
1269,18
1270
1271,4
2059
1271,21
1272,9
1273,5
1274,18
1275,21
1707
1275
1276,15
1277
1278
1279,12
1280,11
1281,14
1282,15
2063
1282
1283,8
1284
1285,2
811
1285
1575
1285,13
1286,7
1287
1288,17
1289,23
1290
1291,8
1292,12
1293,7
1294,7
1295
1296,7
1297,20
1298
1299,22
1300,12
1301,24
1302,9
1303,23
1304,14
1305
1306,8
1307,9
1308,2
1309,4
1310,26
1311,21
1312,3
1313,7
1314,8
1315,2
1641
1315,7
1316
1317,10
954
1317,4
1318,25
1319,9
1320,9
1321,12
1322
1323,9
827
1323,6
1324
1325,12
1310
1325,3
1326,4
1327,24
1328,8
1329,12
1330,7
1331,16
1332,7
1333,2
1334,2
1335,17
1336,9
1337,7
1338,20
1339,6
1340
1341,8
1342
1343,5
1344
1345,2
1346,15
1347,28
1348
1349,15
1684
1349,5
1350
1351,4
1352,14
1353,8
2006
1353,8
1207
1353,10
1354
1355
1356,10
1357,6
1358
879
1358
1359
1360,8
793
1360,6
1361,21
1362,5
1363,3
1927
1363,13
1364,15
1365,22
1366,8
1367,16
1368,6
1369,5
642
1369,5
1370,2
780
1370,2
1371,6
1372,5
1373,15
1374,3
1093
1374,2
1375,4
1376,6
2170
1376,8
746
1376,8
1377,12
1733
1378,5
1379,3
1380,15
1381
1186
1381,7
1382
957
1382,10
1383,6
1384,10
836
1384,6
1826
1384,3
1385,13
1459
1386
1387,11
1388
1389,5
1390,13
1391,21
1392,14
1393
1394
1395,9
1396,18
1397,5
1398,7
1399,12
1400,11
1401,6
2086
1401,12
1402,27
831
1402
1403,5
1404,12
1405,7
1406,5
1407,4
1408,15
1409,6
638
1409,12
1410,12
1411,4
1412,9
1413,9
1414,10
1415,8
1416
1417,9
1418,9
1419,13
1420,5
1421,5
1422,8
1423,4
1424
1425,10
1426,13
1427,18
1428
1429,14
1430,3
1431,4
1432,13
1433,2
1434,7
1435
1436,4
1437,6
1438,6
1439,8
1440,12
1441,10
1349
1441,8
1443
1444,7
1445,7
1446,17
1447,6
1448,9
1449
1450,3
1451,11
1452,17
1453,8
1454,28
1455,3
1456,7
1457,22
1458
1459,8
1460,7
1461,14
1462,13
1463,9
1464,29
1465,6
2236
1465,6
1466
1467,9
1468,9
1469,8
1470,9
1471
1472,10
1473,7
1474,11
1475,6
1476,17
1477,5
1478,9
1479
1480,17
2074
1480,5
1481
1482,16
1483,8
1484,9
1020
1484
1485,5
1486,6
1487,10
1488,5
1489,6
1490,35
1491,19
1492,8
1493,3
1494,21
1495
1496,12
1497,13
1498,10
1499,18
1500,5
1501,23
1502,5
1503,6
1504,13
1505,14
1506,9
1507
697
1507,24
1508,23
1509,16
1510
1511,3
1512,8
1513,5
1514
1635
1514,13
1911
869
1514,3
1515,6
1516,5
1517
1518,9
1519
1520,21
1521,17
1522,6
1523,9
1524,3
1525,6
1526,10
1379
1526,18
1527
1528,12
1529,4
1530,12
1531,21
1532,10
1533,19
1534,3
1535,14
1536,6
2156
1537,18
1538,6
1539,12
1540,24
1541,8
1448
1541,14
1542,8
1543,13
1544,11
1545,3
1546,6
1547,9
1548,12
1984
1549,6
1550
1551
1552,8
1553
1796
1553,12
1554,8
1555,5
1556,6
1557,10
1558,8
1559,9
1560,7
1561,16
1562,9
1563,16
1564,5
1565,13
1566,17
1567,10
1568,9
1569,22
1321
1569,3
1570,5
1571,6
1572,11
1573,7
1574
1575,3
1576,15
1577
1578,14
1579,7
1770
1579,8
1580,8
1581
1582,4
1583
795
1583,8
1584,2
1585,19
1586,26
1587,6
1588,24
1589,10
1590,14
1591,5
1592,24
1593,14
1594,4
1595,13
1596,2
1597,9
1598,28
1599,5
1600,15
1601,15
1602
1603,15
1604,8
1605,3
1606,15
1607,17
1608,13
1609,13
1610,4
1611,9
1612,6
1613,4
1614,12
1615,13
1616,10
1617,24
1402
1617,3
1618,26
1619,13
1620,29
1621,10
1622,13
1623,3
1624,6
1625,4
1186
1625,2
1626,13
1627,8
1628,6
1629,13
1630,18
1631,7
1632,4
1633,16
1634,12
1635,15
1636,15
1637
1638,12
1639,25
1640,8
1641,8
1642,2
1643,9
1644,22
1645,7
1646,11
1647,6
1648,18
1649,22
1650,6
1651
1652
1653,8
1654
1655,17
1656,25
1657,2
1658
1659,3
1660,5
1661,9
1662,13
1663,25
1664,14
1665,6
1666
1667,16
1668,2
1669
2054
1669,5
1670,22
1671,3
1672,13
1673
1674,5
2339
1674,4
1675,4
1676,4
2153
1676,5
1677,9
1678,18
1679,4
1680,11
1681,13
1682,3
935
1682,4
1683,10
1684,5
1685,4
1686
1687,7
1688,8
1689,11
1690,7
1691,10
1692,6
1693,8
1694,8
1695,5
1469
1695,2
1696,13
1697
1698
1699,4
1700,13
1701,14
1096
1701,5
1702,9
1703
1704
1705,13
1942
1705,3
1706,9
1707,9
1708,4
1709,21
1710,34
1711,13
1712,7
1713,10
1714,5
1715,12
1716
1717,10
1718,7
1719,28
1720,9
1721
1722,10
924
1722,10
1723,13
1724,8
1725,12
1726,15
1727,7
1728,2
1729,11
1730
1731,11
1732
1733,16
1734,7
1735,19
1736,8
1737,8
1738,9
1739,11
1740,4
1741,3
1742,6
1743,15
1744,8
1745,13
1746,13
1747,10
1748,11
1749,8
1750
1751,12
1752
1753
1754,10
1755,8
1756
1757,4
1058
1757,5
1758,8
1759,5
1760
1761
1762,4
1763,4
1764,7
1122
1764,20
1765
1766,2
1767,17
1768,12
1769,18
1770,3
1771,3
1166
1771,7
1772
1773,10
1774
1775,7
1776
1777,5
1778,24
1779,8
1780,12
1781,12
1782
1783,7
1784,9
1785,13
977
1786,17
1787,12
1788,21
1789,13
1790,6
1791,9
1792
1793,6
2445
1793,3
1794,16
1795,3
1796,12
1797,20
1798,34
1799
1800
1801,23
1802,8
1803,12
1130
1803,12
1804,5
1805,12
1806,11
1807,13
1039
1807
1808,12
1809,9
1810,17
1811,3
1812,16
1813,15
1814
1815,12
1816,17
1817,6
1818
1819,9
1820,5
1821,20
1880
1821,5
1822,4
1823,7
1824,18
1825,6
1826,5
1827,21
1828,4
1829,4
2355
1829,2
1830,14
1917
1831
1832,5
1833,20
1834,23
1835,4
1836,3
1837
1838
1839,5
1840,12
1841,6
1842,12
1843,12
1844,17
1845,4
1846,11
1847,3
1848,18
1849,5
1850,28
1851,10
1852,13
1853,12
1854,21
1855,12
1856,5
1857,12
1858,12
1859,5
1860,17
1861,19
2179
1861,4
1862,4
1863,7
1864,6
1865,17
1866,9
1867,8
1868,8
1869,2
1870,13
1871,10
1872,5
1873
1874
1875
1876,5
1877,5
1878,6
1879,12
1880,13
1881,8
1882,14
1883,6
1884,7
1885,4
1886,15
1887,3
1888,26
1889,9
1890,13
1891
1892,16
1893,18
2606
1893
1894,7
1895,5
1896,6
1897,2
1898
1899,15
1900,3
1901
1902,5
1903
1904,23
1905,17
1906,15
1907,12
1908
1121
1908,14
1909
2593
1909,18
1910,8
1911,11
2016
1911
1912,7
1861
1912,2
1913,3
1914,4
1915,2
1916,3
1917,18
1918
1919,2
1801
1919,6
1920,9
1921,33
1922,15
1923
1924,8
1925,11
1926,4
2397
1926,18
1927,16
1928,3
1239
1928,13
1929,13
1930,15
1931,14
1932,10
1933,29
1934,24
1935,22
1936,10
1937,21
1938
1939,7
1940,11
1941,7
1942,28
1943,2
1944,3
1945,6
1946,15
1947,20
1948,9
1949,20
1950
1951,18
1952,9
1953,25
1954,23
1955,3
1956,9
1957,11
1958,9
1959,7
1960,7
1961,8
1962
1963,11
1964,10
1456
1965,8
1966
1967,9
1968,12
1969,15
1970,2
1971,3
1972,13
1973,19
1974,2
1975,13
1976,19
1977,19
1978,2
1979,22
1980,25
1981,33
1982,7
1983,8
1984,10
1985,4
1986,8
1987,8
1988,15
1989,14
1990,8
1991,4
1992,12
1272
1993,3
1994,11
2380
1994,4
1995,16
1996,12
1997,13
1998
1999,10
2000,3
2402
2000,3
2001,6
2002
2003,13
2004,10
2005,24
2006,8
2007,14
2008,16
2009,17
2010,10
2011,9
2012,9
2013
2014,9
2015
2016,15
2017,3
2018,9
2019,13
2020
2021,9
2022,12
2023,16
2024,16
2616
2024,14
2025,4
2026,8
2027,9
2028,8
2042
2028,4
2029,5
2030,5
2031,18
2032,6
2033,9
2034,9
2035,4
2036,6
2037,7
2038,6
2039,8
2040,16
2041,5
2042,11
2043,10
2044,5
2045,23
2046,16
2047,7
2268
2047,14
2048,7
2049,5
2050
2051,6
2052,9
2053,8
2054,12
1804
2054,12
2055,7
2056,11
2057,17
2058,9
2059,16
2060,5
2061,8
2062
2063,20
2064,20
2065,21
2066,7
2067,4
2068,8
2069,18
2070,3
2071,12
2072,17
2073
2074,12
2075,5
2076,5
2077,3
2078,7
2079,11
2080,3
2814
2080,2
2081,6
2082,11
2083,3
2084,9
2085,10
2086,14
2087,7
2088,9
2089,13
2090
2091
2092,8
2093,12
2094,3
2095,7
2096,15
2097,8
2098,8
2099,6
2100,14
1498
2100,4
2101,27
2102,11
2502
2102,10
2103,12
2104,19
2795
2104
2105,3
2106,3
2107,10
2108
2381
2108,19
2109,6
2110
2111,16
2112,8
2113,6
2114,8
2115,20
2116,14
2117,14
2118
2119,2
2120,7
2121,19
2122,5
2123
2124,3
2125
2126
2127,10
1321
2127,13
1981
2127
2128
2129,2
2130,8
2131,5
2132,8
2133,13
2134
2135,13
2507
2135,6
2136,12
2137,9
2138,15
2139,12
2140,8
2141,12
2142,8
2143
2144,6
2268
2144,6
2145,14
2146,13
2147,24
2148,13
2149,13
2150,7
2151
2152,9
2153,6
2154,2
2155,16
2156,15
2157,8
2158,29
2159,10
2160,13
2161,5
2162
1767
2162,15
2163,14
2164,10
2165
2166,22
2167,5
2168,8
2169,26
2170,17
2171,20
2172,2
2873
2172,26
2173,3
2174,9
1907
2174,11
2175
2176,6
2757
2177,3
2178,10
2179,13
2180
2181,11
2182,15
2183,27
2184,24
2185,28
2186
2187
2188,9
2189,8
2190,18
2191,25
2192
2193,6
2928
2193,2
1976
2193,17
2194
2195,8
2196
2197,7
2423
2197,4
2198,5
2199,7
2200,8
2201,9
2202,12
2753
2202,13
2203,7
2204,8
2205,3
2206,11
2835
2206,2
2207,3
2208,21
2209,2
2878
2209,7
2210,10
2068
2210,6
2211,7
1608
2211,11
2212,2
2213,3
2214,8
2215,16
2216
2217,11
2218,17
2219
2220,21
2221,13
2222,9
2223,7
2224,17
2225,9
2226,4
2227,11
2229,2
2230,8
2231,16
2232
2233,19
2234,23
2235,13
2236,9
2237,7
2238,22
2239
2240,12
2241
2242,2
2243,7
2244,6
2245
2246,5
2247,14
2248,3
2249,13
2250,8
2251,4
2252,6
2253,10
2254,2
2255,12
2256,23
2257,16
2258,11
2259,6
2260,4
2261,26
2262,3
2263,4
2264,8
2265,12
2266,3
2267,5
2268,14
2269,4
2270,9
2271,2
2272
2273,5
2274,17
2275,8
2276,2
2277,7
2278,5
2279,7
2280,17
2281,10
1882
2281,12
2282,2
2283,21
2284,14
2285,9
2286
2287,24
2288,8
2289
2290,12
2291,12
2292
2293
2294
2295
2296,8
2297
2298,23
2299,9
2300,3
2301,9
2302
2303,4
1939
2304,14
2305,4
2306,11
2307,12
2308,4
2309,12
2310,19
2311,16
2312,14
1916
2312
2313,5
2314
2315,14
2316,7
2317,26
2318
2319,31
2320
2321,9
2322,19
2323,8
2324,6
2325,9
2326,13
2549
2326
2327,8
2328,11
2329,3
2330,8
2331
2332,14
2333,12
2334,7
2335,5
2336,2
2337,9
2338,4
2339,10
2340,20
2341,4
2342,11
2343,7
2344,12
2345
2346,22
2347,16
2348,9
2349,9
2350,14
2351,8
2352,8
2353,14
1798
2353,2
2354,3
2355,8
2630
2355,15
2356,12
2357,10
2358,8
2359,5
2360,9
2361,22
2362
2363,5
3038
2363,5
2364,8
2365,2
2366,5
2367,7
2368,7
2369,4
2370
2371,15
2372,15
2373
2374,4
2375,2
2376,3
2377,11
2378,14
2379,13
2380,10
2381,8
2382
2383,8
2384,15
2385,5
2386,3
2387,6
2388,17
2389,20
2390,9
2391,21
2392
2393,6
2394,14
2395,7
2396
2397
2398,4
2399,15
2400,15
2401,9
2402,3
2183
2402,2
3005
2402,14
2403,5
1653
2403,2
2404,5
2405,8
2406,26
2407,8
2408
2409,11
2410,11
3105
2410,3
2411,7
2412,9
2413,14
2414,17
2415,6
2416,11
2417,3
2418,18
2419,5
2420,16
2421,9
2422,9
2423,9
2424
2425,8
2426,3
2427,26
2428
2429,4
2430,9
2431
2432,18
2433,8
2754
2434,14
2435,15
2436,17
2437
2438,8
2439,29
2440,10
2103
2441,13
2442,22
2443,24
2444,11
2445,13
2446,16
2447,4
2448,5
2449,3
2450
2451,13
2452,13
2453,5
2454
2455,9
2456,9
2577
2456,5
2457,13
2458
2459
2460,11
2461
2462,6
2463,5
2464
2465,14
2466,10
2467,17
2468,3
2469,12
2470
2471,19
2472,15
2166
2473,8
2474,14
2475
2476
2477,16
2478,17
2479,13
2480,7
2481,28
2482,8
2483,5
2484,8
2485,4
2486,15
2487,5
2488,9
2489,3
2490,12
2491,4
2492,13
2493,12
2494,2
2495
2496,15
2497,5
2498,5
2499
2500,3
2857
2500,8
2501,9
2502,5
2503,2
2504,7
2505,9
2506,25
2507,6
2508,11
2509,10
2436
2510,13
1722
2510,5
2511,13
2512,12
2513,39
2514,12
2515,32
2516,6
2517,11
2518,10
2519,9
2520,13
2521,13
2522,7
2523,9
2524,4
2525,4
2526,7
2508
2526,9
2527,6
2528,18
2529
2530,6
2531,8
2532,8
2533
2328
2534,21
2535,22
2536,9
2537
2538
2539,8
2540,28
2541,4
2542,13
2543
2544,3
2545,13
2546,4
2547,8
2548,18
2549,14
2550
2551,5
2552,8
2553,13
2554,7
2555,24
2556,15
2557,22
2558,4
2559,5
2560,27
2561,29
2562,7
2993
2562,8
2563,16
2564,12
2565,14
2566,17
2567,8
2568,15
2569,4
2570,18
2571,13
1803
2571
2572,2
2573
1881
2573,4
2574
2575,4
2576,3
2427
2576,6
2577,21
2578,18
2579,6
2593
2579,22
2580
2581,12
2582,7
2583,11
2584,3
2585,5
2586,2
2587,11
2588,2
2587
2588,15
2589,8
2590,11
2591,3
2592
2593,31
2594,16
2595,12
2596
2597,8
2598,5
2599,5
2224
2599,16
2600,34
2601,14
2602,22
2603,21
3213
2603,4
2604,7
2605,3
2058
2605,12
2606,15
2607
2608,10
2609,18
2083
2610,19
2611,8
2612,6
2613
2614,19
2615,9
2616,14
2617,10
2618,10
2619,8
2620,4
2621
2622
2364
2622,18
2623,6
2624
2625,12
2626
2627,9
2628,19
2629
2630,16
2986
2630,5
2631,7
2632,8
2633
2634,17
2635,10
2636,23
2637,11
2638
2639,6
2640,11
2641,14
2642,12
2643,3
2760
2643,4
2644,15
2645,14
2646,4
2647
2648,23
2649,11
2650
2651
2652,5
2653,12
2654,10
2655,25
2656,5
2657,13
2048
2658,8
2659,7
2660,2
2661,11
2662,7
2663,8
2664
2665
2666
2667,2
3140
2667,17
2668,9
2669
2039
2669,5
2670
2671,19
2672,6
2673,24
2674,20
2675,17
2676,4
2677,9
2678,16
2679,6
2680,10
2681,8
2682,4
2465
2682,7
2683,17
2684,18
2685
2686,6
2687,14
2688,18
2689
2690
2691,12
2692,2
2693
2694,10
2695,11
2696
3438
2696,16
2697,10
2698,3
2699,10
3319
2699,4
2700,5
2701,14
2834
2701,5
2174
2701,2
2702,8
2703,5
2704,10
2705,8
2894
2705,16
2706,18
2707,19
2708,3
2709,5
2892
2709,9
2710,12
2711,19
2712,20
2713,16
2714,7
2715,2
2716,10
2717,7
2718,8
3069
2718,5
2719,6
2720,4
2721
2722,8
2723,26
2724,11
2725,7
2726
2727,15
2728,13
2729,5
2730,9
2731,5
2732
2898
2732,17
2733
2734,12
2735,6
2736,4
3168
2736,3
2737,17
2738,10
2739,5
2740,8
2741,16
2742
2743,18
2744,13
2745,5
2746,9
2325
2746,8
2747
2748,13
2749,10
2750,3
2751,9
2752,8
2753,8
2754,27
2755,2
2080
2755
2756,4
2757,7
2758,2
2759,4
3067
2759,4
2760,13
2761
2762,7
2763,6
2764,26
2765,11
2766,9
2767,7
2768,12
2769,9
2770,10
2771,12
2772,20
2519
2772,11
2773,5
2774
2775,12
2776,3
2024
2776,8
2777,18
2778
2779,16
2780,4
2781,13
2782,6
2783,12
2784,16
2785,14
2786,4
2787,7
2788
2789,10
2790,9
2791,11
2792,20
2793,4
2794,5
2795,10
2796
2797,5
2798,9
2799
2800,7
2801
2802,16
2803,8
2804,26
2805,3
2806,13
2807,9
2808,17
2809,13
2810,12
2160
2810
2811,21
2812,12
2813,9
2814,4
2815,2
2816
2817,9
2818,13
2819
2820,2
3473
2820,6
2821,2
2071
2821,13
2822,15
2823
2824,4
2319
2824,4
2825,13
2826,11
2827,8
2828,12
2829,7
2830,5
2831,8
2832
2833,7
2834,9
2835,13
2836,6
2837,10
2838,20
2839,18
2840,8
2841,7
2842,3
2843,12
2844,5
2845,2
3372
2845,15
2846,12
2847,8
2848,9
3332
2848,5
2849,8
2850,25
2851,16
2852,18
2853,7
2854,14
2855,3
2856,22
2857,7
2329
2857,30
2858,17
2859,16
2860,10
2861
2862,9
2863,4
2857
2863,7
2864,4
2865
2968
2865,8
2866,25
2867,15
2868,15
2869,9
2710
2869,2
2870,17
2871,19
2872,18
2873,4
2874,10
2875,4
2876,5
2877,15
2878,17
2879,8
2880,12
2868
2880,4
2881,8
2882,12
2883,11
2884,7
2885,27
2886
2887
2888,6
2889,12
2890,6
2891,6
2892,8
2893,14
2894,6
2895
2896,6
2897,9
2898
2400
2898,18
2899,8
2900,8
2901,2
2902,7
2903,12
2904,23
2905
2906,10
2907
2908,15
2909,9
2910,12
2911,13
2912,7
2913,10
3094
2913,3
2914,14
2915,11
2916
2917
2918,3
2919
2920,7
2921,25
2922,18
2923,12
2924,14
2925,12
2926,7
2927,6
2928,31
2929,18
2930,2
2931,17
2932,3
2947
2932,10
2933,15
2934,21
2935,15
2936,3
2937,7
2938,11
2939,18
2940
2941,9
2942,9
2943,16
2944,7
2945,27
2946,16
2947,10
2948,18
2949,11
2950,8
2951,6
2952,8
2953,17
3294
2953
2954,13
2955,11
2956,4
2957,14
2958,5
2959,3
3130
2959,23
2960,12
2961,9
2962,4
2352
2962,4
2963
2964,2
2965,19
2966,14
2967,12
2968,35
2969,8
2970,9
2971,9
2972
2973,4
2974,20
2975
2976,15
2977,10
2978,13
2979
2980,12
2981,10
2982,13
2983,2
2984,9
2985,13
2986,17
2987,16
2988,6
2989,8
2990,8
2991,10
2992
2993,22
2994,12
2995,15
2996,4
2999
2996,13
2997,3
2998,10
2999,14
3000,16
3001
3002,10
3003,16
3004,13
3005,8
3006,11
3007,2
3008
3009
3010,9
3011
3012
3013,6
3014,9
3015,9
3016,15
3017,12
3018,11
3019,19
3020,20
3021,9
3022,14
3023,6
3024,10
3025,5
3712
3025,10
3026,13
3027,8
3028,14
3029,8
3030,2
2228
3030,6
3031,10
3032,6
3033,21
3034,9
3035,13
3036,9
3037,10
3038
3039,7
3040,8
3041,10
3042,11
3043,15
3044,7
3045,7
3046,14
3047
3048
3049,13
2557
3049,7
3050,9
3051
3052,12
3620
3052,6
3053,3
3054,10
3055
3056,14
3057,5
3058,11
3059,17
3060,9
3061,21
3062,10
3063
3064,8
3065,9
3066,13
3067,15
3068
3069,15
3070,34
3071,6
3072,14
3073,9
3074
3075,3
2564
3075,8
3076,6
3077,15
3078,8
3079,8
3080,19
3081
3082,7
3083,7
3084,10
2341
3084,7
3085,8
3086,21
3087,4
3088,12
3814
3088,19
3089,4
3090,13
3091
3092,8
3093,25
3094,13
3095,20
3096
2562
3096,2
3097,21
3099,9
3100,12
3101,8
3102,9
3103,6
3104,9
3105,28
3106,11
3107,10
3108,19
3109,16
3110,7
3111,7
3112,2
3764
3112,12
3934
3112
3113,5
3098
3113,7
3114,12
3115,15
3116
3117,3
3118,2
3119
3120,7
3121,7
3122,12
3123,12
3124,8
3608
3124,5
3125,11
3126,11
3127,3
2872
3127,10
3128,10
3129,7
3130,7
3028
3130,15
3131,10
3132,18
3133
3134,16
3135,11
3136,4
3137,14
3138,11
3139,9
3140,10
3141,9
3142,4
3143,8
3144,9
3145,3
3146
3147,10
3148,21
3149
3150
3151,5
3332
3151,3
3152
3153,6
2442
3153,11
3154,13
3155,10
3156,10
3157,12
3158,14
3159,20
3160,7
3161,9
3162,24
3163,3
2785
3163,4
3164,12
3165,24
3166,21
3167,10
3168,5
3169,15
3170,4
3171
3172,6
3173,9
3174,7
3175,3
3176,6
3177,12
3178,5
3179,13
3180,19
3181,12
3182,5
3183,20
3184,12
3185,14
3186,11
3187,23
3188,18
3189,14
3190,12
3191,5
3192,7
3193,7
3194
3195,5
3196
3197,14
3198,14
3199,9
3200,9
3201
3202,18
3203,6
3204,2
2615
3204,12
3205,7
3206,32
3207,5
3208,18
2820
3208,14
3209,26
3210,14
3211,7
3212,19
3213,13
3214,14
3215,19
3216,6
3217,3
3218,9
3219,14
3220
3221,4
3262
3221,4
3222,4
3223,5
3224,8
3225,23
3226,14
3227
3228,23
3229
3230,9
3231,14
3232,6
3233
3234,9
3235,9
3236,20
3237,15
3238
3239
3240,11
3241,19
3242,4
3243,4
3244,9
3245,10
3246,5
3247,14
3248,13
3249,4
3250,8
3251,8
3252,11
3253,6
3254,4
3255,6
3256,3
3257,10
3258,8
3259,9
3260,6
3261
3126
3261
3262,5
3258
3262,2
3263
3264,13
3265,2
3266,2
3267,4
3268
3269,11
3270,9
3271,6
3272,16
3273
3274,4
3275,13
3276,9
3277,2
3278,4
3279,21
3280,6
3281
3282,30
3283,14
3284,5
3285,7
3286,17
3287,5
3288
3289,17
3290,29
3291,13
3292
3293,15
3294,14
3295
3296,10
3297,5
3298
3299,14
3300,5
3301,8
3302,2
3303,6
3304,27
3305,12
3306,2
3307,20
3308,10
3309,4
3310,2
3311,9
3312,8
3313,11
3314,11
3315
3316
3317,14
3318,10
3319,13
3320,7
3321,4
3322,12
3323
3324,10
3325
3326,22
3327,14
3328,18
3329,9
3330,12
3331,13
3332,14
3333
3334
3335,6
3336,20
3337,2
3338,24
3339,4
3340,15
3341
4109
3341,4
4006
3341,15
3342
3343,6
3344,13
3345,5
3346
3347,22
3430
3347,3
3348,5
3349,7
3823
3349,3
3350,19
3351,10
3352,5
3353,4
3354,9
3355,9
3356,4
3357,10
3531
3357,4
3358,15
3359,9
3360,6
3361,6
3362,8
3363,7
3364,7
3494
3364,3
3365,14
3925
3365,15
3366,13
3367,17
3368,2
2678
3368,2
3369,14
3370,7
3371,11
3372,13
3373,5
3374,12
3375,9
3376,10
3377,7
3378,6
3379,12
3380,12
3381,10
3382,9
3383,10
3384,4
3385,2
2797
3385,6
3386
3387,10
3388
3369
3388,10
3389,12
3390,13
3391,18
2720
3391,12
3392
3393,10
3394,24
3395,12
3396,10
3397,3
3398
3399,7
3400,11
3401,12
3402,8
3403,16
3404,2
3405,7
3108
3405,8
3406,18
3407,6
3408,19
3409
3410,5
2871
3410,24
3411,7
3412,9
3413,21
3414,8
3415,17
3416,11
2714
3416,6
3417,3
3418,9
3419,4
3420
3421,5
3422,18
3423,21
3424,9
2645
3424,18
3425,19
3426,4
3506
3426,9
3427,7
3428,16
3429,17
3430,28
3431,5
3432,4
3433,8
3434,13
3435,7
3436,6
3437,27
3438,12
3439,10
3440,19
3441,10
3442,6
3443
3444
3445
2696
3445,14
3446
3447,3
3448,7
3449,9
3450,5
3451,27
3452,24
3453,20
3454,7
3455,7
3456,4
3457,13
3458
3459,16
3460,6
3461
3136
3461,16
3462,7
3415
3462,4
3463,9
3464,5
3465,7
3466,22
3467,4
3468,9
3469,21
3470
3471
3472,9
3473,13
3474,4
3475
3476,9
3477,9
3478,10
3479,21
3480,13
3481
3482,5
3483,7
3484,10
3485,19
3486,14
3487,2
3488,2
3489,18
3490,6
3491,17
3492,5
3493,3
3494,15
3495,5
3496
3497,7
3498,9
3499,6
3500
3501,9
3502,11
3503,6
3504,8
3505
3506,9
3507,10
3508,15
3509,14
3510
3511
3128
3511,7
3512,3
3513,5
3514
3515,7
3516,12
3517,14
3518,12
3519,12
3520,27
3521,7
3522,3
3523,6
3524,8
3540
3524,9
3525,11
3526,4
3527,17
3528
3529,4
3565
3529,8
3530,15
3531,14
3532,15
3533,9
3534,10
3535,9
3536,13
3537,8
3538,9
3539,12
3540,16
3541,16
3542
3543,4
3544
3545,8
3546,11
3547,4
3548
3549,4
3895
3549,5
3550,13
3551,16
3552,10
3553,4
3317
3553,3
3554,4
3555,5
2943
3555,3
3556,8
3557,12
3558,9
3559
3560,6
3561,3
3562,5
3563,6
3564,13
3565,15
2794
3566,23
4075
3566,2
3567,8
3568,22
3569,6
3570
3571,3
3572,6
3573
3574,3
3575,6
3576,13
3577,12
3578
3579,10
3580,2
3581,16
3582,15
3583,12
3584,16
3585
3586
3587,8
3588,9
3589,9
3590,4
3591,13
3592
3129
3592,11
3593,4
3341
3593,2
3594,16
3595,4
3596,11
3597,7
3598,21
3599,9
3600
3601,7
3602
3982
3602,9
3826
3602,7
3603,4
3604
3605,6
3606,6
3607,15
3608,25
3609,6
3610,20
3611,15
3612,13
3613,2
3614,5
3615
3616,16
3617,4
3618,6
3619,16
3620,12
3621,15
3622,9
3623,24
3624,6
3625,15
3626,5
3627,6
3628,7
4153
3628,3
3629,8
3630,2
3326
3630,5
3631,11
3632,13
3633,4
3634
3635,3
3636,16
3637
3638,4
3639,3
3640,24
3641,14
3642,10
3643
3644,22
3645,7
4166
3645,5
3646,10
3647
3648
3649,16
3650
3651,7
3652,15
3653,17
3654,13
3655,7
3656,4
3657,16
3658,5
3659,12
3660
3661,6
3662,9
3663,7
3664
3665,19
3666,11
3667,14
3668
3669,11
3670,8
3671
3672,2
3673,2
3674,25
3675,7
3676,7
3677,4
3678
3679,8
3680,4
4011
3680
4050
4401
3680,7
2974
3680,5
3681
3682,7
3683,5
3684,12
3685,19
3686,6
3687,9
3688,2
3689
3690,10
3691,17
3692,14
3693,23
3694,8
3695
3696,9
3697,12
3698,8
3699,3
3700
3701,13
3702,16
3703,8
3704,10
3705,6
4362
3706
3707,2
3708,17
3709
3710,9
3711,6
3712,13
3713,2
3029
3713,5
3714
3715,17
3716,11
3717,2
3718,12
3719,8
3720,8
3721,23
3722,21
3723,9
3724,13
3725,14
3726,8
3727
3728,10
3729,27
3730,10
3731,7
3732
3733,9
3734,4
3735,14
3736,15
3737
3738,16
3739,3
3740,3
3741,10
3742,34
3743,9
3744,3
3745,5
3746,19
3747,18
3748,9
3749
3750,7
4111
3750,2
3751,4
3752,6
3753,14
3754,9
3755,18
3756,22
3757
3758,20
3759,9
3760
3761,11
3762,13
3763,8
3764,18
3765,4
3766,14
3767,7
3768
3769,7
3770
3771,25
3772,18
3773,4
3774,9
3775,15
3776,2
3777,9
3778,9
3779
3780,10
3781,11
3782,16
3783,10
3784,29
3785,7
3786,6
3787,4
3788,3
3070
3788,22
3789,14
3790,11
4518
3790,12
3791,7
3645
3791,7
3792,7
3793,16
3794,13
3795,28
3796,11
3797,26
3798,16
3799
3800,7
3801,29
3802,5
3803
3804,7
3805,23
3806,7
3807,16
3808,6
3809
3810,7
3811,11
4402
3811,9
3812,12
4186
3812,6
3813,5
3814,8
3815,14
3816,14
3817,5
3818,16
3819,15
3976
3819,10
3820
3821,6
3822,17
3823,24
3824,8
3825,7
3826,5
3827,6
3828,3
4089
3829,33
3830
3831,17
3832,3
3833,6
3834,9
3835,5
3836,6
3837,5
3838,8
3839
3840,8
3841,10
3842
3348
3842,15
3843,3
3844,8
3845,14
3846
3847,8
3848,7
3849,20
3850,6
3851,3
3852,5
3853,5
3854,11
3855,9
3856,2
3275
3856,4
3857,14
3858,14
3859,8
3860
4194
3860,12
3861,8
3862,7
3863,10
3864,17
3865,3
4565
3865,12
3866
3867,16
3868,8
3869,10
3713
3869,4
3870,11
3871,17
3264
3871,4
4540
3871,17
3872,4
3873,3
3874,6
3722
3874,2
3875,2
3876,7
3877,13
3878,22
3879,6
3880,6
3881,12
3882,29
3883,11
3884
3885
3886,9
3887,4
3556
3887
3888,20
3889,18
3890,19
3891,8
3892,28
3893
3894,5
4313
3894,10
3895,24
3896,5
3897,17
3898,5
3899,16
3900,9
3901,8
3902,9
4377
3902,3
3903,7
3904,13
3905
3906
3907
3908,2
3399
3908,8
3157
3908,7
3909,12
3910,8
3911,8
3912
3913,21
3914,10
3915,5
3916,9
3917
3733
3917,5
3918,17
3919,8
3920,18
3921
3922,8
3923,4
3924
3925,16
3926,9
3927,9
3928,16
3929,11
3930,7
3931,8
3932,4
3507
3932,11
3933,12
3892
3933,5
3934
3836
3934,24
3935,4
3936,9
3937,7
3938,10
3939,6
3940,5
3236
3940,4
3941
3942,29
3943,6
3944,4
3945,9
3946,5
3947,5
3948,7
3949,9
3950,8
3951,11
3952,7
3953,9
3954,17
3955
3956,15
3957,15
3958,14
3959,10
4120
3959,9
3960,15
3961,4
3962,20
3963,6
3787
3963,4
3964,13
3965,9
3966,10
3967
4662
3967,12
3968,17
3969,13
4685
3969,2
3970,13
3971,9
3972,8
3973,9
3938
3973,3
3974,8
3975,20
3976,8
3977,11
3978,11
3979,4
3980,5
3981,7
3982,27
3983,9
3984
3985
3986,7
3987,28
3988,2
3796
3988,5
3989,14
3990,10
3991,7
3992,4
3993,4
3994,7
3995,8
3423
3995,14
3996,7
4238
3996,14
3997
3998,10
3999,8
4000,7
4001,7
4002,9
4003,5
4004
4005,24
4006,13
4007,11
4008,21
4009,3
4010,8
4011,19
3936
4011
4012,20
4013,12
4014,9
4015,16
4016,16
4017,3
4018,6
4019,4
4020,19
4043
4020,6
4021,3
3922
4021,7
4022,11
4205
4023,15
4024,4
4025
3611
4025,4
4026,18
4027,2
4028,9
4029,13
3296
4029,12
4030,5
4031,4
4032,7
4033,33
4034,4
4035,15
4036
4037,11
4038,10
4039,25
3520
4039,3
4040,11
4041,9
4042,2
4043,4
3864
4835
4043,8
4044,10
4045,5
4046,10
4047,18
4187
4048,27
4049,5
4050,29
4051,12
4052,21
4053,8
4054,5
4600
4054,10
4055,10
4056,20
4057,15
4058,10
4059,6
4060,10
4061,12
4062,10
4063,7
4064,3
4065,15
4066,8
4067,4
4068,6
4069,16
4070,8
4071,16
4072,2
4073,4
4074,8
4075,4
3789
4075,11
4076,13
4077,30
4078,5
4079,4
4080,3
4081
4082,8
4083,13
4084,2
4633
4084,18
4085,19
4086,8
4087,11
4088,15
4089,18
4698
4089,4
4090,13
4091,2
4092,13
4093,14
4094,10
4095,16
4096,6
4532
4096,4
4097
4098,10
4099,4
4100,16
4101,27
4102,2
3326
4103,11
4104,15
4105,7
4106,5
4107,9
4108,27
4109,7
4110,4
3874
4110,17
4111,13
4112,12
4113,18
4114
4115,7
4116
4117
4118,10
4119,9
4120,24
4121
4122,11
4123,7
4124,14
4125,6
4126,9
4127,13
4128,9
4796
4128
4129,17
4130,7
4131,7
4132,31
4133,2
4134
4135,12
4136,7
4137
4138,5
4139
4140,10
4141,8
4142,15
4143,9
4144,15
4145,3
4949
4145,16
4146,8
4147,23
4148,13
4149,18
4150,12
4151,9
4152,19
4153,11
4154,11
4155
4156,19
4157,7
4158,17
4159,25
4160,8
4161,31
3592
4161,4
4162,14
4163,9
4164,20
4165,3
4166,8
4167
4168,8
4169
4170
4356
4170,12
4171,8
4172,18
4173,8
4174
4175,9
4176,6
4177,18
4178,13
4179
4180,5
4181,5
4182,9
4183,9
4184,9
4185
4186,12
4187,6
4944
4187,6
3424
4187,16
4188,17
4189,3
4190,2
4191,3
4192,18
4193,18
4194,4
4195
4196,5
4197,22
4198
4672
4198,18
4199,25
4200,23
4495
4200,14
4201,6
4202,8
4203
4204
4205,10
4206,11
4207,13
4208,18
4209
4210,20
4211,16
4212,3
4213,3
4214,15
4215,9
4216,4
4217,10
4218,16
4219,9
4220,2
4719
4220,22
4221,2
5038
3942
4221,4
4222,11
4223,7
4224
4225,5
4226,2
4227,5
4228
4229,3
4230,7
4231,5
4232,17
4233,8
4234,13
4235,8
4236,3
4262
4236,15
4237,9
4238,6
4239,11
4240,10
4808
4240
4241,9
4242
4243,2
4420
4243,4
4244,4
4245,13
4246,11
4247,13
4248,13
4249,16
4250,11
4251,23
4252,3
4253,11
4254,4
4255,9
4256
4257,19
4258,21
4259,6
4260,28
4261
4262,13
4263,15
4264,9
4265,3
4266,13
4267,8
4268,4
4269,6
4781
4269,8
4270,3
4271
4272,5
3964
4272,9
4273,2
4274,17
4275,3
4276,13
4277,6
4278,11
4279,4
4280,2
4281,11
4282,3
3632
4282,10
3795
4282
4283,10
3527
4283,5
4284,17
4285,12
4286
4287,7
4288,3
4289,3
4290,13
4291,9
4292,17
4293,12
4294,9
4295,9
4296,4
4297
4298,5
4299,15
4300,13
4301,13
4302,10
4303
4304,9
4305
4306,28
4307,6
4308
4309,2
4448
4309,18
3540
4309,2
4310
4311,9
4312,10
4313,14
4314,14
4315,7
4316,7
4317,7
4318,8
4319,7
4320,21
4321
4322,7
4323,8
4324,19
4325,12
4326,7
4075
4326
4328,29
4329,14
4200
4330,9
4331,19
4332,8
4333,12
4334,4
4335,20
4336,15
4337
3581
4337,10
4338,13
4339,5
4675
4339,15
4340,3
4341,8
4342
4343,8
4344,9
4345
4346,9
4347,18
4348,18
4349,12
4350,15
4351,8
4352,18
4353,22
4354,9
4355,4
4356,11
4357,6
4358,15
4359,13
4360,37
4361,13
4362,9
4363,9
4364,19
4365
4366,29
4367
4368,24
4369
4370,25
4371,13
4372,23
4373,7
4374,6
4375,12
4376,9
4377,19
4378,4
4762
4378,2
4379
4380,4
4381
4382,3
4383,2
4384,3
4385,12
4386,7
4387,12
4388,14
4389,12
4390,9
4391,25
4392,13
4393,11
4394,2
4395,19
4396,17
4397,12
4398,12
4399,17
4400,13
4401,7
4722
4401,2
4402,14
4403,6
4404,16
4405,10
4406,21
4407,9
4408,10
4409,2
4368
4409,6
4410,19
4411
4412,10
4413,9
4414,14
4415,20
4416
4417,7
4418,8
4419
4420,3
5025
4420,21
4421,17
4422
4423,8
4424
4425
4426,8
4427,11
4428,22
4429,5
4430,23
4431,13
4432,9
4917
4432,19
4433
4434,19
4435,15
4436,22
4437,6
4438,5
4439,12
3982
4439,10
4440,9
5201
4440
4441,3
4314
4441,6
4442,16
4443,4
4644
4443
4444,6
4445
4446,19
4447,19
4448,36
4449,19
4450,15
4451,8
4452,17
4453,15
4454,2
4455
4456,9
4457,2
4458,7
4459,10
4460,3
4461,17
4462,15
4463
4464,9
4465,11
4857
4465,5
4466,15
4467,4
4468,10
4469
4470
4471,16
4472,13
4473,10
4474,18
3913
4474
4475
4476
4477,6
4478,21
4479,15
4480,2
4481,4
4482,11
4483,13
4484,13
4485,22
4486,14
4487,21
4488
4489
4490,12
4491,9
4492,7
4493,15
4494,7
4495,16
4496,2
4497,5
4498,10
4499,13
4501,9
4502
4503,6
4504,8
4505
4506,22
4507,18
4508,8
4509,4
4510,8
4511,3
4512,12
4513,10
4514,10
4515,7
4516
4517,10
4518,10
4519,4
4520,9
4920
4520
3948
4520,6
4521
4522,11
4523,3
4524
4525,2
4526
4527,18
4528,9
4529,22
4530,20
4531,4
3816
4531,3
4532,7
4533,10
4534,8
4535,2
4536
4537,7
4538,16
4539,9
4540,17
4541,15
4542,8
4543,8
4544,13
4545,5
4546,10
4547
4548
4549,3
4550,11
4551,23
4552
4553
5222
4553,15
4554
4555,13
4556,7
4557
4558,15
4559
4560,2
4561,3
4719
4561,11
4562,12
4563,5
4564
4565,8
4566,7
4645
4566
4567,2
4568,10
4569,10
4570,4
4571,15
4572,11
4573,23
4574,14
5331
4574
4575
4576,4
4577,21
4578,13
4579
4580,3
4581,6
4582,9
4583,21
3911
4583,6
4584
4585
4586,7
4587,26
4588,5
4589,22
4892
4589,2
4590,26
4591,5
4592,5
4593,24
5040
4593,8
4594
4595,8
4657
4595,3
4596,7
4597,4
4726
4597,5
4598
4144
4599
4600,5
4601,12
4602,11
4603,8
4604,12
4605,18
4606,6
4607,4
4608,9
4921
4609,2
4610,11
4611,6
4612,17
4613,6
4614
4615
4616,5
4617,7
4618,13
4619,18
4620,12
4621
4622,18
4381
4622,5
4623,2
4624
4625,9
4626
4627
4628,12
4629,3
5417
4629,9
4630,8
4631,31
4632,11
4633,8
4634,11
4635,4
4636,9
4637,17
4638,2
4639,12
4640
4641,13
4642,8
4643,7
4644,8
4645,26
4646,9
4647
4648,10
4649
4650,4
4651,26
4652,9
4653
4654,10
4655,9
4656,3
4657,34
4658,3
4659
4660,12
4661,8
4662,13
4663,13
4664,9
4665,11
4666,4
4667,10
4668,7
4669,12
4670,11
4671,12
4672,6
4673,18
4674,8
4675,7
4676,9
4677,9
4678,7
4679,2
4287
4679,3
4680,19
4681,20
4682
4683,12
4684,3
4685,24
4686,22
4687,3
4688,11
4689,3
4690
4691,13
4692,14
4693,6
4694,15
4695
4696,2
4697,29
4698,10
4699,9
4700,19
4701,4
4702,11
4703,9
4704,29
4705,3
4706,8
4707,9
4708
4709,5
4710,4
4711,11
4712,13
4713,7
4714,2
4715,16
4716,17
4717
4718,14
4719,19
4720,15
4721,12
4722,19
4723,5
4724,18
4725,7
4726,15
4727,29
4728,9
4729,13
4730,18
4731,14
4732,6
4733,8
4734,6
4735,9
4736,8
4737
4738
4739,4
4740
4741
4742,5
4898
4742,11
4743,17
4744,2
4745,8
4746,8
4747,5
4748
4749,13
4750,7
4751,9
4752
4753,3
4362
4753,7
4754,17
4755,4
4756,9
4757,9
4758
4759,10
4760,25
4761
4762,9
4763,20
4764,11
4765,9
4766,9
4767,20
4768,19
4769,4
4374
4769
4770,7
4771,8
4772,7
4773,16
4774,6
4775,7
4776,9
4777
4711
4777,7
4778,17
4779,7
4780
4781,13
4782,21
4783,17
4784,9
4785,27
4786,8
4787
4788,28
4789,5
4790,11
4791,11
4792
4793,2
4794
4795,3
4796,14
4575
4796,5
4797,2
4798,15
4799,7
4800,10
4801,11
4802,6
4803,17
5300
4804,5
4805,14
4806,10
5349
4806
4807,15
4715
4807,3
4808,10
4809,13
4810,6
4811,8
4812
4813,12
4814,6
4815,9
4816
4817,14
4818,8
4819,12
4820,23
4821
4822,3
4823,12
4824
4825,9
4583
4825,3
4325
4825,2
4826,14
4827,16
4828
4829,3
4830,4
4831,27
4832,9
4833,21
4834,9
4835,2
4917
4835,6
4836
4837
4838,19
4839
4840
4841,15
4842,4
4843,13
4844,8
4845,8
4846,2
4847,11
4848,4
4849,12
4850,36
4851,10
4852,34
4853,10
4854
4855
4856
4857,8
4858,34
4859,2
4860,7
4861,28
4862,7
4863,15
4864,10
4865,9
4866,15
4867,13
4868,9
4869,15
4870,9
4871,18
4320
4872,18
4873,12
4874,12
4875,6
4876,2
4877,24
4878,6
4879
4880,8
4881
4882,18
4883,4
4884,6
4885
4886,4
4887
4888,5
4889,15
4890,25
4891,4
5709
4891,11
4892,5
4893,20
4894,4
4895
4244
4896
4897
4898,25
4899,17
4900,10
4901,22
4902,9
4903,18
4904,7
4905,15
4906,5
4907,18
4908
4909
4910
4911,7
4912,9
4913,5
4914,6
4915,6
4916,15
4452
4916,6
4917,13
4918,17
4919,11
4920,16
5451
4920,13
4921,8
4922,4
4923,7
4924,2
4706
4924,6
4925,7
4926,13
4927,21
4928,2
4929
4930
4931,8
4932,7
4933,5
4934
4935,16
4936,8
4937,11
4938
4939,2
4940,8
4129
4940,21
4376
4941,9
4942,5
4943
4944,16
4945,9
4327
4945,4
4946,9
4947
4948,11
4949,2
4950,2
4951,10
4952,6
4953,11
4954,14
4955,17
4956
4957,6
4958
4959,2
4960,5
4961,27
4962,13
4963
4964,18
4965
4966,15
4967,8
4968,15
4969,12
4970,6
4971,9
4972,15
4973,6
4974,8
4975,13
4976,3
4977,9
4978
4979
4980,12
4981,3
4982,3
4983,12
4984,22
4985
5481
4985,3
4986,14
4987,10
4988
4989,15
4990,2
4991,11
4992
4993,3
4994,9
4995,3
4996
4997,9
4998,8
4999
5000,16
5001,9
5002,8
5003,4
5004,5
4948
5005,2
5006,11
5007,11
5008,19
5009,22
5669
5009,7
5010
4927
5010,11
5011,10
5012,5
5013,15
5014,8
5015,27
5016,17
5017
5018,7
5019,18
5020,16
5021
5022,9
5023,20
5024,7
5025,11
5026
5027,9
5028,6
5029,10
4809
5029,11
5030,7
5031
5032,10
5033,6
5034
5035,19
5036,3
5037,8
5038,14
5039,8
5040,20
5041,12
5042,7
5043,14
5044,15
5045,12
5046,4
5047,11
5048,16
5049,16
5050,8
5051,8
5052,15
5053,6
5054,7
5055,4
5056
5057,5
4573
5057,4
5058
5059,11
5060,4
5061,12
5062,6
5063,7
5064,2
5065,9
5066
5067,29
5068
5069,2
5070,4
5071,8
5072,9
5073,5
5074,6
5075,3
5076,10
5077,3
5078,16
4370
5078,2
5079,13
4760
5079,7
5080,22
5081,12
5082,16
5083,12
5084,7
5085
5086
5087,5
5088,9
5089,16
5090,11
5091,14
5092,10
5093,3
5094,3
5095,7
5096,21
5097,13
5098,10
5099,8
5100,3
5447
5100,10
5101,17
5102,18
5103
5104,2
5105,2
5106,8
5107,17
5108,6
5109,9
5110,12
5111,14
5112
5050
5112,7
5113
5114
5115,3
5116,12
5117
5118,14
5119,2
5120,4
5121,19
5122,12
5123
5124,2
5125,20
5126
5127,4
5128,14
5129,5
5130,7
5131,8
5132,24
5133,18
5134,8
5135,24
5136,12
5137,7
4569
5137,15
5138,23
5139,18
5140,20
5141,10
5142,16
5143
5144
5145,16
5146,13
5147,8
5148
5149,8
5150,20
5151,4
5152,16
5153,9
5154
5155,8
5156,9
5157,8
5158,8
5159,12
5160,29
5161,13
5162,18
4590
5162,4
5163,7
5164,5
5165,20
5166,14
5167
5168
5169,8
5170,5
5171,2
5172,14
5173,4
5174,2
5175,11
5176,25
5177
5178,11
5179
5180,7
5181,7
5182
5183,8
5184,11
5185,15
5186,27
5187,12
5188,7
5189,3
5190,27
5191,4
5192,16
5439
5192,11
5193,6
5194,20
5195,13
5196,5
5197,17
5198,15
5199,12
5200,2
5201,14
5202
5203,9
5204,8
5205,18
5206,14
5207,8
5208,5
5209,9
5210,9
5211,5
5212
5213,14
5214,7
5215,4
5216,13
5217,8
5218,4
4606
5218,11
5219,7
4871
5219,4
5220,5
5221
5222,19
5223,7
5224,9
5225
5226,3
5227
5228,5
5229,2
5230
5231,20
5232,17
5233,8
5234
5235,7
5236
5237,18
5238,6
5239,20
5240,5
5241,9
5242,2
5243,2
5244,8
4986
5244,3
5245,11
5246
5247,13
5248,17
5249,18
5631
5249,3
5250,14
5146
5250
5251,15
5252,3
5015
5252,4
5190
5252,2
5253,11
4582
5253,29
5254,6
5255,30
5256,3
5257,6
5258,6
4858
5258,2
5259,17
5903
5259,4
5260,15
4500
5261,5
5262,27
5263,9
5264,18
5265,17
5266,12
5267,6
5268,7
5269
5270,5
5271,11
5272,17
5273,19
5274,8
5275,7
5276,8
5277,7
5278,13
5279,14
5280,9
5281,27
5282
5283,9
5284
5285,14
5286,8
5287,22
5288,6
5289,13
5290,7
5291
5292,8
5293,10
5294,2
5295
5296,4
5297
5298
5299,12
5300,9
5301,14
5302,8
5303,13
5304,2
5305,25
5306,6
5307,22
5308,4
5309
5310,13
5311,2
5312,15
5313,6
6026
5313,11
4685
5313,5
5314,13
5315,11
5316,2
5317
5318,15
5319
5320,13
5321,11
5322,7
5323,25
5324,2
5325,12
5326,23
5327
5328,9
5329,12
5330,8
5331,19
5332,8
5333,11
4665
5333,12
5334,9
5335
5336,8
5337,30
5338
5339,14
5340,6
5341,10
5342,14
5343,13
5344,7
5345,10
5727
5345
5346
5347,9
5348,5
5349,21
5350
5351,5
5352,17
5353,20
5354
5355,8
5356,8
5357
5358
5359,7
5360,12
5361,4
5362,7
5349
5362,6
5363
5364,8
5365,11
5366
5367,10
5368,16
4932
5368,9
5684
4681
5368,7
5369,6
5370,8
5371,9
5372,7
5373,5
5374,18
5375,18
5376,9
5400
5376,2
5377,10
5378,3
5379
5380,17
5381,35
5382,8
5383,8
5186
5383,18
5384,5
5385,15
5386,17
5387,9
5388,15
5389,15
5390,4
5391,20
5392,16
5393,5
5394,7
5395,24
5396,10
5397
5539
5397,29
5398
5281
5398
5399,34
5400,22
5401
5402,7
5403,13
5404,12
5330
5404,5
5405,7
5406,13
5407,7
5408,20
5409,15
5410,6
5411,11
5412
5413,19
5414,28
5415,8
5416,22
5418,4
5419,11
5420,7
5421,16
5422,5
5423,8
5424,5
5425,14
5426,14
5427,5
5428,5
5429,12
5430,5
5431
5432,7
5433,7
5434,3
5435
5436,15
5437,26
5438,8
5439,10
5440,7
5441,16
5442,11
5443,6
5444,5
5445,6
5446,20
5447,7
5448,9
5449,2
5450
5312
5451,13
5452,6
5453,18
5454,15
5455,15
5456,10
5457,3
5458,2
5307
5458,12
5459,14
5054
5459,9
5460,14
5461
5462,8
5463,2
5464,17
5465,8
5466,4
5467,6
5468,16
5469,10
5470,9
5471,10
5051
5472,19
5473,7
5474,11
5475
5476
6275
5476,20
5477
5478,7
5479,8
5480
5481,12
5482
5483
5484
5485,2
5089
5485,5
5314
5486,11
5487,9
4986
5487,18
5488,16
5489
5490
5491
5492,21
5493,9
5494,10
5495,9
5496,30
5497
5498
5499,17
5500,12
5501,8
5502,10
5503,4
5504
5505,10
5506,4
5507,5
5508
5509
5510,7
5511,9
5512,18
5513,6
4712
5513,13
5514,6
5515
5516
5517
5518,22
5519,2
5520,5
5326
5520,5
5521,3
5522,10
5523,6
4959
5523,4
5973
5523,7
5524,6
5525,10
5526,17
5527,9
5528,8
5529,10
5530,14
5531,7
5532,8
5533,7
5534,3
5535,7
5536,9
5537,9
5538,20
5539,2
5816
5539,3
5540,12
5541,6
5542,3
6128
5542,9
5543,9
5544,4
5545,5
5868
5545,10
5546
5547,11
5548,7
5549,10
5550,9
5551,6
5552,7
5553,6
6171
5553,8
5554,7
5582
5554,7
5555
5556,15
5557,15
5558,9
5559,9
5560,3
5561,30
5562,12
5563,13
5564,17
5565
5566,15
5567,21
5568,6
5569,9
5570,15
5571,17
5572,12
5573,14
5389
5573
5574,13
5575
5576,8
5577,5
5578,16
5579,6
5580
5581,12
5582,12
5583,5
5584,3
5389
5584,6
5585,16
5586,21
5587,16
5588,20
5589,16
5590,9
5591,20
5592,29
5593
5594,13
5595,12
5596,2
5597,21
5598,11
5599
5600
5601
5602,3
5603,6
5604,4
5570
5604
5605,11
5606,16
5607,7
5608,10
5609,17
5610,20
5611,8
5612,9
5613,2
5614
5615,9
5616,5
5617,21
5618,4
5619,11
5620,11
5621,6
5622,12
5623,5
5624,7
5625,8
6321
5625
5626,12
5627,15
5628,7
5125
5629,12
5630,11
5631,23
5573
5631
5014
5631,9
5632,20
5633
5634,18
5635,10
5636,9
5637,12
6333
5637
5638,18
5639,4
5640,14
5641,7
5642,16
5643,23
5644,14
5645,7
5646,10
5647
5648,8
5649,17
5650,2
5651
5652,24
5653,5
5654
5655,8
5656,14
5657
5658,4
5659,10
5660,23
5661,12
5662,2
5663,16
5652
5663,3
5664
5665,9
5666,6
5667,3
5688
5667,5
5668,12
5670,4
5671,6
5672,9
5673,7
5674
5675,5
5676,6
5677,2
5678,15
5679,6
5680,5
5681,22
5682,14
5683
5684,11
5685,12
5686,9
5687,12
5688,13
5689
5690,6
5691
5692
5255
5692,7
5940
5692,9
5693,3
5694,10
5695,10
5696
4873
5696,7
5697,4
5698
5699,19
5700,21
5701,2
5702,5
5703,19
5704,8
5705,8
5706,14
5707,15
5708,6
5709,14
5710,20
5711,24
5587
5711,5
6185
5711,4
5712,11
5713,6
5714,9
5715,5
5805
5715,2
5716,5
5717,11
5718
5719,7
5720,7
5721
5722,9
5723,10
5724
5725
5726,8
5727,4
5728
5729,17
6042
5729,4
5730,22
5731,18
5732,22
5733,11
5734,14
5735,12
5736,24
5737,18
5738,7
5739,33
5740,25
5741
5742,5
5743,8
5744,5
5745,13
5746,12
5747,3
5748,4
5749
5750,16
5751,5
5752,8
5753,8
5754,2
5755,11
5756,20
5757,18
5241
5757,5
5758,8
5759,11
5760,12
5006
5761,12
5762,8
5763,8
5764
5765,9
5766
5767,14
5768,11
5769,12
5770
5771,11
5772,23
5773,3
5774,5
5775,5
5157
5775,2
5776,18
5777,10
5778
5779,7
5780,7
5781,4
5782
5783
5784,8
6388
5784,17
5785,12
5786,13
5787,13
5788,2
5789,5
5790,15
5791,12
5792,8
5793,4
5794
5795,9
5796,7
5047
5796,3
5797,18
5798,16
5799,5
5800
5801,10
5802,17
5803,8
5804,8
5805,17
5806,18
5807,21
6078
5807,4
5808,5
5809,10
5810
5811,8
5812,9
5813,6
5814,8
5815,12
5816,15
5817,18
5818,4
5513
5818,21
5819,23
5820,5
5821,23
5822,8
5823,10
5824
5825,6
5826,2
5304
5826,8
5827,9
5828,12
5829,12
5830,7
5831,2
6532
5831,6
5832,12
5833,15
5834,17
5835,19
5836,17
5837,4
5838,12
5839,4
5840,13
5841
6349
5841,7
5842,5
5843,19
5844
5845,16
5846,17
5847
5970
5847,8
5848,20
5849,3
5850,3
5851,5
5852,11
5853,7
5854
5855,20
5567
5855
5856,10
5857,14
5858
5859,7
5860
5861
5862,28
5863,17
5864
5865
5866,9
5867,7
5868,8
5869,8
5870,4
6144
5871
5872,10
5873
5874
5875,14
5876,14
5877,18
5201
5878,22
5879
5880,4
5881,12
5882,12
5629
5882
5883,15
5884,16
5441
5884
5885,18
5886,2
5887,3
5888,16
5889,8
5890,8
5891,12
5892,18
5893,4
5894,6
5895,12
5896,13
5897,7
5898
5899
5900,4
5901,9
5902,32
5903,16
5904
6696
5904,4
5905,11
5906,2
5907,3
5908,15
5909,13
5910,4
5911,6
5912,3
5913,5
5914,13
5915,11
5916,17
5917
5918,7
5919,9
5920,12
5921,11
5922,12
5923
5924,10
5925,8
5926
5836
5926,8
5927,9
5928,5
5929,28
5930,5
5931
5932
5933,13
5934,2
5935,13
5936,11
5937
5938,19
5135
5938,2
5939,2
5940,7
5941,10
5942,16
5943,6
5944,4
5383
5945,15
6196
5945,2
5946,18
5947,18
5948,15
5949,6
5950,9
5951,29
5952
5953,12
5954,4
5955,4
6683
5955,28
5956,9
5957,11
5958
5959,16
5960,23
5961,15
5962,5
5963,6
5964,13
5965,11
5966,4
6179
5966,10
5967,11
5968,2
5969,12
5970,9
5971,4
5972,10
5973,6
5974,12
5975,8
5976,2
5977,4
5978,22
5979,8
5980,16
5981,10
5982,2
5983,7
5984,14
5985,9
5986,19
5987,16
5988,7
5989,25
5990,9
5991
5992
6044
5992,16
5993
5994,3
5995,21
5996,8
5997,12
5998,11
5999,4
6000,22
6001,10
6031
6001,12
6229
6001
6414
6001,2
6002,13
6003,7
6004,2
6005,4
6006
6007,8
6008,7
6009,7
6010,9
6011,10
6012
6013,9
6014,20
6015,18
6016,14
6017,8
5959
6017
6018,8
5737
6018,7
6019,8
6020,4
6021,16
5891
6021,4
6022,7
6023,7
6024,8
6025,8
6026,6
6027,12
6028,23
6029,8
6030,6
6031,5
6032,12
6033,2
6034,11
6035,9
6036,17
6037,37
6038
6039,10
6040,5
6041
6042,17
6043,6
6044,12
6045,10
6515
6045,3
6046,5
6047,11
6048,7
6049,8
5323
6049,7
6050,14
5791
6050,2
6051,10
6052,11
6053,16
6054
6055
6056,6
5393
6056,2
6057,11
6058,14
6059,15
6060,2
6061,5
6062
6063,40
6064,7
6065,12
6066,16
6067,19
6068,18
6069,16
6070,11
6071,7
6072,7
6073,18
6074
6075
6076,15
6077,19
6078,13
6079,6
6080,5
6081,10
6082,2
6418
6082,12
6083,4
6084,8
6085,2
6086,13
6087,26
6088,9
6089,8
6090,4
6091
6092,14
6093,12
6094,22
6772
6095,13
6096,11
5672
6096
6097,17
6098,24
6099,7
6100,9
6101,7
6102,13
6103,7
6001
6103,8
6104,10
6105,7
6106,26
6107,9
6108,5
6109,7
6110,3
6111,13
6112,15
6113,8
6114,7
6115,14
6116,13
6117,6
6118
6119
6120,32
6121
6122,7
6123,4
6124,9
6125
6126,14
6127,3
6128,8
6129,9
6130,11
6131,3
6196
6131,3
6132,7
6133,3
6134,8
6135,12
6136,9
6137,2
6440
6137,11
6138,3
6521
6138
6139,5
6140
6141,2
6504
6141,2
6098
6141,2
6142,17
6143,14
6144,20
6145
6146,8
6147,9
6148,20
6149,7
6150
6151,5
6152,20
6153,4
6154
6155,4
6156,2
6157,21
6158,5
6159
6160,3
6161
6162,3
6163,5
5369
6163,8
6164,19
6165,13
6166,3
6167,8
6168,5
6169,9
6170,8
6698
6170,17
6171,17
6172,9
5951
6172,4
6173,7
6174,10
6175,10
6176,9
6177
6178,10
6179,5
6180,6
6181,23
6182,9
6183,5
6184,13
6185,10
6186,3
6370
6186,5
6187,10
6188
6189,5
6190,7
6191,15
6192,9
6193,12
6194,9
6195,9
6741
6195
6196,4
5990
6196,11
6197,2
6198,8
6199,15
6200,10
6201
6202,13
6203,4
6204,16
6205,3
6206,10
6207,5
6208,3
6209
6210,8
6211
5896
6211,3
6212,5
6213,16
6214,9
6215,11
6216,4
6217,21
6218,2
6219,7
6502
6219,3
6247
6219,9
6220,18
6221,17
6222,14
6223,14
6224,19
6225,20
6226,17
6227
6228,10
6229,14
6230,5
6037
6230
6231,4
6232
6233,9
6234,3
6235,7
6236,9
6237,4
5630
6237,6
6238,2
6239,8
6388
6239,2
6668
6239,3
6240
6241,12
6242,18
6243,16
6244,25
6245,9
6246,25
6247,10
5581
6247,3
6248,14
6249,5
6250,5
5719
6250,6
6251,3
6252,8
6253,10
6254,2
6255
6256,2
6257,2
6258,3
6160
6258,5
6259,12
6288
6259,20
6260,8
6261,7
6262,9
6263,11
5452
6263,10
6264,17
6265,11
6266
6267,16
6268
6269
6270,24
6271,14
6272,2
6273,5
6274,6
6275,6
6276,6
6277,6
6278,2
6279,4
6280,11
6281,6
6282,7
6283,5
6284,6
6285,10
6286,6
6287,17
6288,13
6289,9
6290,5
6291,13
6292
6293,10
6294,8
6984
6294
6295,10
6296,12
6297,5
6298
6299
6300,14
6069
6300,2
6301,18
6302,9
5588
6302,10
6303,8
6304,12
6305,4
6306,5
6307,7
6308,5
6309
6866
6310,5
6311,2
6312,9
6313
6889
6313,4
6314,10
6315,7
6316
6317,13
6318,17
6319,27
6320,8
6321,8
6322,16
6323,15
6324
6325,13
6326,5
6327,6
6328,20
6329,3
6330,4
6331,15
6332,15
6333,8
6334,2
6335,13
6336,13
6337,3
6338
6339,10
6340,21
6341,5
6342,16
6478
6342,14
6343,2
7143
6343,7
6344,3
5523
6344,7
6345,2
6346,7
6347,8
6348,7
6349,17
6350,4
6351,5
6352
6353,5
6354,7
6355,8
6356,14
6357
6358,3
6359,8
6360,8
6361,17
6362
6363,21
6364
6365,2
6366,5
6367,8
6368,19
6369,18
6370,14
6371,5
6372
6373,9
6374,5
6375,11
6376,2
6706
6376,10
6377,13
6378,11
6379,15
6380,2
6381,9
6382,9
6383,12
6384,8
6385,14
6386,17
6387,8
6388,16
6389
6390,5
6391
6392,14
6393,2
6394,10
6395,13
6396
6397,17
6325
6398,9
6399,10
6400,9
6401,5
6402,7
6403,15
6404,7
6405,7
6406
6407,15
6408,12
6047
6408,6
6409,11
6410,4
6502
6410,11
6411,3
6412,14
6413,5
6414,14
6415,8
6416,26
6417,14
6418,29
6419,5
6958
6419,11
6420
6421,8
6422,3
6423,5
6424,9
6425,7
6426,13
6427,23
6428,4
6429,4
6153
6429,19
6430,14
6431,8
6432,9
6410
6432,19
6433,7
6434,7
6435,13
6436,4
6437,9
6438,20
6439,27
6440,19
6441,3
6442,8
6443,10
6115
6444,8
6445,12
6438
6445,9
6446
6447,6
6448,7
6449,11
6450,6
6451,5
6452,12
6453
6454
6455,9
6112
6455,12
6456,3
6457,8
6458,14
6459,10
6460,15
6461,6
6462,5
6463
6464,7
6465
6466,16
6467,12
6468,8
6469,10
6233
6469,10
6470,6
6471,4
6472,14
6473,17
6474,7
6076
6475,7
6265
6475
6869
6476,19
6477,21
6478,26
6479,4
6480,17
6481,11
6482,4
6483,22
6484,7
6485,9
6486,23
6487,12
6488,8
6489,5
6390
6489,10
6490,8
6491
6492,9
6493,8
6665
6493
6494
6495,8
6496,28
6497,9
6498,9
6499,13
6500,13
6501,2
6332
6501,3
6502,19
6503,23
6504,15
6879
6504,2
6505,9
6506,13
6507,2
6508
6509,7
6510
6511,13
6512,11
6513,10
6583
6513,2
6514,8
6515,16
6516,2
6517,15
6518,16
6519,11
6520,3
6521,3
6522,6
6523,15
6524,16
6525,21
6627
6525,2
6526,19
6527,32
6528,17
6529,13
6530
6531,2
6532,20
6533,8
6534,6
6535,7
6536,9
6537,6
6538,15
6539
6540,24
6541,14
6542,14
6543,14
7186
6543,3
5877
6543,2
6544,8
6545,28
6546,11
6547,10
6548,16
6549,4
6550
6744
6550,5
6551,6
6552,18
6553
6554,8
6555,6
6556
6557,10
6558,16
6259
6558,5
6559,4
6560,9
6561,8
6562
6563,2
6564,4
6360
6564,18
6565,20
6566,5
6567,3
6568
6569,9
6570,3
6001
6570,3
6363
6570
6571
6572,22
6573,20
6574,21
6575,8
6576,9
6577
6578
6579,9
6580,5
6581,34
6582,6
6583,13
6584,3
6230
6584,8
6585,4
6586,3
6587,20
6588,24
6589,29
6590,12
6591,5
7200
6591,4
6592,13
6593,14
6594,5
6595
6596,16
7193
6596,17
6597,9
6598,4
6599,2
6600
6601,7
6602
6603
6604,7
6605,2
6606,8
6607,15
6608,12
6609,9
6610,6
6611,7
6612,3
5815
6612,3
6613,7
6614,6
6615,21
6616,7
6617
6618,14
6619,7
6620,9
6621
6622,5
6623
6624,8
6625,15
6626,12
7437
6627,24
6628
6629,7
6630,9
7443
6630,11
6631,18
6632,10
6633,23
6634,6
6635,4
6636,4
6637,14
6638,20
6639,10
6640,19
6641
6642,6
6643,23
6644,4
6645,8
6646
6647,6
6648,7
6649,2
6650,8
6651,42
6652,9
6653,20
6654
6655,8
6656,8
6657,14
6658,15
6659,10
6660,9
6661,13
6662
6663,4
6664,13
6120
6664
6665,5
5915
6665,9
6666,11
6667,21
6668,4
6135
6668,10
6380
6669,9
6670,13
6671,5
6672,5
6673,4
6674,13
6675,8
6676
6677,2
6678,2
6679,15
6827
6679,2
6680
6681,17
6682,2
6683,23
6684
6685,9
6686,22
6687,10
6688,7
6689,10
6690,5
6691,5
6692,5
6693,19
6694,16
6695,2
6696,8
6697,14
6698,15
6699,2
6700,11
6332
6700,9
6701,5
6702,4
6703,11
6704,20
6705,15
6706,3
7338
6706,12
6707
6708
6709,9
6710,12
6711,22
6712,7
6713,3
6714,9
6715,7
6716
6717,7
6718
6719
7145
6719,6
6741
6719,2
6720,9
6721,19
6722
6723,2
6724,10
6725
6726
6727,10
6728
6729
6730
6731,16
6732,5
6733,9
6734,6
6735,7
6736,7
6737,8
6738,6
6739,12
6740,6
7010
6740,3
6108
6740,11
6741,26
6742,26
6743,11
6744,18
6745,2
6746,2
6747
6748,5
6749,11
6750,13
6751,5
6752,19
6753,24
6754,6
6755,17
6756,6
6757
6758,9
6759
6760,11
6761,18
6762,11
6763,9
6764,20
6765,10
6766,4
6638
6766,4
6767,13
7295
6767,3
6768,16
6769,17
6770,12
6771,5
6772,6
6773,13
6774,8
6775,8
6776
6777,18
6778,11
6779
6780,21
6781,9
6782,2
6783,16
6784
6785,6
6786,4
6787,12
6788,4
6789,10
6790,12
6791,16
6792,3
6793
6794,7
6795,9
6796,17
6797,13
6798,9
6799,12
6800,10
6801,12
7520
6801,3
6802,11
6803
6804,4
6805,23
6806,2
6807,9
6808
6809,17
6810,12
6811,3
6812,9
6813
6814,17
6815,16
6816,5
6817,13
6818,11
6819
6820,6
6821,10
6822
6823,7
6824,4
6825
6826
7308
6826,21
6827,17
6828,7
6829
6830,6
6020
6830
6831,5
6832,4
6922
6832,2
6833,19
6834,3
6496
6834,3
6835,22
6836
6837
6838,17
6839
6840,9
6841
6842,11
6843,8
6844,12
6845,8
6846
6847,12
6848,16
6200
6849,3
6850,15
6851,6
6852,7
6853,17
6596
6853,4
6854,10
6855,10
6856,7
6857,9
6858
6859,20
6860,15
6861,6
6862
6863,4
6864,15
6865,6
6866,8
6867,5
6868,15
6869,15
6870,12
6871,2
7580
6871,4
6872
6873,3
6874,10
6579
6874,3
7128
6874,10
6875,22
6876,4
6877,14
6878,9
6879,4
6880,7
6881,9
6882,18
6883,9
6884
6885,8
6886
6277
6886,6
6386
6886
6887
6888,7
6472
6888,3
6889,5
6890
6891,7
6892
6893,4
6894,6
6895,7
6896
6897,15
6898,6
6899,18
6900
6901,10
6902,9
6903,10
6904
6905
6906,7
6907,10
6908,9
6909,14
6910,14
6911,8
6912,17
6913,10
7403
6913,13
6914,9
6915
6916
6917,21
6918,5
7723
6918,15
6919,3
6920,8
6921,12
6922,26
6923,13
6924,9
6925,3
7105
6925
6926
6927,2
6928,16
6929,10
6930,38
6931,12
6932,22
6933
6934,5
6935,13
6936,7
6937,10
6938,3
6939,3
6940,11
6941,6
6942
6943,7
6944,4
6945,18
6946,2
6947,6
7246
6948,3
6949,9
6863
6949,4
6950
6951,9
6952,15
6953
6404
6953,6
6954,20
6955,16
6956
6957
6958,16
6959,7
6960,11
6961,20
6962,17
6963,9
6964,20
6965,4
6966,4
6967
6968,24
6969,12
6970,7
6350
6970,13
6528
6971,14
6972,19
6973,10
6974,12
6975,9
6976,14
6977,6
6978,10
6979,2
6980,12
6981,10
6982,4
6983
6984,16
6985,7
6986
6987,15
6988,11
6989,4
6990,9
6991,19
6992,10
6993,8
6994,4
6995,4
6996
6997,22
6998,11
7506
6998
6999,3
7000,14
7001
7002,16
7003,10
7801
7003,4
7004,2
7005,13
7006
7007
7008,11
7009,13
7011,10
7012,27
7013,16
7014
7015,13
7016,26
7017,16
7018,19
7019,7
7020,8
7021,7
7860
7021,3
7022,16
7023,4
7024,3
7025,7
7026
7574
7026,5
7027,7
7028
7158
7028,27
7029,7
6851
7029,11
7030,3
6807
7030
7031
7032
7033,8
7034
7035,9
7036,4
7037,5
7745
7037,9
7038,10
7039,9
7040,9
7041,9
7042,12
7043,2
7044,14
7045
7046,3
7047,2
7048,8
7049,7
7050,4
7051
7052,6
7053,13
7054,8
7055,17
7056,12
7057
7806
7057,22
7058,9
7059,11
7060,2
7061,19
7062,2
7063,16
7064,4
6740
7065,9
7066,7
7067,11
7068,13
7069
7070
7071
7072,24
7073,15
7074,9
7075,10
7113
7075,5
7402
7075,4
7076,13
7077,14
7078,13
7079,10
7080,18
7081,14
7082,13
7083,5
7084,9
7085,13
7086,5
7087,4
7088,3
7089,11
7090
7091,21
7092,11
7093,2
7094,7
7095,3
7096,13
7097,3
7098,23
7099,11
7100
7101,8
7102,6
7103,14
7104
7105,23
7106,15
7107,4
7108,24
7109
7089
7109,23
7110,6
7111,10
7112,14
7113,5
7114
7527
7114,13
7115
7116,8
7117,8
7118,5
7119,9
7120,5
6489
7120,14
7596
7120,2
7121,16
7122
7123,15
7124,4
7125,10
7126,9
7127,12
7128,32
7129,17
7130,2
7131,25
7132,7
7133,9
7134,9
7135,18
7136,17
7008
7136,6
7137,12
7138
7139,3
7140,16
7141,14
7142,10
7143,6
7144,4
7145,12
7146,11
7147,27
7148,14
7149,23
7150,24
7672
7150,5
7151,9
7152,24
7153,14
7154,8
7155,2
7387
7155,10
7156,10
7157
7158,18
7159,13
7160,3
7161,5
7162,6
7163,6
7164,19
7165
7166,13
7167,2
7168,8
7169,17
7170,6
7171
7172,5
7173,7
7174,6
7175,12
7176,23
7177,17
7178
7179,4
7180,2
7181
7182,10
7183,20
7184,9
7185,12
7186,12
7187,14
7188,7
7189
7190,14
7191,9
7192,15
7193,7
7194,11
7195,9
7196,8
7197,7
7198,6
7199
7200,10
6670
7200,7
7201,20
7202,7
7203,8
7396
7203,8
6397
7203,8
7204,6
7205,8
7206,4
7207,18
7208,8
7209,6
6930
7209,4
7204
7209,5
7210
7211,9
7212
7213,13
7214
7215,16
7216
7217
7218,10
7219,7
7220,5
7221,17
7222,20
7223,12
7224,17
7225,16
7226,9
7227,4
8001
7227,22
7228,13
7229
7230,14
7231,4
7232,12
7233,12
7234,13
7235,6
7236,16
7237
7238,16
7239
7240,12
7663
7240,2
7241,9
7242,15
7243,14
7244,5
6455
7244,7
7245,13
7246,11
6615
7247
7248,8
7532
7248,6
7249,15
7250,10
7251,15
7252,4
7253,2
7254,6
7255
7256,20
7257,21
7258,9
7259,14
7260,3
7261,9
7262,22
7263,23
6781
7263,3
7264,3
7265,8
7266,11
7267,2
7268
7269,9
7270,4
7271,3
7272,14
7273,7
7274,12
7469
7274,7
7275,6
7276,21
7277,11
7278
7279,25
7280,11
6473
7280,4
7281,11
8079
7281,6
7282,9
7283,11
7284,13
7285,8
7286,14
7287
7288,3
7289,8
7290,22
7291,13
7292,10
7293,7
7294,4
7295,5
7296
7297,7
7298,26
7299,12
7300,5
7301,17
7302,3
7303
7304,21
7305,4
7306,12
7307,11
7308,14
7309,8
7310,2
7311
7312,2
8076
7312
7313,10
7314,15
7315,7
7316,9
7317,33
7318,10
7732
7318,3
7319,24
7320,12
7321,2
7322
7323,4
7324,9
7325
6700
7325
7326,2
7327,12
7328,7
7329,14
7330,14
7331,9
7332,8
7333,4
7334,8
7703
7334,13
7335,4
7336,8
7337,10
7338,13
7339,15
7340,2
7341,5
7342,8
6689
7342
7343,6
7344,9
7345
7346,9
7347
7348,7
7349,6
7350,4
7351,12
7352,13
7353,20
7354,3
7355,9
7356,11
7357,14
7358
7359,17
7360,15
7361,7
7362
7363,6
7364,8
7365,11
7366,6
7367,6
7368,3
7369,15
7370
7371,4
7372,9
7373
7374
7375,2
7376,5
7377,3
7378
7379,2
7380,17
7381,23
7190
7382
7383,8
7384,14
7385
7386,12
7387,13
7388,10
7773
7388,13
7389,7
7390,11
7391,11
7392,5
8171
7392
7393,15
7394,2
7395,9
7361
7396,12
7397,3
7398,9
7399,11
7400
7401,5
7402,16
7403,4
7404,5
7405,4
6773
7405,11
7406
7407
7408,9
7409,13
7410,3
7411
7412,8
7413,9
7414
7415,15
7416,2
7417,24
7418,11
7419,12
7314
7419,2
7420,7
7421,17
7422,6
7423,16
7424
7425,15
7426,4
7427,2
7428,2
7429,18
7430,13
7431,9
7432,45
7433,18
7434,3
7435
7436,11
7437,12
7438,7
7439,12
7440,5
7441,16
7442,5
7443,31
7444,9
7445,3
7280
7445,3
7446,5
7447
7448,6
7449,5
7145
7449,2
7450,8
7451,2
7452,13
7453,3
7454
7455,25
7456
7457,3
7458,6
7459,15
6700
7460,14
7461,17
7462,3
7463,13
7464,22
7465,13
7466,8
7467,14
7468
7469,32
7470
7471,5
8060
7471,8
7472,13
7473,19
7474,15
7475,4
7476
7477,11
7478,20
7479,16
7480,7
7481,16
7482,12
7483,4
7484,5
7317
7484,4
7485,10
7486,2
7487
7859
7487,2
7488,2
7489,5
7490,4
7491,3
7492,10
7493,15
7494,16
7495,14
7496
7497,18
7498,21
7499,11
7500,24
7501,8
7502,3
7503,10
7504,15
7505,28
7506,11
6960
7506,7
7507
7508,4
7509,12
8131
7509,8
7510,7
7511,2
7512,11
7513,9
7514,9
7515
7516,16
7517,4
7518
7519
7520,7
7521,23
7522,8
7523,12
8082
7523,7
7524,16
7525,10
7526
7527,14
7528,14
7529,3
7530,2
7531,15
7532,17
7533,25
7534,8
7535,18
7536
7537
7538,16
7539
7540
6981
7540,13
7541,3
7542,6
7543
7544,4
7545,8
7546,15
7547,5
7810
7547,2
7548
7549,14
7550,15
7551,12
7552,11
7553,9
7554,29
7555
7556,7
7557,8
7558
7559,13
7560,14
7561,8
7562,20
7563,2
7564,9
7565,6
7566,41
7567,3
7568
7569,4
7570,12
7571,5
7572,15
7573,14
7574,27
7575
7576,6
7577,12
7578,7
7579,8
7580,10
7581,5
7582,2
7583,10
7584,6
7585,10
7586,11
7587
7588,32
7589
7590,7
7849
7590,14
7591,12
7592
7593,5
7594,5
7595,2
7596,6
7597,7
7598,15
7599
7887
7599,5
7905
7599,10
7600,16
7601,7
7602,5
7603,13
7604
7605
7606
7607
7608,18
7609,14
7610
7611,12
7612
7613
7614,6
7615,6
7616,17
7617
7618,21
7619,15
7620,6
7621,10
7622,2
7623,5
7624,24
7625,9
7626,7
7627
7628
7629,15
7630,4
7631,8
7632,10
7633,11
7910
7633,17
7634,12
7635,8
7636
7637,7
7638,6
7639
7640,17
7641,5
7642
7643,15
7644,2
7645,4
7646,4
7647,3
7648,9
7649,7
7650,21
7651,18
7652,12
7653,5
7654,12
7655,11
7656,16
7657,7
7658,19
7659,9
7660,10
7381
7660,3
7661,22
7662,7
7663,13
7664,6
7665,2
7666
7667,7
7128
7667,5
7668,4
7669,3
7670,12
7671,19
7672,12
7673,5
7674,9
7675,2
7676,3
7677
7678,9
7679,13
7723
7679
7680
7681
7682,6
7683,26
7684,3
7685,6
7686,9
7687,9
7688,8
7689,9
7690
7691,14
7692,11
7336
7692
7693
7694,7
8091
7694,14
7695
7696,22
7697,9
7698,6
7699,2
7700,7
7701,12
7702,8
7703,13
7704,5
7808
7704,3
7705,3
7153
7705,16
7706,11
7707
7708,7
7709
7710,7
7711,11
7712,7
7713,2
7714,18
7715,12
7716,2
7717,18
7718,2
7719,6
7720,32
7721,2
7722,10
7723,6
7136
7723,10
7724
7725,17
7726,4
7727,5
7728,10
7729,3
7730
7731,21
7732,5
7733
7734,20
7735,4
7736,4
7737,16
7738,7
7739,17
7740
7741,5
8023
7741,6
7742
7743,11
7744,13
7745,20
7746,7
7747,13
7219
7747,11
7748,2
7749,19
7750,13
7751
7752,2
7753,19
7754,9
7755
7756
7757,21
7758,14
7759,9
7760,8
7761,22
7762,9
7763,23
7764,20
7765
7766,6
7767
7768,10
7769,18
7770,5
8037
7770,13
7771,2
7136
7771,4
7862
7771,10
7772,13
7773,16
7774,13
7420
7774,9
7775,9
7776,7
7777
7778,6
8044
7778,7
7779,9
7780,16
7781,11
7782,7
7783,6
7784,13
7785,2
7786,5
7787,6
7788,4
7789,29
7790,5
7791,14
8140
7791,4
7792
7793,8
7794,19
7795,5
7796,29
7797
7798
7799,4
7800,11
7801
7802,5
7803,10
7804,9
7805,13
7806,6
7807,27
7808,7
7809,6
7810,17
7811,20
7812,10
7813,3
7814,14
7728
7814,5
7815,21
7816,11
7817,8
6874
7817
7818,11
7819,8
7820,3
7821,4
7822,7
7823,3
7824,17
7825,7
7826,5
7827,8
7828,7
7829,6
7830,5
7831,5
7832,11
7833,15
7834,5
7835
7836,10
7837,8
7838,34
7839,9
7840,16
7841,4
8075
7841,4
7842,12
7843,7
7844
7845,10
7846,6
7847
7848,7
7849,5
7884
7849,42
7850,10
7082
7850,4
7851,10
7852
7853
7854,5
7855,16
7856,14
7857,13
7858
7859,15
7860,13
7861
7862,17
7863
7864,9
7865,4
7866,4
7867,7
7868,3
7869
7870,11
7871,13
7872
7873
7874,2
7875,33
7876,9
7877,15
7878,2
7879,18
7079
7879,3
7880,14
7881,9
7525
7881,8
7882,3
7883
7884,7
7885,5
7886,5
7887,22
7888,3
7148
7888,13
7889
7890
7891,7
7892,4
7893
7894,18
7895,7
7896,2
7897,7
7898,25
7899,24
7900,6
7901,17
7902,28
7903,9
7904,4
7905,42
7906,16
7907,7
7908,5
7909,8
7910,9
7911
7912
7913,10
7914,14
7915,8
7916,15
7917
7918,9
7919,19
7920,9
7921,8
7922
7923,3
7132
7923,16
7924,4
7925
7926,4
7927,6
7928,12
7929,16
7930,3
7366
7930,4
7238
7930,5
7931,5
7831
7931,14
7932,11
7933,4
7934
7935
7930
7935,15
7936,9
7937,10
7938,18
7939,6
7940,5
7941,7
7942,9
7133
7943,16
7944,10
7945,16
7946
7947
7948,19
7949,13
7950,9
7951,25
7952,4
7953,5
7954
7955
7956,15
7957,20
7958,12
7959,11
7960,5
7961,8
7962,15
7761
7962,4
7963,8
7964,4
7965,3
7966,2
8177
7966,6
7801
7966
7967,4
7968,23
7969,5
7970,5
7161
7970,2
7971,2
7571
7971,16
7972,9
7973,8
7974,11
7975,14
7976,7
7977
7978
7979,33
7980,4
7981,5
7982,4
7983,7
7984,10
7985
7986,8
7987,5
7988,16
7989,22
7990
7991,6
7992,12
7993,8
7994,10
7995,6
7996
7997
7998,9
7999,3
8000,10
8001,6
8002,10
8003,7
8004,7
8005,8
8006,12
8007,29
8008,10
8009,8
8010,4
8011,14
8012,8
8013
8014,15
8015,6
8016,21
8017,14
8018
8019,14
7441
8019
8020,19
8021,14
8022,18
8023,11
8024,14
8025,24
8026,6
8027,12
8028,6
8029,15
8030,14
8031,2
8032
8033,3
8034
8035,6
8036,6
8037,9
8038,24
8039
7211
8039,14
8040,4
8041,8
8042,12
8043,8
8044,12
8045,3
8046
7290
8046,18
8047
8048,15
8049,13
8050,7
8051,18
8052,7
8053,9
8054,18
8055,17
8056,16
8057,19
8058,7
8059,11
8060,9
8061,14
8062,6
8063
8064,16
8065,4
8066,15
8067,7
8068,2
7982
8068,16
8069,4
8070,9
8071,10
8072,8
8073
8074,4
8075,6
8076,18
8077,11
8078
8079,9
8080,7
7966
8080
8081,14
8082,19
8083,8
8084,11
8085,11
7788
8085,3
8086
8087,16
8088
8089,7
8090
8091,18
8092,14
8093,5
8094,7
8095,10
8096,17
8097
8098,18
8099,4
8100,17
8101,6
8102
8103,3
8104
8105,9
8106,15
8107,13
8108,4
8109,7
8110
8111,18
8112,17
8113,6
8114,9
7496
8115,5
8116,3
8117,10
8118,9
8119,2
8120,11
8121,10
8122,25
8123,29
8124
8125,9
8126
8127,20
8128,11
8129,6
8149
8129,7
8130,9
8131,13
8132,5
8133,10
8134
8135,5
8136,6
8137,9
8138,11
8139
8140,15
8141,10
8142,14
8143
8144,9
8145,6
8146,3
8147,9
8148,6
8149,12
8150,9
8151,3
8152
8153,4
8154,14
8155,19
8156,8
8157,2
8158
8159
8160,5
8161,15
8162,7
8163
8164,30
8165
8166,7
8167,17
7686
8167,7
8168,8
8169,6
8170,20
8171,26
7572
8172,9
8173
8174,3
8183
8174,11
8175,6
8176,19
8177,12
8178,5
8179,12
8180
8181,9
8182
8183,18
8112
8183,3
8184,17
8185
8186
8187,11
8188,16
8189,9
8190,6
8191,5
8082
7640
7831
7989
7995
7948
7860
7826
8042
7720
7839
8029
7930
7849
7803
7753
8096
7618
8085
8056
8019
8083
8022
7780
7640
8191
