3512
2251
349
3108
6494
3019
1154
107
6321
1470
1804
4000
2339
2894
3364
4288
2227
1848
3372
1569
1803
779
2479
4867
4800
1325
3073
6004
3978
2427
3819
3486
2144
148
4288
6171
699
2994
3249
6219
4772
3629
1388
1477
1193
2162
2111
4440
2867
1643
3517
92
4142
3316
2622
1705
663
125
207
3185
2538
2737
1471
2552
1118
1586
2155
1262
5451
1423
2262
503
1442
2611
6186
452
3861
1085
47
1455
831
734
3585
1075
390
4334
1488
4506
2094
2961
4598
702
2118
1234
3425
681
4161
5367
196
1425
116
412
7145
2987
1832
1421
5244
984
3836
2367
1922
287
228
2860
1951
2998
3962
3087
2854
7187
1925
1737
6370
4479
2520
4116
298
1214
260
3310
1729
2235
1106
954
2637
822
3729
4868
5241
1190
1289
2893
4355
2986
1042
28
222
4135
4810
74
5454
570
2221
396
678
6940
938
465
984
1997
2224
30
7590
1791
783
730
3978
1427
669
7109
660
320
255
87
701
5697
1084
5714
157
2006
164
35
2864
2832
3425
4958
3690
3715
1137
811
1319
5935
2382
433
721
3494
365
3926
3346
5829
1709
1620
4582
2961
785
1139
2365
2765
6517
7478
1680
4191
2569
5929
1492
1888
1576
0,6
1,6
2,2
3
4,14
5,6
6,21
7,13
8,4
9,9
10,16
11,4
12,7
13,4
14,12
15,4
16,3
17,5
18,2
19,33
20,8
21,5
22,8
23,31
24,21
25,9
26,8
27
28,11
29,2
1035
30,6
31,2
32,26
33
34,7
35,11
36,25
37,9
38,16
39,10
40,10
41,5
42,23
43,10
44,6
45,4
46,19
47,16
48,8
49,2
50,4
51,8
52
53,13
54,9
55
56,6
57,24
58,16
59,6
60,14
61,13
62,2
7515
62,8
63,16
64,7
65,2
66,7
67,10
68,13
69,21
70,14
71,9
72
73,16
74,12
75
76,19
77,3
7998
77,6
78
79,11
80,22
81,11
82,26
83
84,8
85,22
86,14
87,5
88
89,6
90,9
91,3
92,15
93
94,6
95,7
96,34
97,16
98,7
99,5
100,10
101,9
1567
101,14
102,11
103,4
104,5
105,5
106,5
107,24
108,10
109,31
110,19
111
112,9
113,15
114
115,26
116,6
117,11
118,18
119,9
5124
119,2
120,12
121,37
122,9
123,7
124
125,27
126,10
127
128,5
129,4
130
131,2
7521
131,6
1471
131,3
132
133,7
134,5
135,14
136,3
137,16
138,21
139,11
140,10
142,9
143,11
144,6
145,10
146,22
147,6
148,21
149,19
150,17
151,3
152
153,7
154,10
155,10
156,4
157,11
3004
157,4
158
159,16
160,23
161,5
162,10
163,10
164
2313
164,4
7554
164,10
165,18
166,14
167,2
168,14
169
170,14
171,3
172,10
173
174,4
175,21
176,9
177,10
178,8
179,6
180,9
181
182,4
183,8
184,23
185,20
186,28
187,7
188,12
189,23
190
191,4
192,9
193,13
194
195,3
196,12
197,9
198,23
199,19
200,8
201,4
202,13
203,8
204,8
205,8
206,20
207,13
208,7
209
210
211
948
211,10
212,3
213
214,14
215
216,6
217,14
218,14
219,8
220,2
221,10
222,13
223,19
224,8
225,16
226
227,11
228,17
229,14
230
231,17
232,4
233,6
234,5
235,15
236,3
237,9
238
239,25
240,18
241,6
242,10
243,14
244,16
245,10
246,27
247,9
248,10
249,2
250,6
251,7
252,20
253
254,13
255,22
256
257,16
258,7
259,7
260,13
261,5
7922
261
262,2
263,8
264,2
265
266,4
267,2
268,23
269,17
270,13
271,14
272
273,15
274
275,8
276,14
277,5
278,4
279,5
280,16
4627
281,6
282,9
283,15
284
285
286,5
287,14
288,15
517
289,19
290,30
291,12
292,8
293,9
294,7
295
296,9
297,7
298
299
300,18
301,6
302,8
303,4
304,7
305,11
306,24
307,8
308,10
309,6
6890
309
310,9
311,15
312,6
313,13
314,7
315,22
316
317,5
318,9
319,2
320,23
321,19
322
323,18
324,9
325,4
326,7
327,5
3962
327,15
328,13
329,22
330,10
331
332,12
333,12
334,11
335,8
336,3
337
338,4
339,6
340,17
341,16
342,9
343,8
344
345,3
346,8
347,13
348,7
349,21
350,25
351,15
352,21
353,20
354,11
355,7
356,9
357,13
358,12
359,14
360,20
361,11
362,14
363,10
364,7
365,8
366,25
367,17
368,14
369,14
370,10
371
372,15
373,18
374,13
375,8
376,11
377,13
378,10
379,3
2087
379,5
380,11
381
382
6220
382,9
383
384,5
385,7
386,26
387,16
388,22
389,9
390,26
391
392,19
393,6
394
395,3
396,5
397,7
398,6
399
400,14
401,10
402,9
403,13
404
405,9
406,4
407,19
408,5
4547
408,22
409
410
411,19
412,9
413,15
414,9
415
416,17
417,10
418,7
419,14
420
421
422,7
423,11
8089
423
424,12
425,3
426
427,5
428,10
429,7
430,19
431
432,9
433,19
434
435,2
436,11
437,18
438,9
439,8
440,7
4042
440,8
106
440,3
441,31
442,11
443,9
444,5
445,8
446,25
5784
447
448,6
449,6
450,12
451,29
452,8
453,2
454,20
455,4
456,7
457,12
458,8
459,16
460
461,9
462,6
463,15
464,16
465,25
466,6
467,7
468,5
469,3
470,3
4562
470,8
471,14
472,18
473,6
474
8162
474,2
475,2
476,19
477
478,19
479,13
480
481
482,10
483,7
484,13
485,13
486,18
3595
486,9
487,9
488,9
489,13
490,4
2127
490,12
491
492,4
493,5
494
495,18
496,8
497,2
498
499,13
500,21
501,9
502,4
503,8
2214
503,14
504,5
505,17
506,37
507,6
508,9
509
510,7
511,8
512,2
513,5
6105
513,7
514,3
515
516,24
6686
516,2
517,9
518
519,15
520,19
521,8
522,6
523,4
524,11
525,5
526
527,4
528,6
529,6
530,12
531,16
532,8
533,8
534,9
535,3
536,12
537
538,10
539,29
540,4
541,4
542,9
543,13
544,13
545,8
546,9
547,5
548
549,22
550,16
551,16
552,21
553,18
554,23
555,8
2760
71
555,28
556,8
557,15
558
559,5
560
561,10
562,10
563,10
564,7
565,7
566,9
567,3
568,14
569,11
570,10
571,13
572
573
574,36
575,2
576,10
577,8
578,29
579,9
580,19
581,22
582,15
583,11
584,4
585,4
586
587,8
588,19
589,8
590,17
591,15
592,10
593,11
594,4
595
596,10
597
598,13
599,24
600,4
601
602
603,27
604,17
605,6
606,13
607
608,3
609,22
610,12
611,12
612,9
613,3
614,12
615,15
616
617
618,10
619,13
620
621,6
622
623,17
624,19
625,15
626,18
627,6
6112
627,8
628,16
629,2
1337
629,13
630,17
631,7
632,4
633,16
634
635
636,10
637,4
638,20
639,7
640
641,7
642
643,10
644,3
645,17
646,8
647,32
648
649,18
650
651,16
652
653
654,15
655,15
656,3
657
658,12
659,22
660,13
661,6
662,3
8056
662,13
663,15
664,8
2580
664,8
665,2
666,13
667,8
668,15
669,15
670,18
671,4
672
673,2
674,7
675,13
676,18
677,7
678,9
679,9
680,8
681,13
682,19
683,12
684,3
685,4
686
687,10
688,10
689,26
690,20
691,8
692,9
693,18
694,7
695,3
696,3
697,3
698
699,22
700,8
701,10
702,12
703,8
704,8
705,7
5745
705,14
706,15
707,8
708,24
709,5
710
711,18
712
713
714
715,3
716,15
717,11
718,12
719,22
720,7
721,18
722,6
723,5
724,3
725,11
726,7
727,11
728,5
729,2
730,12
731,11
732,10
733,6
734,15
735,14
736,7
737,13
738,7
739
740,8
741,3
742,8
743,5
744,8
745,26
746,11
747,22
748,8
749,21
750,7
7637
750,5
751,12
752,16
753,17
754,5
755,12
756,10
757,6
758,12
759
760,14
761,7
762
763,11
764,14
765,4
766,4
767,20
768,13
769,26
770,12
771,5
772,5
773
774,7
775,19
776,15
777,8
778,18
779,23
780,24
781,3
782,6
783,7
784,12
785,12
786,13
787,14
788,9
789,11
790,18
791,5
792,13
793
794,5
795,17
796,14
797,19
798,12
799
800,5
801,8
802,17
803,3
804,7
805,8
3676
805,25
806,4
807,18
808,7
809,19
810
811,10
812,10
813
814,6
815,6
816,5
817,11
818,18
819,26
820,25
821,12
822,13
823,2
824,8
825,7
826,18
827,4
828,8
829,4
830,12
831,22
832,9
833,14
834,15
835,14
836,8
837,12
838
839,3
840,9
841,6
842,11
843,29
844,10
845,21
846,25
847,14
848,16
849,10
850,2
851,3
852
853
854,13
855,21
856,9
857,16
858,13
859
860,7
861,26
862
863,14
864,8
865
866,16
867,9
868,12
869,3
870
871,6
872,8
873,12
874,8
875,5
876,13
877,3
878,3
879,7
880,4
881,7
882,11
883,23
884,7
6344
884,8
885,15
886,2
887,11
888,7
889,16
890,14
891,20
892
893,5
894,7
895,9
896,8
897,14
898
899,7
900,5
901,5
902,15
903,17
904,4
905,9
906,4
907,7
908,16
909,6
910,12
911,11
912,15
913,13
914,21
915,23
916,19
917,19
918,11
919,13
920,4
921
922
923,8
924,6
925,8
926
927,22
928,11
929,10
930,5
931,12
932
933
934
935,9
936,9
937,21
938,29
939,8
940,8
941,8
942,5
943
944,5
945,6
946,10
947,8
948,14
949,10
950
951,4
4463
951
952,12
953,13
954,18
955,10
956
957
958,4
959,10
960,4
4757
960,5
961
962,12
963,34
964,7
965,13
966,10
967,6
968
969,9
970,5
971
972,3
973,7
974,10
975
976,24
977,13
978
1008
979,30
980,5
981,2
982,15
983
984,17
985,10
986,17
987,3
988,16
989,6
990,7
991,11
992,21
993,9
994,14
995,7
996,23
997,24
998,5
999,13
405
999,2
1000,3
1001
1002,3
1003,16
1004,8
1005
1006,9
1007,15
1008,3
1009,4
1010,3
3132
1011,15
1012,11
1013,10
1014,22
1015,14
1016,9
1017,5
1018,7
1019,27
1020,4
1021,12
1022,10
4643
1022,19
1023,11
1024,7
1025,3
1026,16
1027,19
1028,9
1029,5
1030,20
1031,12
1032,12
1033,20
2357
1033,4
1034,17
1035,21
1036,14
1037,8
1038
4811
1038,4
1039,5
1040,9
1041,18
1042,16
1043,6
1044,12
1045,13
1046,8
1047,18
1048,11
1049,9
1050,10
1051,10
1052,14
1053,10
1054,2
1055,6
1056,6
1057,5
1058,13
6095
1059,10
1060
1061,4
1062,12
1063
1064
1065,7
1066,6
1067
1068,2
1069,7
1070,15
1071,4
1072,26
1073,4
1074,8
1075,17
1076,11
1077,12
1078,16
1079,10
1080,17
1081,7
1082,17
1083
1084,4
1085,16
1086,22
1087,6
1088
1089,22
1090,3
1091,20
1092,6
1093,10
1094,21
1095,2
5649
1095,4
1096,2
1097,15
1098,8
1099,14
1100
1101,4
1102,13
1103,7
1104,3
1105
1106,18
76
1107,4
1108,14
1109,16
1110,4
1111,12
1112,19
1113,26
1114,9
1115,2
3961
1115,8
1116,11
1117,14
1118,14
1119,12
1120
1121,6
1122,13
1123,13
1124,22
1125,6
1126,7
1127,13
1128
1129,9
1130,17
1131,3
1132,5
1133,5
1134,6
1135,14
1136,28
1137,2
1138,18
1139,9
1140
1141,8
1142,18
1143,21
1144,20
1145,7
7455
1145
1146,16
1147,11
1148,13
1149,8
1150,9
1151,11
1152,15
1153,13
1154,7
1155,7
1156,5
1157,11
1158,13
1159
1160,16
1161,12
1162,7
1163,4
1164,3
1165,14
1166,6
1167,10
1168,4
3562
1168,10
1169,5
1170,7
1171,15
1172,7
3854
1172,10
1173,4
1174,3
1175,8
1176
5765
1176,14
1177,31
1178,14
1179,14
1180,7
1181,2
1182,12
1183
1184,2
1185,18
1186,13
1187
1188
1189,8
1190,13
1191,14
1192,15
1193,6
1194,9
1195,14
1960
1195,4
1196,16
1197,8
1198,8
1199,3
1200
1201,5
1202,3
1203,11
1204
1205,2
1206,9
1207
1208,8
1209,5
1210
1211,20
1212,15
1213,19
1214,15
1215,4
1216,14
1217,2
1218
1219,14
1220
1221,14
1222,4
1223,25
1224,9
1225,23
7490
1225,5
1226,4
1227,4
1228,10
1229,6
1230,4
1231,2
1232
1233,9
1234,16
1235,13
1236,27
1237,7
1238,5
1239,9
1240,4
1241,20
1242,2
1243,18
1244,9
1245
1246,18
1247,15
1248,21
1249,10
1250,9
1251,13
1252,7
1253,18
1254
1255,15
1256,2
1257,3
1258,4
1259,9
1260,14
1261,8
1262,10
1263,14
1264,8
1265,14
1266,26
1267
1268,8
1269,8
1270,18
1271,3
1272,7
1273,8
1274,15
1275,9
1276
1277,24
1278,9
1279,15
1280,9
1281,18
1282,14
1283,11
1284
1285,12
1286,9
682
1286,8
1287,6
1288,11
1289,13
1290,12
1291,5
1292,7
1293,4
1294,5
1295,4
1296,2
1297,6
1298,10
1299
1300,8
1301,7
1302,2
1303,17
1304,10
1305,9
1306
1307,8
1308,7
1309,7
1310,8
1311
1312
1313,5
1314,19
1315,13
1316,11
1317,15
1318,17
1319,19
1320
1321,9
1322,5
1323,7
1324,10
1325,35
1326,12
1327
1328,17
1329,18
1330,22
1331
1332,7
1333,3
1334,14
1335,26
1336,5
1337,7
1338,5
1339,12
1340,9
1341,10
1342,3
6277
1342,6
1343,15
2182
1344
1345,17
1346,2
1347,12
1348,22
1349,12
1350,16
1351,4
1352
1353,4
1354,9
1355,27
1356,19
1357,10
1358,19
1359,9
1360,7
1361,8
1362
1363,13
1364,12
1365,9
8019
1365
1366,18
1367,9
1368,15
1369,7
1370,8
1371
1372,18
1373,9
1374,22
1375,14
1376,15
1377,12
1378,9
1379,9
1380,6
1381,9
1382,9
1383,21
1384,2
1385,7
1409
1385,7
1386
1387,4
1388,7
1389,2
1390,12
1391,12
1392,2
1393,12
1394,5
1395,22
1396,8
1397,20
1398,11
1399,5
1400,7
1401,32
1402,24
1403,27
1404,18
1405,11
1406,6
1407
1408,2
1410,8
1411,6
1412,2
1413
1414,8
1415,2
1416,21
1417,11
1418,17
1419,8
1420,6
1421,5
1422,16
6760
1422,2
1423,11
1424,12
1425,34
1426
1427,13
1428,6
1429,21
1430
1431,6
1432,8
1433,6
5371
1433,5
1434
1435,15
1436,22
1437,13
1438,14
1439,10
1440,10
1441
1442,6
1443,13
1444,2
1445,13
1446
1447
1448,7
1449,3
1450,8
1451,3
1452,8
1453,10
1454,6
1455,4
6051
1455,10
1456,3
1457,6
1458
1459,5
1460,21
1461,13
1462,9
1463,9
1464,6
1465
1466,19
1467,9
6718
1468
1469,26
1470,19
1471,16
1472
1473,16
1474,10
1475,20
1476,5
1477,10
1478,9
1479,17
1480,3
1481,6
1482
1483
1484,2
1485
1486,14
1487,5
1488,14
1489,12
1490,6
1491,12
1492,12
1493,6
1494,3
1495
1496,15
1497,6
1498,22
1499,6
1500,3
1501,7
1502,7
1503,5
1504,13
1505,11
1506,10
5515
1506,11
1507,18
1508,10
1509,16
1510,6
1511,2
1512,20
1513,6
1514,31
1515,13
1516,31
1517,2
1518,9
1519,22
1520
1521,26
1522
1523,3
2842
1523,14
1524,17
1525,6
1526,2
8177
1526,11
1527,4
1528
1529,2
1530,5
1531,16
7739
1532,8
1533
1534,11
1535,11
1536,17
1537,9
1538,21
1539,8
1540,8
1541,12
1542,22
1543,13
1544,21
1545
2281
1545,8
7106
1545,4
1546,15
1547
1548,5
7943
1548,7
1549,3
7233
1549,13
1550,15
4260
1550
1551,21
1552
1553,11
1554,6
1555,16
1556,4
1557,3
1558,17
1559,7
7460
1559
1560
1561,9
1562,4
7780
1563,8
1564,9
1565,2
1566,11
1567,9
1568,4
1569,12
1570
1571,10
1572,3
1573,22
1574,9
1575,17
1576,13
1577
1578,7
1579,4
1580,2
1581,5
1582,11
1583
1584,13
1585
1586,8
1587,20
1588,9
1589,18
1590,14
1591,6
1592,14
1593
1594,11
1595,15
1596
1597,7
1598,10
1599,4
1600,10
1601,5
1602,6
1603,8
1604,5
1605,9
1606,9
1607,17
1608,7
1609,5
1610,9
4591
1611,6
1612,18
1613,17
1614,5
1838
1614,18
1615,8
1616,3
1617,24
1618,7
175
1618,10
1619,19
1620,8
1621,7
1622,13
1623,10
1624,5
1625,7
1626,15
1627,8
1628,11
1629
1630,12
1631,18
1632,7
7219
1632,8
1633,24
1634,16
1635,5
1636,10
1637
1638,14
1639
1640,4
1641,12
1642,11
1643,24
1644,10
1645,8
1646,3
1647,10
1648,8
1649
1650,4
1651
1652,7
1653,8
1654,3
1655,22
1656,10
1657,9
1658,8
1659,20
1660
1661,6
1662,9
1663,11
1664,7
1665,22
1666,2
1667
5625
1667,25
1668,9
1669,6
1670,5
1671,21
1672,28
1673,21
1674,9
1675,18
1676,11
1677,26
1678,9
1679,12
1680,12
1681,9
1682
1683,16
1684,11
1685,4
1686,9
1687,12
1688
1689,27
1690,9
1691,11
1692,11
1693,7
1694,13
1695,6
1696,7
1697
1698,15
1699,4
1700,2
1701,8
1702,9
1703,6
1704,23
1705,8
1706,17
1707,8
1708
1709,9
1710
1711,8
1712,26
1713,8
1714,15
1715,18
1716,7
1717,8
1718,8
1719,12
1720,4
1721,16
1722,12
1723,7
1724,18
1725
1726
1727,6
1728,11
1729,5
1730,20
1731,6
1732,7
1733,17
1734,20
3168
1734,4
1735,12
1736,15
1737,19
1738,10
1739
1740,13
1741,7
1742,5
1743,7
1744
1745,3
1746,5
1747,5
1748,8
1749,2
1750,9
1751,11
1752,14
1753,2
1754,15
1755,24
1756,4
4303
1756,11
1757,7
3359
1757,3
1758,6
1759
1760,4
1761
1762,13
1763,11
2272
1763,6
1764,19
1765,6
1766,6
1767,14
1768,7
1769,6
1770,13
1771,9
1772,10
1773,8
1774,2
1775,11
1776,10
1777,12
1778,4
1779
1780,5
1781,15
1782,13
1783
4043
1784,16
1785,16
1786,12
1787,5
5075
1787,2
1788,14
1789
1790,15
1791,5
1792,4
1793,13
1794,10
7818
1794,11
1795,8
1796,13
1797,16
1798,6
1799,7
1800,19
1801,12
1802,2
1803,8
1804,8
1805,16
1806,13
1807
1808,14
1809,9
1810,2
1811,3
1812,8
1813,15
1814,38
1815,26
1816,10
138
1816,4
1817,11
1818,8
1819,19
1820,7
1821,12
1822,6
1823,10
1824,16
1825,20
1826,9
1827,4
1828,8
1829,19
1830,20
1831,8
1832,8
1833,13
1834,15
1835,10
1836,21
1837,15
1839,8
1840,16
1841
1842,24
1843,9
1844,11
1845
1846,8
1847,19
1848,7
1849,10
1850
1851,9
1852,9
1853,3
1854,5
1855,15
1856,10
1857,11
1858,9
1859,2
1860
7938
1860,10
317
1860,11
1861,8
1862,8
1863,6
1864
1865,7
1866,12
1867,10
1868
1869,5
1870
1871,6
1872,6
1873
1874,17
1364
1874,3
1875,9
1876,2
3654
1876,5
1877,12
1878,15
1879
1880,17
1881,15
1882,6
1883,8
1884,5
1885,30
1886
1887,17
1888,5
1889,19
1890,5
1891,8
1892
1893,15
1894,4
1895
1896,14
1897,13
1898,6
1899,20
1900,5
1901,14
1902,12
1903,19
1904,9
1905,7
1906,11
1907,13
1908,5
1909,3
1910,3
1911,14
1912,12
1913,8
1914
1915,9
1916,9
1917,14
1918,20
1919,15
1920
1921,13
1922,12
1923,7
1924,2
1925,7
1926,2
1927,2
1928,9
6671
1928,3
1929,7
1930,9
1931,26
1932,7
1933,4
1934,14
1935,3
1936,20
1937,5
1938,11
4035
1938,8
1939,13
1940,5
1941,27
1942,8
1943,11
1944,11
1945,18
1946
1947,9
1948,4
1949,2
1950,8
1951,9
1952,14
1953,22
1954,20
1955,4
1956,9
1957,14
1958,12
1959,2
1960,14
1961
1962,9
1963,17
1964,13
1965,21
1966,19
1967,11
1968,20
1969
1970,8
1971,12
1972
1973,14
1974,7
1975,13
1976,10
1977,19
6913
1977
1978,3
1979,3
1980,2
1981,5
1982,9
7487
1982,7
1983,10
1984,8
1985,6
1986,13
1987,8
3266
1987,9
1988,9
1989,4
1990,44
1991,8
1992,30
1993,11
1994,9
1995,5
1996,9
1997,29
1998,7
1999,11
2000
2001,4
2002,14
2003,18
2004
2005
2006,24
2007,5
2008,8
2009,25
2010,4
2011
2012,9
2013,34
2014,8
2015,2
7506
2016,8
2017,2
2018
2019,2
6658
2019,21
2020,8
2021,13
2022,9
2023,13
2024,14
2025,9
2026,5
2027
2028,5
2029,3
2030,9
2031,8
2032,10
2033,32
2034,9
2035,11
2036,7
3773
2036,6
2037,13
2038,7
2039,9
2040,12
2041,8
2042,14
2043,2
2044,8
2045,4
2046,10
2047,18
2048,20
2049,17
2050,7
2051,13
2052,12
2053,6
2054,3
2055,12
2056,2
2057,7
2058,2
2059,6
2060,14
2061,28
2062,4
2063
2064,23
2065
2066,6
2067,8
2068,24
2069,8
2070,23
2071,4
2072,6
2073,15
2074,9
2075
2076,13
2077
2078,11
340
2078,19
2079,7
2080
2081,6
2082,20
2083,4
2084,10
2085,18
2086,9
2087,22
2088,5
2089,15
2090,10
2091
2092
2093,5
2094,8
2095,12
2096,13
2097,4
2098,19
2099,11
2100,6
2101,26
2102,13
2103
2104,19
2105,10
2106,13
2107,15
2108
2109,9
2110,4
2111,19
2112,4
2113,4
2114,9
2115,3
2116
2117,15
2118,17
2119,5
2120,15
2121,9
2122,5
2123
2124,13
2125,8
2126,11
2127,4
4284
2127,13
2128,2
2129,13
2130,12
2131,18
2132,2
2133,12
2134,15
2135,7
2136,13
5607
2136
2137,11
2138,12
2139
2140
2141,4
2142
2143
2144,8
2145,3
2146
2147,10
2148
2149,17
2150,2
2151,11
2152,25
2153,3
2154,6
2155,17
2156,3
2157,12
2158,17
2159
2160,13
2161,19
2162,15
2163,14
2164,8
2165,2
2166,20
2167,20
2168,21
2169,19
2170,5
2171,5
2172
2173
2174
2175,7
2176,23
2177,30
2178,22
2179,6
2180,17
2181
2182,33
2183,3
2184,16
8151
2184,11
2185
2186,16
2187
2188,7
2189
2190,5
2191,3
2192,6
2193,19
2194,19
2195,10
2196,14
2197,3
2198,4
2199,6
2200,6
2201,8
2202,6
2203,8
2204,20
2205
2206,13
2207,19
2208,9
2209,16
2210
2211,9
2212,6
2213
2214,14
2215,3
2216,7
2217,3
2218,9
2219,7
2220,17
2221,8
2222,24
2223,24
2224,22
6490
2224,6
2225,30
2226,10
2227,8
2228,17
2229,8
2230,2
2231,14
2232,3
2233,18
2234,13
2235,7
2236,7
2237,12
2238,35
2239,3
2240,7
2241,10
2242,8
2243,14
2244,18
2245,3
2246,3
2247
2248,10
2249,4
2250,12
2251,4
2252,12
2253,19
2254,6
2255,3
2256,3
2257
2258,16
2259,9
2260,23
2261,11
2262,18
2263,13
2264,3
4288
2264,7
2265,30
2266,3
2267,6
2268,9
2269,8
2270,6
2271,9
2272,12
2273,3
2274,16
2275,7
2276
2277
2278,12
2279,8
2280,2
2281,34
2282,24
2283,28
2284,7
2285
2286,4
2287,13
2288,5
2289,6
2290,15
2291,2
2292,20
2293,10
2294,14
2295,5
2296,15
2297,16
2298
2299,11
2300
2301
2302
2303,9
2304,6
2305,38
2306,3
2307,7
2308,12
2309,13
2310,6
2311
2312,21
2313,14
2314,15
1763
2314,6
2315,6
2316,11
2317,27
2318,7
2319,8
2320,22
2321,12
2322,9
2323,4
7545
2323,5
2324,8
2573
2324
2325,23
2326,3
2327,24
2328,7
5313
2328,5
8189
2328,10
2329,2
2330
2331,11
2332
2333,15
2334,6
2335,6
2336
2337,16
2338,13
2339,24
2340,2
2341,8
2342,14
2343,3
2344,6
2345,12
2346
2347,18
2348,27
2349,20
2350
2351
2352,2
2353
2354,17
2355,6
2356
2357,15
2358,8
2359,5
2360
2361,9
2362,4
2363,11
2364,6
2365,18
2366,10
2367,12
2368,20
2369,15
2370
2371,14
2372
2373,2
2374,10
2375,8
2376,2
2377,12
2378
2379,5
2380,13
2381,8
2382,17
2383,4
2384,2
2385,10
2386,9
2387,20
2388,9
2389,28
2390,10
2391,20
2392,4
2393,7
2394,5
2395,13
2396,7
2397,12
2398,4
1443
2398,2
2399,20
2400,17
2401,12
2402,5
2403,4
2404,30
2405,12
2406,13
2407,27
2408,2
2409
2410,7
2411,7
2412,5
2413
2414,10
2415,16
2416,3
2417
2418,13
2419,27
2420,7
2421,8
2422
2423,9
2424,6
2425,23
2426,4
2427,12
2428,7
2429,13
2430,4
2431,23
2432,7
2433,13
2434,13
2435,11
2436,10
2437,8
2438,6
2439,6
2440,12
2441,5
2442,18
2443,3
3264
2443,8
2444,4
2445,9
2446,7
2447,6
2448,19
2449,10
2450,12
2451,7
2452,15
2453,6
2454,14
2455,9
2456,15
2457,3
2458,3
2459,15
2460
2461,2
2462,3
2463,12
34
2463,7
4655
2463,10
2464,7
2465,21
2466
2467,13
2468,12
2469,2
2470
2471
2472,6
2473,6
4532
2473,2
2474,16
2475,5
2476,2
2477,9
2478,5
2479,11
2480,7
2481,7
2482,13
2483,4
2484,11
2485
2486,5
2487,22
2488,5
2489,3
2490,8
2491,17
2492,6
2493
2494,7
2495,2
2496,5
2497,14
2498,12
2499,15
2500,23
2501,21
2502,8
1854
2502
2503,2
2504,23
2505,13
2506
2507
2508,9
2509,8
2612
2509,2
2510,10
2511,3
2512
2513
2514
2515,12
2516,8
2517,2
2518,2
2519,6
2520,19
2521,2
2522,9
2523,18
2524,2
1712
2524,18
2525,12
2526,7
2527,18
7433
2527,2
2528,7
2529,15
2530,9
2531,5
2532,7
2533,15
2534,4
1716
2534,9
2535,16
2536,12
4023
2536,6
2537,8
2538,4
2539,7
2540,21
2541,18
2542
2543,10
2544,7
2545,12
2546
2547,16
2548,9
2549,12
2550,3
2551,27
2552,8
2553,15
2554,19
2555,5
2556,5
2557,12
2558,15
4408
2559,2
588
2559,15
2560,2
4954
2560,14
2561,24
2562
2563,11
2564,11
2565,6
2566,12
2567,10
2568,16
2569,19
2570,3
2571,12
2572,12
2573,20
2574,11
2575
2576
2577,4
2578,9
2579,13
2580,11
2581,14
2582,12
1402
2582,5
2583,7
2584
2585
2586,8
2587,27
2588,2
2589,14
2590,13
2591,9
2592,4
2593,14
2594
2595,12
2596,7
2597,7
2598,3
2599,29
2600,18
6816
2600,13
2601,2
2602,8
2603,12
767
2604,7
2605,17
2606
2607,7
2608,13
2609,9
2610
2611,15
2612,25
2613,8
2614
2615,3
2616
2617,26
2618,7
2619,3
2620,9
2621,9
2622,20
2623,8
2624,9
2625,5
2626,6
2627,2
2628,14
2629,7
2630,8
3084
2631,27
2632,10
2633,5
2634,4
2635,3
2636,7
2637,21
2638
2639,21
2640,8
2641,9
2642,11
2643,13
2644,8
2645,11
2646,13
2647,16
1801
2647,2
2648
2649,14
2650,22
2651,32
2652,14
2653,5
2654,23
2655,9
2656,11
2657,10
2658,9
2659
2660,3
495
2660,2
2661
2662
2663,33
2664,7
2665,10
2666
2667,3
2668
7025
2669
2670,6
2671
2672,5
2673,12
2674
2675,5
2676,13
2677,13
2678,5
2679,13
2680,14
2681,8
2682,3
5317
2682,12
2683,18
2684,8
2685,3
2686,25
2687,8
2688,16
2689,10
2690,4
2691
2692,7
2693,4
4658
2694,12
2695,10
2696,9
2697,23
2698,10
2699
2700
2701
2702,16
2703
2704,4
2705,14
2706,5
2707,18
2708,18
2709
2710,27
2711,12
2712,8
2713,11
2714,17
2715,17
2716,13
2717,11
2718,12
2719
2720,2
2721,4
2722,6
2723,12
2724,13
2725,14
2726,25
2727,5
2728,10
2729,9
2730,21
2731,13
2732,17
5353
2732
2733,7
2734,11
2735,10
2736,7
2737,19
2738
2739,8
2740,25
5805
2741,6
2742,10
2743
2744
2745,9
2746,4
6632
2747,5
2748,15
2749
2750,11
2751,9
2752,6
2753,19
5379
2754,7
2755
2756,21
2757,7
2758,8
2759
2760,6
2761,9
2762,11
2763,4
2764,12
286
2764,9
2765,15
2766
2767,4
2768,13
2769,24
2770,11
2771,9
2772,13
2773,7
2774,8
2775,18
2776,6
2777,20
2778,12
2779,6
2780,13
2781,13
2782,14
2783,9
2784,5
2785,2
2786,5
2787,8
2788,21
2789
2790
2791,8
2792,12
2793
2794
2795,7
2796,9
2797,10
2798,10
2799,10
2800
2801,9
2802,12
2803,7
2804
2805,17
54
2805,8
2806,8
2807,2
2808,7
2809,2
2810,8
2811
2812,2
2813,36
6264
2813
2814
2815,3
2816,11
2817,15
2818
2819
2820,12
7
2820,12
2821,12
2822,8
5016
2822,14
2823,3
1781
2823,18
2824,13
2825,6
2826,22
2827,8
2828,24
2829,7
2830,25
2831,6
2832,18
2833,13
2834,7
2835,22
2836,13
2837,8
2838,6
2839
2840,15
2841,3
2842,19
3044
2842
2843,11
2844,15
2845,10
2846,2
2847,12
2848,15
2849,22
2850,7
2851,12
2852,6
2853,9
2854,3
1443
2854,13
2855,30
4631
2855
2856,4
2857,4
2858
2859,4
2860,11
2861,22
2862,10
2863
2864,7
2865,32
2866,3
2867,20
2868,16
2869,18
2870,14
2871,3
2872,7
2873
2874,12
2875,7
2876,4
4451
2876,14
2877,18
2878,11
2879,15
2880,9
2881,7
2882,11
2883,17
2884,17
2885,12
2886,2
7401
2886,7
2887,7
2888,6
2889,7
184
2889,4
2890,2
2891,11
5586
2891,5
2892,6
2893,9
4887
2893,5
2894,8
2895,15
2896,2
2897,5
2898,22
2899,4
2900,2
2901,16
826
2901,14
2902,10
2903,12
2904,3
2905,16
2906,8
2907,11
2908,12
2909
2910,9
2911,4
2912,6
2913,21
2914,11
2915,9
2916,6
2917,8
8115
2917
2918,9
2919,10
2920,9
2921,14
2922,12
2923,16
2924,21
2925,8
2926,7
2927,9
2928,2
2929,13
326
2929,2
2930,30
2931,21
2932,11
2933,18
2934,2
2935,5
2936,6
2937,9
2938,17
2939,18
2940
2941
2705
2941,8
2942,2
2943,12
2944,13
2945,7
2946,7
2947,3
2948,8
2949,9
2950,4
2951,5
2952,6
2953,26
2954,14
2955
2956,7
2957
2958,8
2959,3
3119
2959,4
2960
2961,12
2962,14
2963,18
2964,14
2965,10
2966
2967,10
2968,14
2969,6
2970,10
2971
2972,10
2973,7
2974,13
2975,23
2976
2977,2
2978,10
2979
2980,7
2981,9
2982
2983
2984,2
2985
2986,27
2987,29
2988,2
2989,3
2990,16
2991,8
2992,30
2993,3
2994,13
2995,2
2996,12
2997,10
2998,6
2999
3000
3001
6338
3001,9
3002,3
3003,19
3004,32
7009
3005
3006,27
3007,8
3008,8
3009,4
3010
3011,13
3012,27
3605
3013,9
3014,9
3015,8
3016
3017
3018,5
3019,5
3020,6
3021,2
3064
3021,11
3022
3023,11
3024,14
3025,5
3026,9
3027,12
3028
3029,4
3030,11
3031,12
3032,26
3033,10
3034
3035,17
3036,16
3037,6
3038,2
3039
3040,10
3041,12
3042,10
3043
3044,38
3045,18
3046,6
3047,14
3048,28
3049,19
3050
3051,3
3052,5
3053,7
3054,5
3055,3
3056,9
3057
3058,9
3059,20
3060,3
3061,22
3062,4
3063,9
3064,7
3065,5
3066,14
3067,4
3068,20
3069,7
3070,9
3071,12
3072
3073,24
3074,10
3075,4
3076,8
3077,12
3078,6
3079,8
3080
3081
3082,2
3083,13
3084,6
3085,9
3086,10
3087,22
3088,22
3089,28
3090,10
3091,11
3092,4
3093,5
3094,4
3095,4
4985
3095,8
3096,7
3097,4
3098,13
3099,22
3100,4
3101,14
3102,3
6009
3102,5
3103,13
3104,22
3105,15
3106,32
3107,14
3108,16
3109,18
3110,8
3111,9
3112,5
3113,11
3114,4
3115,27
3116,12
3117,14
3118,9
3119,16
3120,6
3121,6
3122,20
3123
3124,13
3125,9
3126,11
3127,11
3128,14
3129,7
3130,6
3131,2
3132,20
3133
3134,3
3135,9
3137,2
3138,11
3139,7
3140,14
8096
3141,8
3142,17
3143,12
3144
3145
3146,4
3147,5
3148,2
3149,17
3150,8
3151
3152,10
3153,11
3154,9
3155,5
3156,14
3157,3
3158,17
3159,31
3160,14
3161,9
3162,8
3163,9
3164,4
1503
3164,5
3165,18
3166,33
3167,9
3168,8
3169,12
3170
3171,13
3172,8
3173,3
3174,4
3175,6
3176,14
3177,9
3178,17
3179,6
3180
3181,4
3182,7
3183,5
3184,2
3185,10
3186,8
3187,9
3188
8088
3188,8
3189
3190,6
3191,9
3192
3193,4
3194,21
3195,10
3196,3
1544
3196,13
3197,7
3198,6
3199,17
3200,2
3201,8
3202,6
3203
3204,9
3205
3206
3207,8
3208,6
3209,8
3210,12
3211,13
3212
3213,7
3214,12
3215,6
3216,11
3217,13
3218,15
3219,10
3220,8
3221,4
3222
3223,14
3224,8
3225
3226,41
3227
3228,7
3229,12
3230
3231,15
3232,7
3233,9
3234
3235,22
3236,11
3237,18
5845
3238,20
3239,10
3240,2
3241,21
3242
3243,10
3244,7
3245,10
3246
3247,21
3248,2
3249,13
3250,7
3251,11
3252,12
3253
3254,20
3255,11
3256,9
3257,2
3258,4
3259
3260,6
3261
3262,24
3263,11
3264,8
3265,14
3266,16
3267,9
3268,15
3269,8
3270
3271
3272,9
3273,4
3274,8
3275,6
3276,6
3277,20
3278,7
3279,21
3280
3281,10
3282,3
3283
3284,10
3285,9
3286,19
3287,6
3288,20
3289,5
3290,30
3291,11
4942
3291,5
3292,14
3293,9
3294,22
3295,3
3296,28
3297
3298,3
3299,10
3300
3301,3
3302,19
3303
3304,17
3305,9
3306,14
4183
3306,13
3307,3
3308
3309,24
3310,12
3311,15
3312,8
3313,13
3314,16
3315,3
3987
3315,13
3316,3
3317,12
3318,9
3319,15
3320,4
3321,11
3322,21
3323,9
3324,23
3325,3
5392
3325
3326,7
3327,5
3328,8
3329,9
3330,8
3331
6669
3331,15
3332,7
3333,13
3334
2861
3334,9
3335,6
3336,4
3337,15
3338,4
3339,15
3340
3341,8
3342,8
3343
3344,5
3345,6
3346,25
3347,12
3348,8
3349,28
3350,10
3351,13
3352,4
3353,9
3354,13
3355
3356,22
3357,15
3358,2
3359,21
3360
3361,2
3362,21
3363,8
3364,13
3365,9
3366,15
3367,7
3368,11
3369,6
3370,7
3371,10
3372,2
1191
3372
3373,9
3374
3375,3
3376,3
3377,6
3378,10
7999
3378,13
1817
3379
3380,22
3381,3
3382
3383
3384,4
3385
3386,13
3387,4
3388,7
3389
3390,14
3391,7
3392,11
3393,9
3394,14
3395,12
3396,7
3397,10
3398,5
3399,9
3400,9
3401
3402
3403,36
3404
3405,17
3406,12
3407,12
3408,3
3409,8
3410,10
3411,5
3412,9
3413,12
3414,10
3415,13
3416,5
3417,6
3418,9
3419
3420,9
3421,2
3422,13
3423,7
3424,3
3425,27
3426,4
5184
3426,9
3427,12
5974
3427,2
3428,8
3429,6
7498
3429,12
3430,8
3431,7
3432,10
3433
3434,12
3435,18
3436,13
3437,27
3438,3
3439,9
3440,2
868
3440,7
3441,7
3442,24
1244
3442,6
3443,7
3444,10
4908
3445,21
3446,3
3447,5
3448,2
3449,22
3450,8
3451,2
3452,2
3453,8
3454,13
3455
3456,7
3457,4
3458,8
3459,9
3460,5
3461,10
3462,9
3463,19
3464,2
3465,2
3466,19
3467,22
3468,9
3469,18
3470
3471,9
3472,2
3473,15
3474,2
3475
3476,7
3477,6
3478,6
3479
7822
3479,9
3480
3481,17
3482,4
3483,11
3484,9
3485
3486,14
3487,3
3488,9
3489
3490,7
3491
3492,24
3493,16
3494,9
3495,12
3496,14
3497
3498,8
3499,4
3500
3501,8
3502,10
3503,5
3504,8
3505
3506,10
3507
3508,26
3509,10
3510
3511,4
3512,18
3513,4
3514,4
3515,21
3516
3517,2
3518,4
3519,22
3520,12
3521,4
3522,3
1110
3522,20
3523,18
3524,6
3525,19
3526,10
3527,5
3528
3529,7
3530,26
3531,13
3532,15
3533
3534,15
3535,8
3536,6
3537,18
3538,9
3539
3540,4
3541,5
3542,7
3543,4
3544,5
3545
3546,12
3547,5
3548,2
3549,5
3550,16
3551
3552,8
3553,15
3554,18
3555,5
3556
3557,3
3558,8
3559,10
3560,8
3561,2
3562,9
2424
3562,3
3563,8
3564,7
3565,6
3566,9
3567,13
3568,9
3569
3570,9
3571,2
3572,10
3573
3574,5
3575
3576,5
3577
3578,5
3579,10
3580,9
3581
3582,17
3583,12
3584,8
3585,26
3586
3587,15
3588,13
3589,22
3590
3591,7
3592,22
3593,12
3594,19
3595,10
3596,12
3597,10
3598,25
3599,19
3600,13
3601,10
3602,9
3603,11
3604,7
3605,16
3606,20
3607,12
3608,8
3609
3610,7
3611,4
3612,3
3613
3614,7
3615
3616,7
3617,6
3618,17
3619,3
3620,11
3621,2
3622,11
3623,10
3624,10
3625,8
3626
3627,16
3628,5
3629,15
3630,3
3631,6
3632,3
3633,7
3377
3633,2
3634,6
3635,5
3636,3
7901
3636,5
3637,9
3638,7
3639,6
3640,10
3641,9
3642,8
7768
3642,11
3643,7
3644,22
3645,6
3646,14
3647,21
3648,8
3649,14
3650,4
3651,9
3652
3653,5
3654,11
3655
3656,6
3657,17
3658,10
3659,3
3660,9
3661,5
3662,12
3663,21
3664,12
3665,9
3666,10
3667,2
3668,14
3669,8
3670,13
3671,6
3672,2
3673
3674
3675
543
3676,14
3677,4
690
3677,12
3678,14
3679,10
3680,18
3681,9
3682
3683,23
3684,19
3685
3686,6
3687,4
3688
3689,7
3690,10
3691,7
3692,12
3693,8
3694,7
3695,6
3696
3697,14
3698,14
3699,2
6220
3699
3700,9
3701,15
3702,15
3703,6
3704,3
3705,4
3706,10
3707,19
3708,8
3709,6
3710,4
3711
3712,10
3713,11
3714,16
3715,20
3716,26
3717,15
3718
3719,2
3720,10
3721,12
3722,3
3723,6
3724,15
3725,27
3726,13
3727,7
3728,19
3729,16
3730,14
3731,8
3732,11
3733,16
3734,23
5660
3734,7
3735
3736,2
3737,4
3738,5
3739
3740,10
3741,2
3742,8
3743,14
3744,26
3746
3747,4
3748,2
3749,36
3750,18
3751,5
3752,9
3753
3754,3
3755,7
3756,15
3757,8
3758
3759,2
3760
3761,4
3762,18
3763
3764,3
3765,24
3766,6
3767,12
3768,5
3769,5
3770,5
3771,6
3772,8
3773,8
3774
3775,18
3776,15
3777,9
3778,4
3779
3780,13
3781,10
3782,18
3783,18
3784
3785
3786,3
3787
3788
3789,9
3790,6
3791,12
3792
3793,18
3794,21
3795,9
3796,11
3797,7
3798,21
3799,16
3800,3
3801,3
3802,5
3803
3804,6
3805
3806,2
3807,25
3808,22
3809,9
3885
3809,14
3810,8
3811,13
3812
3813,2
3814,24
3815,15
3816,10
3817
3818,11
3819,7
3820,9
6875
3820,6
3821,7
3822,9
3823,15
3824,13
3825
3826,6
3827,6
3828
3829,10
3830,13
3831,23
3832,13
3833,8
3834,9
3835
3836,13
3837,32
3838
3839,12
3840,14
3841
3842,5
3843,7
3844,12
3845
3846,4
3847,18
3848,20
3849
307
3849,25
3850,6
3851,7
3852,6
3853,12
3854,7
3855,15
3856
3857,12
202
3857,7
3858,17
3859,7
3860,31
3862,14
3863
3864
3865,12
3866,6
3867,17
3868
3869
3870,9
3871,15
3872,9
3873,13
3874,10
3875
3876,6
3877,7
3878,4
1121
3878,4
3879,14
3880,5
3881,21
3882,11
3883,19
3884,7
3885,17
3886,14
1833
3886,2
3887,13
3888,5
3889,8
3890,21
3891,11
3892,3
3893,16
3894,12
3895,9
3896,11
3897,3
3898
3899,3
3900,8
3901,14
3902,2
3903,9
3904,27
3905,2
20
3905,5
3906
3907,7
3908,9
3909,9
3910,7
3911,9
3912,5
6304
3912,11
3913,9
3914,13
6676
3914,4
3915,9
3916,5
3917,12
3918,17
3919,12
3920,17
3921,11
3922,14
3923,12
3924,10
3925
3926,8
3927
3928,10
3929,25
3930,9
3931,6
3932,4
3933,3
3934,21
3935,6
3936
3937,34
3938,14
3939,9
3940,8
3941,16
3942,11
3943
3944,10
3945,3
3946,8
3947
3948,7
3949,6
3950,7
3951,8
3952,4
3953,16
831
3953,24
3954,4
3955,13
3956,12
3957,21
3958,4
3959,31
3960,10
3961,12
3962,11
3963,3
3964,7
3965,21
3966,6
3967,5
3968,11
3969,15
3970,15
3971,3
3972,13
3973
3974,13
3975,11
3976,15
3977,33
3978,9
3979,15
3980,4
3981,2
3982,11
3983,22
3984,17
3985
3986,11
3987,6
3988,13
3989,16
3990,6
3991
3992,13
3993,5
3994,3
3995,6
3996,17
3997,10
3998,11
3999,4
4000,16
4001,5
845
4001,14
4002
4003,7
4004,25
4005,15
4006,13
4007
4008
7795
4008,8
4009,23
4010
4011,5
4012,24
4013,2
4014,17
4015,9
4016,4
4017,7
4018
4019,13
4020,5
4021,2
4022,12
4023,8
4976
4023,11
4024,9
4025,8
4026,7
4027,17
4028,9
4029,11
4030,7
4031,9
4032,18
4033,25
4034,8
4035,21
4036,18
4037,12
4038,2
4039,6
4040,8
4041,15
4042,4
4043,11
7480
4043,3
4044,17
4045,8
4046,4
4047,14
4048,29
4049,24
4050,20
4051,6
4052,9
4053
4054,11
4055,5
4056,3
1411
4056,10
4057,14
4058,13
4059,10
4060
4061,11
2290
4061,3
4062,4
4063,2
4064,14
4065,9
4066,6
4067,8
4068,3
4069
3524
4069,9
4070,9
4071,8
4072,11
4073,9
327
4074,13
4075,9
4076,11
4077,5
4078,7
4079,9
4080,7
4081,20
4082,9
4083,13
4084
4085
4086,6
4087,16
4088,13
4089,12
4090
4091,16
4092,8
4093
4094,15
4095
4096,5
4097,6
4098
4099,13
4100,11
4101,11
4102,17
4103,7
4104,15
4105,7
4106
4107,17
4108,16
4109,15
4110,10
4111
1459
4111,11
4112,12
4113,11
4114,17
4115,7
4116,7
4117,21
4118,13
4119,9
4120,27
4121,11
4122,4
4123,3
4124,18
4125,9
4126,18
4127,9
4128,15
4129,7
4130,6
4131,17
4132,6
1531
4132,4
4133,22
4134
4135,13
4136,8
4137,18
4138,23
4139,5
4140,12
4141,14
4142,5
4143,8
4144,11
295
4145,14
4146,13
4147,6
4148,24
4149,7
4150,12
4151,16
4152,4
4153,22
4154,14
4155,24
4156,13
4157
4158,14
4159,11
4160,11
6626
4160,11
4161,13
4162,2
4163,19
4164,13
4165,5
4166,22
4167,8
4168,20
4169,6
4170
4171,2
4172,13
4173,17
4174,16
4175,11
4176,6
4177
4178,8
4868
4178,21
4179,19
4180,20
4181,9
4182,5
4183,9
4184,11
4185,15
4186,8
4187,4
4188,35
4189,8
4190,20
4191,29
4192,11
4193,3
4194,10
4195,24
4196,4
4197,17
4198,16
4199,6
4200,12
4201,24
4202,9
4203,7
4204,3
4205,7
4206,16
4207,8
4208,10
4209,17
4210,4
4211,4
4212,8
4213
4214,9
4215,8
4216,6
4217
4218,12
4219,8
4220,14
4221,17
4222,8
4223,2
4224,9
4225,21
4226
4227,5
4228,3
4229,11
4230
2605
4230,12
4231,3
4232
4233,5
4234,18
4235,7
4236
4237,9
57
4238,24
4239
4240,2
4241,7
4242,18
4243
4244,15
4245,20
4246,21
4247,4
4248,48
4249,8
4250,8
4251,9
4252,7
4253,6
4254
4255,23
4256
4257,13
4258,2
4259,6
4260,13
4261,11
4262,10
4263
4264,9
4265,4
3854
4265,7
4266,23
4267,14
4268,11
514
4268,5
4269,10
4270
4271,9
6597
4271
4272,13
4273,17
4274,9
4275,9
4276,11
4277,12
4278
4279,17
4280,10
4281,16
4282
4283,9
4284,19
4285,14
4286,8
4287,4
4288,13
4289,6
4290,5
4291,11
4292,24
4293,10
4294
4295,2
4296,16
4297,5
6026
4297,12
4298,7
4299,8
4300,3
4301,4
4302,17
4303,10
4304,2
4305,14
4306,7
4307,5
4308,34
4309
4310,17
4311,4
4312,6
4313,4
4314,11
2211
4314,6
4315,10
7006
4316,14
4317
4318,5
4319,8
4320
4321,2
4322,3
4323,12
4324,4
4325
4326,5
4327
4328,9
4329,4
4330,16
4331
4332,12
4333
4334,14
4335,22
4336,5
4337,13
4338,5
4339,9
4340,5
4341,32
4342,9
4343,13
4344,7
4345
4346,6
4347,3
4348,7
4349,4
4350,13
4351,13
4352,8
4353,5
4354,9
4355,17
4356,4
4357,11
4358
4359,18
4360,2
4361,9
4362,16
4363,15
4364,11
4365,8
4366,13
4367
4368,9
4369,8
4370,7
4371
4372,8
4373,10
4374,19
4375,9
4376,8
4377,34
4378,5
4379,19
4380,8
4381,15
4382,9
4383,15
4384,15
3415
4384,13
4385,15
4386
4387,15
4388,7
4389,14
4390,10
4391,13
4392,21
4393,18
4394,12
4395,6
4396
4397,12
4398,32
4399,17
4400,10
4401
4402,4
2881
4402,7
4403
4404,7
6698
4404,6
4405,12
4406
4407,37
4408,22
4409,11
4410,17
4411,4
4412,7
4413,3
4414,12
4415,20
4416,6
4417,3
4418,6
4419,3
4420,13
4421
4422,6
4423,16
4424,21
4425
4426,15
4427,6
4428,2
4429,12
4430
4431,10
4432,19
4433,20
4434,6
4435,16
4436,8
4437,3
4438,7
4439,3
4440,24
4441,3
4442,8
4443,4
4444,9
4445,10
4446,15
4447,18
4448,3
4449
4450,12
4451,8
4452,2
4453,7
4454,3
4455,15
4456,5
4457
4458,8
4459,21
4460,7
4461,17
4462,17
4463
4464,12
912
4464,2
4465
4466,4
4467,4
4468,2
4469,13
4470,11
4471,18
4472,6
4473,8
4474,8
4475
4476,12
4477,12
4478,11
4479,15
4480,8
4481,3
4482,27
4483,35
4484,23
4485,7
4486,6
4487,9
4488,11
4489,11
4490,13
4491,21
4492,11
4493,18
4494,3
4495,4
4496,12
4497,9
4498,9
4499,3
6452
4499,10
4500,3
4501,9
4502,12
4503,12
4504,14
4505,11
4506,8
4507,11
4508
4509,3
4510
4511
4512,6
4513,17
4514,4
4515
4516,17
4517,22
4518
4519,15
4520,8
4521,2
4522,15
4523,16
4524,7
4525,16
4526,8
4527
4528,5
4529,26
4530
4531,27
4532,9
4533
4534,3
4535,25
4536
4537,8
6435
4537
4538,23
4539,4
4540,3
4541,13
4542,9
4543,11
4544,9
4545
4546,21
4547,3
6579
4547,9
4548,2
4549,16
4550,17
4551,16
4552,8
4553,24
4554,21
4555,18
4556
4557,3
4558,15
4559,19
4560,12
4561
4562,8
4563,8
4564,13
4565
4566,22
4567,15
4568,5
4569,2
440
4569,6
4570,2
2435
4570,5
4571,17
4572,9
4573,11
4574,15
4575,15
4576,4
4577,12
4578,20
4579,16
4580
4581,6
4582,37
4583,8
4584,12
4585,15
4586,2
4587
4588,8
4589,11
4590,9
4591,12
4592,18
4593,21
4594,35
4595,7
4596
4685
4597,2
5867
4597,8
4598,7
4599,9
4600,8
4601,14
4602,7
4603,5
4604
4605,24
4607,2
4608,16
4609,7
4610,7
4611,5
4612
4613
4614,12
4615,8
4616,10
4617
4618,4
4619,22
4620,10
4621
4622,11
4623,7
4624,7
4625,8
4626,17
4627,19
4628,6
4629,7
5533
4629,5
4630,17
4631,33
4632,14
4633,22
4634
4635,4
4636,12
4637,8
4638,37
4639,3
4640,5
4641,21
4642,2
4643,9
4644,7
4645,14
4646,16
4647,11
4648
4649,14
4650,3
5331
4650,4
6418
4650,5
4651,13
4652,11
4653,6
4654,12
4655,33
4656,10
4657,32
4658,14
4659,14
4660,24
4661,4
4662,20
4663
4664,8
4665,21
4666,4
4667,21
4668,2
4362
4668,12
4669,9
4670,9
4671,14
4672,2
4673
4674,14
4675,28
4676,6
4677,18
4678,5
4679,7
4680,15
4681
4682,11
4683,10
4684,6
4685,5
4686
4687,21
4688,9
4689,4
4690,17
4691,6
4692
4693,25
4694,24
1740
4694,4
4695,3
4696,20
4697,6
4698,17
4699,9
4700,4
7130
4700,4
4701,15
4702,16
4703,9
4772
4703,8
4704,6
4150
4704,3
4705
4706,6
3756
4706,7
4707,5
4708,5
4709,3
2805
4709,4
4710,15
4711,13
4712,5
4713,9
4714,17
4715,34
4716,17
4717
4718,32
4719
4720,2
4721,25
4722,15
4723,8
4724,6
4725,2
4726,7
4727,7
4728,12
4729,5
4730,15
4731,9
4732,11
4733,4
4734,9
4735,4
4736,8
4737,10
4738
4739,9
4740,7
4741,26
4742
4743,8
4744
4745,15
4746,14
4747,6
4748,24
4749
2608
4749,27
4750,12
4751,9
4752,8
4753,12
4754,16
4755,5
4756
4757,23
4758,14
4759,6
4760,14
4761,16
4762,10
4763,15
4764,15
4765,15
4766
4767,17
4768,7
4769,14
4770,13
4771,6
4772,24
4773,5
4774,3
4775,7
4776,8
4777,10
4778
4779,9
4780,10
4781,18
4782
4783,5
4784,15
4785,6
4786,12
4815
4786,5
4787,3
4788
4789,9
4790,6
4791,8
4792,4
4793,11
4794,11
4795,23
4796
4797
4798,21
4799,25
4800,17
6358
4800
4801
4802,4
4803
4804,3
4805,16
4806,17
4807,3
4808,11
4809,8
4810,13
4811,15
4812,17
4813,10
4814,2
4815,28
4816
4817,14
4818,4
4819,15
4820,5
4821,7
4822,15
4823,12
4824,4
4825,5
2010
4825,5
4826,9
4827
4828,7
4829,4
2938
4829,3
4830,9
4831,4
4832,9
3931
4832,16
4833,5
4834,13
4835,9
4836,4
4837,6
4838,10
4839,11
4840,10
4841,14
4842,11
4843,4
4844,17
4845,12
4846,15
4847,4
4848,8
4849,11
4850
4851,15
4852,13
4853,15
4854,16
4855,9
4856
4857
4858,8
4859,19
4860,4
4861,9
4862,8
4863,13
4864,17
4865,8
4866,9
4867,7
4868,8
4869,21
4870
4871
4872,4
4873,2
4874,3
4875,34
4876,9
4877,10
4878,3
4879,20
4880,9
4881,20
4882
4883,19
4884,20
4885
4886,8
4887,19
4888,24
4889,9
4890,15
4891,8
4892,6
4893
924
4894,15
4895
4896,7
4897,7
4898,6
4899,18
4900,8
4901
4902,10
4903,26
4904,6
4905,7
4906,5
4907
4908,2
4081
4908,19
4909
4910
4911,16
4912,2
4913,11
4914,9
4915
4916,6
4917,13
4918,11
4919,10
4920
4921,9
2206
4921,6
4922,9
4923,11
4924,13
4925,11
4926,12
4927
4928
4929,3
4930,3
4931,14
4932,10
4933,11
4934,15
4935,3
4936,18
4937
4938
4939,2
4940,23
4941,5
4942,12
4943,15
4944,5
4945,9
4946,6
4947,3
4948,18
4949
4950,16
4951,6
4952,2
4953,11
4954,12
4955,3
4956,9
4957,7
4958,7
4959,25
4960,11
4961,7
4440
4961,2
4962,5
4963,5
4964,9
4965,8
4966,9
4967,18
4968,10
4969,7
4970,16
4971,13
4972
4973,5
2328
4973,3
4974
4975,14
4976,18
4977,6
4978,8
4979,5
4980
4981,4
4982,2
4983,15
4984
4985,5
4986
4987,13
4988
4989,10
4990,9
4991,9
4992,14
4993,16
4994,5
4995,15
4996,13
4997,16
4998,12
4999,7
5000,6
5001
5002,16
5003,6
5004,5
5005,8
5006,8
5007,21
5008,21
2288
5008,4
5009,20
5010
5011
5012,8
7485
5013,15
5014,7
5015,23
5016,9
5017,5
5018,19
5019,31
5020
5021,20
5022,2
5023,2
5024,13
5025,9
5026,21
5027
5028,8
5029,5
5030,6
5031,8
5032,12
5033,8
5034
5035,2
5036,7
5037,5
5038,2
5039
5040
5041,29
5042,11
5043,6
5044,5
5045,4
5046,13
5047,13
5048
5049
5050,26
5051
5052,17
5053,8
5054,24
5055,4
5056,13
5057,8
5058,13
5059,4
5060,23
5061,14
5062,3
5063,6
5064,4
5065,8
5066,16
5067,16
5068,22
5069,11
5070,14
5071,3
5072,9
5073,12
5074,8
5075,25
2816
5075
5076,10
5077,5
5078,11
5079,4
5080,7
5081,19
5082,2
7490
5082,11
5083
3890
5083,7
5084,11
5085
5086,9
5087,5
5088,11
5089,10
5090,19
5091,10
5092,6
5093,2
5094,15
5095,7
5096,18
5097
5098
5099,12
5100,14
5101,8
5102
5103,4
5104,8
5105,7
5106
5107,13
5108,22
5109,11
5110,22
5111,5
5112,3
5113,10
5114,12
5115,9
4489
5115,3
5116,11
5117,5
5118
5119,8
5120,3
5121,13
5122,8
5123
5124,16
5125,11
5126,9
5127,10
5128,20
5129,8
5130,2
5131,11
5132,20
5133,13
5134,7
5135,4
5136
5137,6
5138,11
5139,11
5140,4
5141
5142,7
5143,14
5144,2
5145,18
5146,5
5147,2
5148,6
5149,9
5150
5151,10
5152,5
5153,7
5154,6
5155
5156,7
2435
5156,6
5157,15
5158,16
5159,22
5160,2
5161,8
5162,5
5163,8
5164,14
5165
5166
5167
5168,2
5169,6
5170
5171
5172,7
5173,6
5174,15
5175,24
5176,18
5177,2
5178,14
5179,19
5180,7
5181,9
5182,10
5183,14
5184,4
5185,4
5186,7
5187,14
5188,4
5189,8
5190,14
5191,7
5192,14
5193,14
5194,8
5195,6
5196,17
5197,20
5198,11
5199
5200
1998
5201,8
5202,3
5203,4
5204,7
5205,12
5206,10
5207,12
5208,8
5209
5210,41
5211,13
5212,2
5213,16
5214,5
5215,10
5216,9
5217,5
5218,27
5219,17
5220,14
5221
5222,18
5223
5224,11
5225
4693
5226,10
5227,7
5228
5229,25
5230,13
5231,7
5232,10
5233,19
5234,10
5235,11
5236,20
5620
5236,9
5237,14
7363
5237,2
5238,19
5239,19
5240,15
5241,19
5242,15
5201
5242,6
5243,19
5244,7
5245,5
5246,8
5247,5
5248
5249,7
5250,16
5251,24
5252,17
5253,4
5254,12
5255,25
5256,8
7793
5256,5
5257,4
5258,16
5259,8
5260,16
5261,3
5262,6
5263,13
5264,8
5265,14
5266,2
5267,4
5268,16
5269
5270,7
5271,14
5272,5
5273,8
5274,8
5275,29
5276
5277,18
5278,6
5279,8
5280,9
5281,5
5282,2
5283,5
5284,10
8117
5284,4
5285,12
5286,12
5287,11
5288,6
5289,15
5290,20
5291,16
5292,12
5293,6
5294,15
5295
5296,12
5297,2
5298,10
5299,3
5300,5
5301
5302,13
5303,22
5304
5305,7
5306,5
479
5306,2
5307,16
5308
5309
5310,14
5311
5312,7
5313,19
5314,8
5315,2
5316,5
5317,10
5318,16
5319,20
5320,16
5321,8
5322,3
5323,16
5324,8
5325,15
5326,10
5327,17
5328,3
5329,7
5330,9
5331,8
5332,7
5333
5334,8
5335,16
5336
5337,7
5338,13
5339
5340,13
5341,4
5342,7
5343,12
5344,6
5345
5346
5347,7
1343
5347,8
5348,13
5349,16
5350,17
5351,14
5352
5353,7
5354,7
5355,5
5356,12
5357,7
5358
5359,5
5360,4
5361,13
5362,9
5363,9
5364
5365
5366,24
5367,17
5368,7
5369,3
5370,16
5371,7
5372,15
5374,9
5375,12
5376,5
5377,17
5378,16
5379
6151
5379,8
5380,9
5381,7
4879
5381,2
5382,11
5383,13
5384
5385,15
5386,11
5387,14
5388
5389,19
5390,8
5391,8
5392,21
5608
5392,5
5393
5394,18
5395,3
5396,8
5397
5398,23
5399,8
5400,7
5401
5402,16
5403
5404,6
5405
5406,4
5407,9
5408
5409,11
5410,15
5411,6
5412,4
5413,13
5414,8
5415,18
5416,22
5417,6
5418,8
3885
5418,4
5419,18
5420,7
5421,6
5422,5
5423,7
5424,5
5425
5426,23
5427,10
5428,7
5429,9
5430,17
5431,5
5432,4
5433
5434,11
5435,10
5436
5437,4
5438,18
5439,8
5440,21
5441
5442,10
5443,11
5444,5
5445,3
5446
5447,8
5448,19
5449,13
5450,8
5451,12
5452,9
6089
5452
5453,5
5454,24
5455,4
5456,7
5457,7
5458,16
5459,8
5460,12
5461,18
5462,5
5880
5462,7
5463,20
5464
5465,3
5466,28
5467,6
4293
5467,16
5468,9
5469,7
5470
5471,15
5472,10
5473,22
5474
5475
5476,13
5477,6
5478,16
5479,5
5480,11
5481
1671
5481
8161
5481,13
5482,17
5483,14
5484,11
5485,14
5486,15
5487,8
5488,11
5489,19
5490,16
1536
5490,14
5491,10
5492,23
5493
5494
5495
5496,19
5497,6
5498,2
5499,3
5500,4
4133
5500,4
5501,13
5502
5503,26
5504,8
5505
5506,9
5507,13
5508,15
5509,21
5510,15
5511,4
5512,23
5513
5514,14
5515,15
5516,7
4031
5516
5517,9
5518,9
5519,12
5520,11
812
5520,19
5521,8
5522,13
5523
7558
5524,5
5525,8
5526,2
5527,7
5528,9
5529,11
5530
5531,16
5532,3
5533,17
5534,9
5535,10
5536,15
5537,11
5538,7
5539,6
5540,6
5541,7
5542,5
5543,9
5544,2
5545,8
5546,4
5547,17
5548,9
5549,7
5550,9
5551,14
5552,24
5553,12
5554,18
5555,13
5556
3455
5556,17
5557,11
5558,7
5559,7
5560,7
5561
5562,16
5563,6
5564,6
5565,6
5566,17
5567,13
5568,6
5569,17
5570,27
5571,26
5572,12
5573,17
5574,2
5575,14
5576
5577,10
5578,8
5579,15
5580,15
5581,6
5582,18
5583,18
5584,10
5585,14
5586,18
5587,16
5588,5
5589
5590,18
5591,7
5592,21
5593,7
5594,16
5595,3
5596,20
5597
5598,5
5599,2
5600,7
5601,7
5602,7
5603,5
5604,10
5605,5
5606,8
5607,12
5609,6
5610,9
5611,9
5612,8
5613,10
5614,32
5615,5
5616,7
5617,7
5618,17
5619,15
5620,15
5621,8
5622,13
5623,10
5624,8
5625,10
5626,4
5627,5
5628,14
5629,25
5630,5
5631,9
5632
5633,6
5634,12
5635,18
5636,8
5637,5
5638,15
5639,7
5640,18
5641,4
5642,13
5643,9
5644,16
5645,17
5646,11
144
5646,4
5647
5648,8
5649,20
5650,11
5651,11
5652,3
5653,6
5654,15
5655,5
5656,13
5657,2
5658,21
5659,7
5661,19
5662,14
5663,11
5664,8
5665,4
5666,16
5667,3
5668,14
5669,8
5670,7
5671,6
5672,8
5673,9
5674,32
5675,9
5676,9
5677
5678,15
5679,9
6397
5679,2
5680,21
5681,10
5682,14
5683,3
5684,8
5685,14
5686,20
5687,11
5688
5689
5690
5691,17
5692,3
5693,23
5694,21
5695,10
5696,10
5697,20
5698,2
5699,13
5700,14
5701,7
5702,14
5703,11
5704,17
5705,10
5706,8
5707,13
5708,6
5709,13
5710,18
5508
5710,8
5711,3
5712
5713,2
5714,3
5715,6
5716,24
5717
5718
5719
5720,15
5721,9
5722,22
5723,2
5724,7
5725,11
5726,23
5727,2
5728,21
5729,6
5730,15
5731
5732,7
5733,9
2712
5733,10
5734
3745
5734,11
5735,4
5736,8
5737
5738,11
5739,17
5740,11
5741,7
5742,7
5743,11
5744,5
5745,8
5746,2
5747,43
5748,12
5749,10
5750,8
5751
5752,7
5753,4
5754,17
5755,5
5756,13
5757,10
5758
5759,7
5760,3
5761,13
5762,21
5763
5764,7
5765,22
5766,5
5476
5766,19
5767,4
5768,10
5769
5770,11
5771,3
5772,10
5773,15
5774,11
5775,9
5776,18
5777,3
5778,6
5779
5780
2891
5780,16
5781,2
5782,7
5783,13
5784,16
5785,9
5786,7
5787,9
5788,2
5789,8
5790,8
5791,28
5792
5793,9
5794,5
5795,8
5796,14
5797,17
5798,10
5799,9
5800,16
5801,7
5802
5803,4
5804,7
5805,10
4574
5805,11
5806,19
5807,26
2162
5807
7439
5808,13
5809,15
5810,2
5811,3
5812,15
5813,11
5814
5815,16
5816
5817,3
5725
5817,5
5818
5819,17
5820
5821,18
5822,2
5823,4
1422
5823,6
5824,11
5825,7
5826,9
5827,11
5828,10
5829,2
5830,24
5831
5832,12
5833,11
5834,3
5835,8
5836,20
5837,13
5838,10
5839,3
5840,6
5841,9
5842,21
5843,14
5844
5845,9
5846,13
5847
5848,17
5849
5850
5851,8
5852,6
5853,7
5854,3
5855,9
5856,8
5857,5
3403
5857,2
5858,3
5859,15
5860,18
5861
5862,6
5863,6
5864,5
5865,4
5866,11
5867,14
5868,20
5869,7
5870,6
3434
5870,6
5871,20
5872,32
5873,10
5874,14
5875,5
5876
5877,11
5878,7
5879,7
5880,6
3183
5880,10
5881,5
5882,8
5883,17
5884
5885,2
5886,9
5887,10
5888,2
5889,15
5890
5891,6
5892
5893,6
5894,2
5895,2
2835
5895,13
5896,7
5897,6
5898,5
5899,21
5900,11
5901,10
5902,14
5903,12
5904,11
5905,10
5906
5907,15
5908,28
5909,9
5910,11
2051
5911,15
5912,22
5913,10
5914,12
5915,5
5916,21
5917,9
5918,6
5919
5920,8
5921
5922,2
5923,10
5924,4
1158
5924,4
5925,21
5926,24
5927
5928,7
5929,27
5930,21
5931,16
5932,15
5933,18
5934,15
5935,16
5936,24
5937,9
5938,9
5939,6
5940,8
5942,5
5943,8
5944,7
5945,18
5946,3
5947,18
5948
750
5948,7
5949,2
5950,17
5951,7
5952
5953,10
5954,15
5955,8
5956,8
5957
5958,14
5959,6
5960,11
5961,7
5962,11
5963,12
5964,2
5965,6
2758
5966
5967,10
5968,7
5969,8
5970,7
5971,8
5972,12
5973,8
5974,12
5975,9
5976,7
5977,29
5978,8
5979,9
5980,16
5981,3
5982,29
5983,15
5984
5985,2
4575
5985,4
5986,11
5987,3
5988,7
5989,10
5990,14
5991,15
5992,10
5993,6
5994,12
5995,19
5996,5
5997
5998,5
5999,6
6000
6001,6
6002,2
6003,11
6004,9
6005,10
6006,8
6007
6008
6009,12
6010,8
6011,10
6012,26
6013,16
6014,24
6015,2
6016,11
6017,12
6018
6019
6020,13
6021,9
6022,17
6023,15
6024,8
6025
6026
6027,7
6028,9
6029,8
6030,23
6031,10
6032,10
6033,10
6034,9
6035,13
6036,4
6037,10
6038,19
6039,8
6040,8
6041,6
6042,20
6043,13
6044
6045,11
6046,8
6047,6
6048,17
6049
6050,23
6051,32
6052,22
6053,8
6054,23
6055,8
6056,8
6057,22
6058,8
8022
6058,9
6059,11
6060,5
6061,23
6062,6
6063,11
6064,3
6065,9
6066,9
3442
6066,3
6067,8
6068,16
6069,13
6070,6
6071,4
6072,27
6073,16
6074,5
6075,7
6076,11
6077,16
6078,8
6079,8
6080,30
6081,4
6082,14
6083,15
6084,14
6085,8
7703
6085,4
6086,10
6087,7
6088,13
6089,24
6090,11
6091,8
6092,15
6093,8
6094,6
6095,29
6096,16
6097,21
6098,4
6099,11
6100,2
6101
6102,8
6103,7
6104,4
6105,21
6106,3
6107,11
6108,4
6109,7
5373
6110,3
6111,5
6112,14
6113,3
6114,3
6115
6116,5
6117,5
6118,7
6119,8
6120,11
6121
6122,9
6123,6
6124,23
6125,8
6126,12
6127,8
6128,16
6129,11
6130,16
6131
6132,13
6133
6134,11
6135,36
6136
6137,14
6138,7
6139
6140,19
6141,3
6142
6143,17
6144,9
6145,7
6146
6147,22
6148,6
6149,2
6150,10
6151,13
6152
6153,11
6154,13
6155,6
6156,11
6157,7
6158,19
6159,10
6160,17
6161,17
6162,6
6163,9
6164,19
6165,14
6166,12
6167,8
6168,16
6169,15
6170,7
6171,23
6172,19
6173,8
6174,5
6175
6176,7
6177,11
6178,16
6179
6180,9
6181
6182,14
6183
6184,11
6185,8
6186,11
6187,10
6188,15
6189,16
6190,12
6191
6192,18
6193,15
6194,23
6195,5
6196,8
6197,9
6198,20
6199,14
6200
6201,7
6202,7
6203,9
6204,7
6205,6
6206
6207,25
6208,10
6209
6210,22
6211
6212,8
6213,11
2623
6213,2
6214,26
6215
6216,8
6217
6218,4
6219,13
6220,15
6221,15
6222,21
6223
6224,9
6225,5
6226,8
6227,9
6228,4
6229,14
6230,6
6231,19
6232,7
6233,12
6234,8
6235
6236,10
6237,5
6238,14
6239,9
6240,8
6241,4
6242,2
6243,13
6244,2
6245,7
6246,7
6247,18
6248,6
6249,16
6250,11
3860
6250,24
6251
6252,16
6253,10
6254,4
6255
6256,12
6257,17
6258,9
6259,11
1634
6259,3
6260,9
6261
6262
6263,8
6264,8
6265,8
6266,9
6267
6268,6
6269,13
6270,16
6271
6272,6
6273,7
6274,3
6275,8
6276,12
6277,5
6278,19
6279,8
6280
6281,13
6282,3
6283
6284,5
6285,7
6286,8
6287,10
6288,10
6289
6290,23
6291,5
6292,10
6293,8
6294
6295,21
6296,6
6297,7
6298,9
6299,19
6300,21
6301,4
6302,6
6303,12
6304,19
6305,16
6306,12
6307,5
492
6307,6
6308,12
6309,9
6310,18
6311,6
6312,11
6313,18
6314
6315,14
6316,9
6317,15
6318,13
6319,25
6320,5
6321,29
6322
6323,9
6324,23
6325,3
6326,7
6327,19
6328,8
6329,7
6330,12
6331,5
4100
6331,26
6332,9
6333,15
6334
6335,7
6336,2
6337,9
6338,18
6339,4
6340,15
6341,7
6342,9
6343,12
6344,20
6345
6346,12
628
6346,2
6347,3
6348
6349
6350,4
6809
6350,12
6351,9
6352,19
6353,8
6354,13
6355
2357
6355,4
6356,8
6357,9
6358,21
6359,4
6360,2
6361
6362,22
6363,13
6364,9
6365,7
6366,21
6367
6368,14
6369,3
6370,13
6371,7
6372,8
6373
6374,8
6375,7
6376,28
6377
6378,24
6379,17
6380,12
6381,8
6382
6383
6384,15
6385
6386,9
6387,6
6388,10
6389,5
6390,20
6391,11
6392,17
6393,18
6394
6395
6396
6397,30
6398,8
6399,10
6400
6401,18
6402,9
824
6402,7
6403
6404
5249
6404,24
6405,8
6406,5
6407,8
6408,7
2335
6408,6
6409,17
6410,7
6411,7
6412,12
6413,12
6414,7
6415,5
6416,7
6417,8
6418,11
6419,5
6420,7
6421
6422,5
6423,9
6424,5
6425,6
6426,15
6427,12
6428,34
6429
6430,10
6431,11
6432,7
6433,11
6434,22
6435,15
6436,6
6437,12
6438,7
6439,19
6440,19
6441,20
6442,9
6443
6444,10
6445,13
6446,23
6447
6448,21
6449,2
2708
6449,6
6450
6451,14
6452,3
7296
6452,23
6453,19
6454,17
6455
6456,9
6457
6458
6459
6460,9
6461,2
6462,32
6463
6464,25
6465
6466,3
6467,12
6468,9
6469,17
6470,3
6471,7
6472,9
6473
6474,4
6475,6
6476,21
6477,4
6478
6479,9
6480,2
6481,2
6482
6483
6484,25
6485
6486,17
6487,11
6488,23
6489,10
6490,5
6491,3
6492,3
6493,12
6494,28
6495,3
6496,9
6497
6498,2
6499,3
131
6499,19
6500
6501
6502,4
6503,19
6504,5
6505
6506,10
6507,9
6508,2
2524
6508,7
6509,12
6510,5
6511,15
6512,5
6513,28
6514,7
6515,4
6516,11
6517,12
6518,11
6519
6520
6521
6522,18
6523,8
6524,18
6525,22
6526,5
6527,3
6528,10
6529,9
6530
6531,8
6532,17
6533
6534,16
6535,6
2707
6535,13
6536,2
6537,12
6538,17
6539,15
6540,8
6541,23
6542,5
6543
6544
6545,23
6546,3
6547,6
6548,16
6549,13
6550,14
6551,13
6552,4
6553,14
6554,11
6555
6556,7
6557,14
6558,6
6559,8
6560,6
6561
6562,14
6563,2
6564
6565,2
2889
6565,15
6566,3
6567,6
6568,4
6569,10
6570,34
6571,2
6572
6573,24
6574,11
6575,7
6576,3
6577,7
6578,6
6579,20
6580
6581,15
6582
6583,3
6584,13
6585
6586,9
6587,10
6588,9
6589,10
6590,19
6591
6592
6593
7315
6593,5
6594,4
6595,7
6596,3
6597,9
6598,15
6599,8
6600,7
6601,5
6602,3
6603,19
6604,6
6605,5
6606,16
6607
6608,11
6609,19
6610,19
6611,15
6612,2
6613,18
6614,3
6977
6614,5
6615,13
6616
6617,11
6618,8
6619,10
6620,20
6621
6622,13
6623,2
6624,21
6625,2
6626,22
6627,32
6628,9
6629,8
6630,9
3734
6630,9
6631,13
6632,6
6633
6634,7
6635,5
6636
6637,18
6638,6
6639,4
6640,9
6641,16
6642,5
6643,8
6644,8
6645
6646
6647,9
6648,11
6649,23
6650,12
6651,8
6652
6653,12
6654,15
6655,14
6656,9
6657,27
6658,9
6659
6660,23
6661,6
6662,12
6663,15
6664,13
6665,6
6666,3
6667,15
6668,18
6669,7
6670,16
6671,7
6672,14
6673,12
6674,12
6675,11
6676,6
6677,11
6678,10
6679,23
6680,12
6681,6
6682,6
6683
6684,11
6685,32
6686,15
6687,17
6688,6
6689,6
6690,23
6691,25
6692,11
6693
6694,7
6695,5
6696,2
6697,16
6698,7
6699,6
6700
6701,7
833
6702
6703,13
6704,6
6705
6706,4
6707
6708
6709,14
6710,10
6711
6712,26
6713
6714
6715,10
6716
6717,8
6718,9
6719,12
6720,3
4560
6721,5
2386
6721,2
6722
6723
6724,14
6725,21
6726,10
6727,5
6728,15
6729,15
6730
6731,8
6732,13
6733,3
6734
6735,9
6736,6
1385
6736,2
6737,11
6738,14
6739,12
6740,19
6741,9
6742,17
6743
6744,17
6745,8
6746,19
3847
6746,3
6747,14
6748,3
6749,21
6750,18
6751
6752,15
6753,10
6754,6
6755
6756,13
6757,15
6758,15
6759
6760,17
6761,5
1613
6761,12
6762,3
6763,8
6764,7
6765,19
6766,3
6767,12
6768,2
6769
6770,21
6771,12
6772
6773,21
6774
6775,9
6776
6777,11
6778,9
6779,22
6780,10
6781,9
6782,5
6783,11
6784,5
6785,15
6786,6
6787,22
6788,4
6789,11
6790,18
6791,20
6792,20
6793,2
2933
6793,11
6794
6795,7
6796,6
6797,2
6798,4
6799,5
6800,10
6801,10
6802,11
6803,7
6804
6805
6806,15
6807,5
581
6807,15
6808,11
6809,7
6810,9
6811,4
6812
6813,6
7549
6814,13
6815,9
6816,11
6817,22
6818
6819,19
6820,8
6821
6822,9
6823,16
6824,4
6825,3
6826,9
6827,8
6828,18
6829,24
6105
6829
6830,10
6831,26
6832,9
6833,11
6834,6
6835,12
6836,7
6837,7
6838,7
6839,2
6840
6841,14
6842
6843,8
6844,5
6845,3
6846,4
6847,25
6848
6849,13
6850,4
6852,16
6853
6854,3
403
6854,23
6855,25
6856,11
6857,11
6858,8
6859,28
6860,6
6861,2
6862,3
6863,18
6864,9
6865,15
6866,13
6867,9
6868
6869,12
6870,4
6871,9
6872,13
6873,20
6874,16
6875,4
6876,7
6877,12
6301
6877,17
6878
6879,10
6880,7
6881,17
6882,6
6883,6
6884,13
6885,29
6886,8
6887,20
6888,3
6889,15
6890,15
6891,8
6892
6893
6894
6895,7
6896,16
6897,12
6898,20
6899
6900,18
6901
6902,12
6903,7
6904,3
6905,10
6906,8
6907,20
6908
6909,10
6910
6911,14
6912
6913,18
6914,8
6915,11
5836
6915,6
6916,8
6917,9
6918,17
6919,17
6920,13
6921,11
6922,8
6923,10
6924,9
6925
6926,6
6927,5
6928,10
6929,8
6930,15
6931,8
6932,3
1326
6932,5
6933,5
6934,9
7721
6934,5
6935,15
5672
6935,9
6936,3
6937
6938,7
6939,6
6940,13
6941,7
6942,7
6943,8
6944,8
6945,9
6946,16
1433
6946,2
6947,16
6948,14
6949,18
6950,6
6951,23
6952,4
3073
6952,9
6953,12
6954,6
6955,5
6956,11
6957
6958,5
6959,19
6960,11
6961,11
6962,14
6963
6964,3
6965
6966,16
6967,10
6968,15
6969,10
6970,17
6971,12
6972,3
4517
6972,2
6973,6
6974,11
6975,4
6976,6
6977,9
6978,5
6979
6980,14
6981,16
6982,2
6983
6984,4
6985,23
6986,12
6987,19
6988,8
6989
6990,2
6991,8
6992,16
6993,11
6994,3
6995,11
6996,8
6997,15
6998,14
6999
7000,5
7001,17
7002
7003,12
7004,21
7005,9
7006,17
7007,14
7008,7
7009,4
7010,3
7011,6
7012,17
7013,18
7014,14
7015,7
4959
7015
7275
7015
7016,10
7017,5
7018,19
7019,14
7020,18
7021,18
7022,9
7023,13
7024,11
7025,5
7026,16
7027,4
7028,17
7029,19
7030
7031,30
7032,9
7033,10
7034,9
7035,11
7036,8
7037,12
7038,13
7039,9
7040
1531
7040,6
7041,5
7042
1489
141
7042,19
7043,10
7044,20
7045,2
7046,7
7047,7
7048,3
7049,8
7050,8
7051,8
7052,9
7053
7054,31
4867
7054
7055,13
7056,13
7057
7058,8
7059,12
7060,14
7061,19
7062,14
7063,8
7064,17
7065,9
7066
7067
7068,13
7069
7070,3
7071,9
7072,2
7073,11
7074,18
7075,3
7076,6
7077,17
7078,11
7079,3
7080
7081,2
7082,6
7083,12
7084
7085,12
7086,15
7087,8
7088
7089,4
7090,16
7091,17
7092,9
7093
7094,19
7095,12
6667
7095
7096,9
7097,39
7098,6
7099,4
7100,12
7101,4
7699
7101,6
7102,8
7103
7104
7105,8
7106,5
7107,8
7108,2
7109,12
7110,12
7111,6
7112,14
7113,16
7114,7
7115,16
7116,3
7117,3
7118,9
7119
7120
7121,17
7122,4
7123,15
7124,7
7125
7126,16
7127,9
7128,3
7129,10
7130,13
7131,4
7132,6
7133,12
7134,9
7135
7136,8
7137
7138,6
7139,23
7140,2
7141
7142,7
7143,4
7144,10
7145,18
7146,7
7147,8
2204
7147,2
7148
7149,10
7150,23
7151,11
7152,16
7153,6
7154,13
7155,7
7156,21
7157,8
7158,4
7159
7160,13
7161,9
7162,9
7163,3
7164,6
7165,6
7166,16
7167,3
7168,7
7169,8
7170,7
7171,2
7172,15
7173,3
7174,10
7175,14
7176,12
7177
7178,8
7179
7180,15
7181,6
7182,2
465
7182,6
7183,9
7184,5
7185
7186,11
7187,5
7188,27
7189,15
7190,19
7191,14
7192,6
7193,24
7194
7195,4
7196
7197,16
7198,20
7199,9
7200
7201,7
7202,12
7203,3
7204,3
7205
7206,9
7207,8
7208,5
7209,20
3791
7209,8
7210,19
7211,9
7212,39
7213
7214,8
7215,15
7216,5
7217,6
7218,15
7219,15
7220,9
7221,8
7222,14
7223,4
2968
7223,6
7224,2
7225
7226,3
2628
7226,17
7227,9
7228,2
7229,9
7230,6
7231,8
7232,3
7233,6
7234
7235,4
7236,2
7237,9
7238,11
7239,9
7240
7241,16
7242,4
7243,10
7244,4
7245
7246,15
7247,26
7248,3
7249,12
7250,18
7251,14
7252,2
7253,9
7254
7255,12
7256,9
7257,6
7258,32
7259,8
7260,12
7261
7262,2
7263,6
7264,14
7265,8
7266,26
7267,10
7268,20
7269,9
7270,18
7271
7272,11
7273,3
7274,11
7275,16
7276,6
7277,6
7278,16
7279
7280,9
7281,11
7282,17
6169
7282,8
7283,19
7284,11
7285,2
7286,11
7287,4
7288,7
7289,4
7290,23
7291,9
7292
7293,13
7294,9
7295,7
7296,13
7297,4
7298,9
7299,12
7300
7301,14
7302
7303,13
7304,13
7305,2
1661
7305,6
7306,5
7307,12
7308
7309,5
7310,8
7311
7312
7313,6
7314,11
7315,16
7316,4
7317,9
7318,4
7319,24
7320,9
7321,8
7322,28
7323,18
7324,4
7325
7326,6
7327
7328
7329,8
7330,6
7331,14
7332,7
7333,10
7334
7335,3
7336,15
7337
7338
7339,2
7340,15
7341,13
7342,21
6924
7342,2
7343,21
7344,15
7345,11
7346,16
7347,9
7348,12
7349,8
7350,7
7351,3
7352,16
7353,21
7354,5
7355,4
7356,7
7357,9
7358,4
7359
7360,12
7361,6
7362,12
7363,6
7364,6
7365,13
7366,7
7367,12
7368,9
7369,11
7370
7371,12
7372,7
7373,20
7374,8
7375,12
7376,10
7377
6477
7377,6
7378,14
7379,9
7380,15
7381,9
7382,20
7383,5
7384,16
7385,6
7386,27
7387,7
7388
7389,14
7390,6
882
7390,3
7391,2
7392,18
7393,10
7394,26
7395,3
7396,2
7065
7396,8
7397,19
7398,4
7399,12
7400,3
7401,26
7402,2
4453
7402,8
7403,3
7404,17
7405
7406,10
7407,9
7408
7409,2
7410,8
7411,14
7412,7
7413,3
7414,13
7415,6
7416,5
7417,4
7418,6
7419,9
7420,9
7421,8
7422,2
7423,7
7424
7425,2
7426,9
7427,8
7428
7429,3
7430,18
7431,19
7432,12
7433,5
7434,7
7435,5
7432
7435,3
7436,2
7437,5
7438,4
7439,22
7440,14
7441,11
7442
7443,21
7444,6
7445,7
7446,13
7447,2
6086
7447
7448,14
7212
7448,2
7449
7450
7451,6
7452
7453,11
7454,15
7455,29
7456,18
7457,2
7458,3
7459,7
7460,26
7461,10
7462
7463
7464,8
7465,8
7466,17
7467,6
7468,2
7469,16
7470,13
7471,5
7472,17
7473,2
7474,7
6949
7474,6
7475,2
7476,16
7477,18
7478,21
7479,26
7480,4
7481,6
7482,8
7483
7484,9
7485,22
7486,4
7487,7
7488,10
7489,26
7490,22
7491
7492,7
7493,12
7494,5
7495,4
7496,27
7497,4
7498,15
7499,13
7500,8
7501,8
7502,5
7503,13
7504,2
7505,6
7506,11
7507,15
7508,22
7509,6
7510,8
7511
7512
7513,3
7514,12
7515,13
7516,7
7517,13
7518,3
7519,4
7520
7521,32
7522,6
7523,8
7524,23
7525,11
7526,16
120
7527
7528
7529
7530
7531,2
2498
7531,19
7532,9
7533,4
7534,4
7535,14
7536,9
7537,16
7538
7539,7
7540,6
7541,5
7542,4
7543
7544,13
7545,10
7546,13
7547,13
7548,8
7549,16
7550,11
7551,5
7552,13
7553,8
7554,10
4120
7554,2
7555,9
7556,7
7557,17
7558,41
7559,7
7560,18
7561,9
7562,6
7563,17
7564,6
7565
7566,3
7567,11
7568,17
7569
7570
7571,19
7572,8
7573
7574,31
7575,2
7576,5
7577,16
7578,8
4566
7578
7579,12
7580,12
7581,9
7582,4
7583,12
7584,23
7585,34
7586,13
7587,2
7588,9
7589,3
7590,5
7591,6
7592,11
7593
7594,6
7595,11
7596,2
7597,9
7598
7599
7600
7601,15
7602,11
7603,20
7604,13
7605,13
7606
749
7606,7
7607,6
7608,17
7609,16
7610,5
7611,13
7612,5
1177
7612,2
3977
7612,8
7613,7
7614,30
7615,12
7616,8
7617,4
7618,27
7619
7620,6
7621
7622,12
7623,15
7624,3
7625,12
7626
7627,7
7628,8
7629
7630,8
7631,6
7632,8
7633,5
7634,4
2854
7634,9
7635,9
7636,2
7637,15
7638,4
7639,11
7640
7641,5
7642,8
7643
3120
7643,13
7644,3
2878
7644,4
7645,19
7646,10
7647,12
7648
7649,14
7650,6
7651,7
3822
7651
7652,9
7653
7654,24
7655
7656
7657
7658
6331
7658,8
7659,10
7660,10
7661,16
7662,2
7663,3
7664,4
7665,13
7666,13
7667,3
7668,9
7669,15
7670
7671,12
7672
7673,8
7674
7675,15
7676,9
7677,8
7678
7679,10
7680,4
7681,19
7682,14
7683,9
7684,9
7685,2
7686,24
7687,10
7688,26
7689,22
7690,4
7691,6
7692,4
7693,6
7694,9
7695
7696,12
7697
7698,12
7699,22
7700,4
7701,17
7702,2
7703,25
7704,24
7705,16
7706,17
7707
7708,15
7709,14
7710,25
7711,14
7712,13
7713
7714,6
7715,6
7716,25
7717,15
7718,12
7719,23
7720,13
7721,17
7722,7
7723,19
7724,8
7464
7724,3
7725,4
7726,20
7727,2
7728,3
7729,5
7730,4
7731,5
7732,8
7733,6
7734
7735,14
7736,6
7737,7
7738,3
7739,17
7740,23
7741
7742,11
7743,14
7744,20
7745,16
7746,11
7747,9
7748,9
7749,4
7750
7751,10
7752,11
7753,14
7754,10
7755,2
5581
7755,7
7756,6
7757,19
7758,12
7759,8
7760,9
7761
7762,2
7763,8
7764,16
7765,19
7766,6
7767,15
7768,5
5976
7768,5
7769
7770,26
7771,12
7772,7
7773,10
7774,7
7775
7776,16
7777,9
7778,8
7779,9
7780,9
7781,9
7782,8
7783,9
7784,14
7785,4
7786,3
7787,15
7788,6
7789
7790,15
7791,23
7792,16
7793,3
7794
7795,14
7796,6
7797,8
7798
7799,6
7800,3
7801,9
7802,8
7803,5
7804,16
7805,15
7806,11
7807
7808,5
7809,25
7810,5
7811,3
1181
7811,7
7812,13
7813,8
7814,9
7815,7
7816,12
7817,5
7818,18
7819
7820,6
7821,6
7822,26
7823,8
7824,4
7825
7826,18
7827,12
7828,13
7829,3
7830
7831
7832,17
7833,29
7834
7835,4
7836
7837,12
7838,9
7839
7840
7841
7842,12
7843,11
7844,3
7845
7846,14
7847,20
7848
7849
7850,10
7851
7852,6
7853,20
7854,9
7855,4
7856,5
7857,6
7858,11
7859
7860,6
7861,14
7862,3
7863
2746
7863,23
7864,7
7865,15
7866,12
7867
7868,29
7869
7870
7871,9
7872,24
7873,15
7874,9
7875,7
7876
7877,9
7878
7879,9
7880,9
7881,14
561
7882,34
2643
7882,7
7883,4
5614
7883,7
7884,7
7885,13
7886,5
7887,10
7888,5
7889,12
7890
7891,4
7892,3
7893,5
1185
7893
7894,17
7895,15
7896,9
7897,9
7898,22
7899,21
7900,8
7901,19
7902,4
7903,5
7904,39
7905
7906,5
439
7906,15
7907,21
7908,9
7909,21
7910,23
7911,3
7912,8
7913,21
7914,6
7915,23
7916,13
7917,3
7918,25
7919,8
7920,8
5507
7920,12
7921,6
7922,19
7923,9
7924,7
7925
7926
7927,26
7928,8
7929
7930,9
3923
7931,8
753
7931
7932,7
7933
7934,12
7935,3
7936,6
7937,2
7938,15
7939
7940,6
7941,21
7942,19
7943,15
7944,6
7945,4
4549
7945,14
7946,5
7947,3
7948,16
7949,19
7950,2
7951,7
7952,4
7953
7954,11
7955
7956,16
7957,7
7958,2
7959,2
7960,19
7961,20
7962
7963,16
7964,3
7965,8
7966,11
7967
7968,12
7969,12
7970
7971,8
7972,22
7973,2
7974
7975,22
7976,7
7977,21
7978,16
7979,8
7980
7981,17
7982,7
7983,21
7984,17
7985,8
7986,9
7987,16
7988,4
7989,8
7990,9
7991,5
7992,10
7993,8
7994,9
7995
7996,20
7997
7998,17
7999,11
3975
7999,10
8000
8001,15
8002,17
8003,12
8004,12
8005,16
8006,18
8007,5
8008,6
8009
8010,3
8011,16
8012,15
8013
8014,3
8015,7
8016
8017,17
8018
8019,7
8020,4
8021,2
8022,8
8023,2
4886
8023,19
8024,16
8025,29
8026,9
8027,16
8028,8
8029,9
8030,10
8031,9
8032,9
8033
8034
8035,4
8036,10
8037
8038,6
8039,2
8040,10
4051
8040,8
8041,21
8042,13
8043,20
8044,33
8045,10
8046
8047,6
8048,7
6309
8048,3
8049
8050,13
8051,8
8052,11
8053,4
8054,4
8055,12
8056,13
8057,11
8058,18
8059,22
8060,13
8061
8062,20
8063,14
8064,3
8065,12
8066,4
8067,2
8068,18
8069,6
8070,15
8071
8072
8073
8074,9
8075,4
8076
8077
8078
8079,8
8080
8081
8082,3
8083,14
8084,22
8085,7
8086,4
8087,11
8088,11
8089,10
7620
8089,5
8090,10
8091,24
8092
8093,15
8094,13
8095,17
8096,26
8097
8098,6
8099,2
8100,10
8101,21
8102,3
8103
8104,9
8105,17
8106,10
8107
8108,13
8109,10
8110,18
8111,13
8112
8113,7
8114,9
8115,3
8116,20
8117,17
8118,6
8119
8120,16
8121,9
8122,21
8123,8
8124,12
8125,12
8126,10
8127,18
8128,21
8129,9
8130,18
8131,14
8132,15
8133,9
8134,6
8135,16
8136,10
8137,5
8138,11
8139,11
8140,2
8141,9
8142,11
8143
8144
8145,11
8146,12
8147,7
8148,5
8149
8150,12
8151,7
8152
8153,4
8154,10
8155,4
6306
8155,3
8156,17
8157,15
8158,7
8159,3
8160,11
8161,27
8162,14
8163,7
8164,16
8165,3
8166,5
8167,17
8168
8169,17
8170,12
2962
8170,4
8171
8172,9
8173,9
8174,9
8175,5
3294
8175,3
8176
8178,10
8179,6
8180,15
8181,11
8182,18
8183,5
549
8183,19
8184,12
8185,13
8186,12
8187,2
8188,8
8189,13
8190,4
4145
4355
7222
6249
7197
4350
3771
4908
7309
2042
4603
6106
8116
7305
5241
7375
3450
7174
6749
7061
4017
3436
7976
7197
6402
4225
2660
1856
7889
6854
1834
7219
4383
6837
4219
6974
2739
8180
1742
4869
3982
6061
2384
6171
2891
6035
7339
4025
8070
3824
6907
6275
4790
4036
7803
5685
6162
4706
3700
4924
7024
1297
5341
5571
3857
5370
2013
7011
6738
2580
5355
8025
2333
5982
4305
7719
7521
2986
4415
3957
3918
1772
1260
7013
5091
7091
3136
2992
7558
2724
997
5420
2649
6435
4495
5617
6125
7513
8132
7479
3740
1078
7384
5222
4201
4609
7870
3086
6449
7012
7666
5524
7894
6857
1990
7828
6484
7669
2746
7836
1185
6807
6877
7029
7045
6548
5060
3435
4575
7008
5177
8157
5108
4568
5233
935
4844
7440
2533
6923
2313
3872
5536
7614
3912
7189
3852
7998
4743
5585
7023
7682
5391
4641
5941
7975
6606
7904
7574
170
7399
6844
5871
6885
3733
5068
5420
5008
7014
4606
7102
6441
5245
6123
6779
6042
4350
6538
2879
3407
6851
6559
4958
4999
8191
