1352
499
1391
1015
323
273
35
1561
205
820
816
61
440
93
374
1188
571
990
139
341
705
556
601
89
1032
1059
82
123
744
36
1322
100
1070
510
492
541
1114
326
499
644
19
525
410
37
314
714
569
1532
1000
839
498
1258
221
1749
853
973
419
0,2
1,11
2
3,6
4,3
5,10
6,9
7
8,18
1416
8,4
9,18
10
11,10
12,5
13,14
14,9
15,15
16,6
17,7
18,17
19,5
20,7
21
22,8
23
24,25
25,7
26,13
27,16
901
27,16
28,15
29
30,14
31,11
32
33
34
35,18
36,2
37,16
38,13
39,10
40,6
41
42
43,10
44,6
45,9
46,9
47
48
49,5
50,4
51,6
52,18
1099
53,14
54,5
55,19
56,17
57
58,8
59,2
60,2
61,13
62
63,4
64,16
65,14
66,4
67
68,2
69,14
70,16
71,11
72,12
73,21
74
75,23
76,22
77,3
78
79,21
80,5
81,9
83,9
84,11
85,10
64
85,4
86,15
87
88,5
89,16
90,6
91,7
92,10
93,15
94,2
95,12
96,14
97,9
98,11
99,17
100,19
101,7
102,20
103,8
104
1035
104,4
105,7
768
105,7
106,17
107,21
108
109,8
110,15
111,12
112,14
113,11
114,2
115
116,21
117,7
118,13
1194
118
119,18
120,18
121,27
122,11
123,17
124,8
1668
124,10
125,16
126
127
128
129,7
130
131,3
132,3
133,3
134,8
135,14
136,7
137,7
138,12
139,36
105
139
140,16
141,11
142,13
143,7
144,8
145,9
146,10
2109
146,16
147,17
148,2
149,13
150
151
152,5
153,15
154,22
155,6
156,21
157,2
158,4
159,9
160,11
161,9
162,13
163,10
164,5
165,4
166,2
167
168,6
169
170,8
171
172,16
173
174,15
175,11
176,3
177,6
1686
177,9
178,21
179,13
180,11
181,10
182,14
183,6
184,14
185,8
186,2
187,7
188
189
190,8
191,16
192,4
193,16
194
195,15
196,14
197,4
198,26
199,3
200,8
201,10
202,17
203,8
204,9
205,13
206,15
207,2
208,11
209,10
210,11
211,8
212,9
213,13
214,18
216
217,20
218,7
2060
219,16
220,19
1117
220,8
221,7
222
223,14
224,23
225,13
226
227
228,5
229,10
230,7
231,4
232,15
233,24
234,6
235,2
236
237,6
238,20
239,2
240
241,7
242
243,18
244,14
245
246,9
247,7
248
249,6
250,2
251,3
252
253
254,6
255,7
256,11
647
256,6
30
256
257,13
258
259,17
260,4
261,13
262
263,8
264,15
265,11
266,15
267,5
268,15
269
270,4
271,5
272,10
1266
272,4
273,10
1401
273,5
274,11
275,3
276,4
277,5
1258
277,8
278
279,12
280,5
281,16
282,18
283,8
284,11
285,19
286,17
287,7
288,10
289,13
290,4
291,35
292,7
477
292,10
293,10
294,4
295,4
296,4
297,22
298,25
299,11
300,6
301,13
302,6
303
304,8
305
306,16
307,7
308,15
309,12
310,19
311,5
312
313,22
314,13
315,7
316,14
317,5
318,12
319,17
320,6
321,8
1005
322,8
323,16
324,6
325,26
326,12
327
328,3
329,10
330,11
331
332,9
333,2
334,8
335,8
336,6
337
338
339
340,12
341,31
342
343,7
344,8
345,25
346,4
347,12
348,11
349
350,15
351,9
352,5
353,7
354,9
355
356,6
357
358,21
359,9
360,20
361,15
362,21
363,11
364,7
365,7
366,16
367,16
368,12
369,8
370,8
371,10
372,4
373,17
374,14
375,6
376,7
377,7
378,12
379
380,5
381,5
382
383,22
384,7
385,10
386,12
387,10
388,11
389,4
390,3
391,14
346
391,5
392
393,6
394
395,7
2302
395,13
396
397,4
398,13
399,2
400
401,9
402,3
1965
402,2
403,12
404,15
405,5
406,15
407,21
408,2
409,2
410,30
411,3
412,2
413,10
414
415,7
416
417,7
418
419,10
420
421,13
1671
421,5
422
423,2
1214
423,7
424,11
425,12
426,22
427,9
428,7
429,15
430,3
431,2
432,6
433,12
434,15
435,19
436,14
437
438,17
439,15
440,9
1040
440,6
441,9
1736
441
442,15
443,9
444,3
445
446
447
448,2
449,14
450
451
452,2
453,8
454,5
455,15
456,9
457,19
458,12
459,6
460
461,31
462,2
463,27
464,9
465,2
466,16
467,5
468,6
469,6
470,4
471,11
472,18
473
474,7
475
476,10
477,22
478,13
479,8
480
481
482,15
505
483,23
484
485,4
486,10
487,8
488,16
489,10
490,11
491,12
492,20
493,12
494,6
495,14
496
497
498,17
499,13
500,2
501,22
502,4
503,20
504,9
505,19
506,11
507,2
508,22
509,2
510,19
511,14
512,23
513,33
514,14
515,13
516
517,6
518,6
519,31
520,9
521
522,9
523,18
524,8
525,16
526,5
527,22
528
529,9
530
952
530,4
531,28
532,4
533,19
534,8
535,24
536,3
537,8
538,9
539,27
540,19
541,19
542,26
543,5
1312
543,18
544,3
545,17
546
547,16
548,18
310
548,6
549,19
550,17
551,3
552,10
553,6
2430
553,5
554,16
555,4
556,4
557,8
558,2
559,8
560,15
561,10
562,3
563,5
564,9
565
566,22
567,3
568,9
569,3
570,9
571,12
572
573,9
574
575,21
576,11
2552
576,8
577,8
578,20
579,6
580,16
581,16
582,13
583,15
584,11
2054
584,16
585,31
586,4
587,2
588,15
589,14
590,3
591,5
592
593
594,9
595
596,8
2111
596,12
1067
596,7
597,13
598
599,5
600,18
601,15
602,26
603,34
604,8
605,8
606
607,12
608
609,11
610
611
612,18
613,6
614
615,6
616,8
617,10
618
619
620,5
621,6
622
623,6
624,13
625,14
626,12
627,6
628,15
629
630,19
631,17
632,15
633
634,16
635,2
636,16
637,4
638,9
639,8
640,14
641,4
642,5
643,23
644,8
645,14
2320
646,4
647,24
1604
647,3
648,11
649,11
650,15
651,4
652,11
653,8
654
655,5
656,6
657
658,6
659,17
660
661
662,7
663,27
664,15
665
666
667,18
668,28
669,8
670,7
671,8
672,18
673,8
674,16
675
676,8
677,9
678,13
577
678,8
679,12
680,11
681,12
682
683,8
684
685
686,8
687,6
688,9
689,6
690,26
691,11
692,6
693,3
694
695
696,8
697,11
698,9
699,11
700,9
701
702,22
703,25
704
705,14
706,18
707,7
708,9
709,10
710,37
711,9
712,7
713,7
714,31
715,4
716,11
518
716
717
718
719
720,6
721
722,20
723,3
724
725,6
726,35
727,7
728
729,3
730,13
731,21
732,28
733,20
734,8
735
736,6
737,13
738
739,11
740,20
741,16
742,6
743,7
744,21
745,11
746,11
747,12
748,3
749,8
750
751,7
752,6
753,16
754,5
755,14
756
757,16
436
757
758,9
759,15
760
761
762,14
763,8
764
765,8
766,8
767,10
768,26
769,10
770,4
771,5
772,25
773,7
774,7
775,15
2592
775,6
776,2
777,4
778,27
779,5
780,15
781,9
782,10
783,8
784,8
785,23
786,12
787,21
788,5
789,7
790,9
791,2
2303
791,13
792,6
793,2
794,3
795,19
796
797
2777
797,15
798
2768
798,11
799,8
800,8
801,9
802,14
803
804,8
805,6
806,24
807,9
808,27
809,13
810,5
811,8
812
813,2
814,5
2169
814,13
815,25
816,17
817,5
818,22
819,12
820,30
821,2
822,10
823,16
824,10
825,2
826
827,14
828,20
829,20
830,2
831,9
832,16
833,8
834,7
835,10
836
837,2
2275
837,6
838,10
839,20
840,2
182
840,10
841,2
842
843,14
844,11
845,2
846,19
847,12
848,23
849,8
850,11
851,9
852,3
853,7
854,9
855,2
856,9
857,15
858,23
859,5
860,11
861,16
862,15
863,8
864
865,2
866,6
867,10
820
867,2
868,21
869
870
871,21
872,12
873,9
874,14
875,21
1663
875,5
876,2
877,5
878,11
879,14
880,3
881
882
2211
882,5
883,14
884,8
885,5
886,3
887,15
888,22
889,2
890,4
891,11
892,2
893
894,18
895,15
896,20
897,9
898
899,3
1299
899,18
900,5
901,16
902,19
903
904,4
905,7
906,3
907,5
908,13
909,2
2724
909,8
910
911,4
912,29
913,15
914,12
915,6
916,7
917,16
918,18
919
920
921,6
922,11
923,6
9
924,15
925,4
926,8
927,12
928,5
929
930,14
931,25
932
933,8
934,11
935,2
936,19
937,13
938,21
939
940
941,7
942,27
943,11
944,4
945,9
946,16
947,6
325
947
948,19
949,8
950,2
2641
950,10
814
950,8
951,6
952,14
1140
953,9
2432
954,13
955,15
956,3
957,4
958
959
1196
959,21
960,20
961,11
962,10
963,24
964
965
966,3
967
968,15
969
970,4
971,6
972,11
973,12
974,4
2673
974,10
1969
974,2
975,16
976,18
977
978,24
979,7
980,8
981,15
982,5
983,10
984,28
985,15
986,5
987,14
625
991
987,7
988,13
989
990,18
991,10
992,13
993,6
1079
993,6
994
995,25
996,9
997,6
998,12
999,13
1644
1000,9
1001,9
1002,8
1003,12
1004,3
2576
1004
1005,12
1006
1007
1008,13
1009,23
1010,9
1011,16
1012,9
1013,7
1014,17
1015,29
1016,24
1017,4
1018
1019
1020,10
1021
1022,5
1023,5
1024,20
1025
1026,5
1612
1026,6
1027,4
1028,14
1029,2
215
1029,15
1030
1031
1032,17
1033,3
1034,9
1035,9
1036,15
1037,5
1038,20
1039,13
1040,18
1041,14
1042,21
1043,18
1044,2
1045,6
1046
1047,13
1048,19
1049,11
1050,6
1051,20
1052,6
1053,5
1054,7
1055
1056,7
2840
1056
413
1056
1057,3
1058,21
1059,12
1060,7
1061,5
1062,12
1063
1064,16
1065,6
1066,13
1067,36
1068
1069
1070,24
1071,7
1072,11
1073,9
1074
1075,8
1076
1077,17
1078,25
1079,16
1080,15
1081,4
1784
1081,4
1082
1083,11
1084,13
1085,11
1086,6
2105
1086,14
1087,23
1088,9
707
1088
1089
1090,9
1091,4
1092,27
1093,15
1094,4
1095,8
1096,16
1097,5
1098,8
1099,14
1100,11
1101,6
1102,5
1103,10
1104,26
1105,2
1106,9
1107
972
1107,8
1108,7
1109,11
1110,4
1111
1112,14
1113,4
1114,15
1115,16
1116,5
1117,22
1118,9
1119,14
1120
1121,11
1122,19
1123,3
1124,5
1125,14
1126,18
1127,3
1128,13
1129,7
1130,9
1131,35
1132,18
1133,5
1134,5
1135,8
1136,12
1137,6
1138,3
1139,6
1140,17
1141,6
1142,3
1143,9
1144,6
1145,7
1146
1147,10
1148,16
1149,4
1150,6
1151,4
1152,17
1153,14
1154,17
1155,12
1156
1157,6
1158,22
1159,12
1160
1161,5
1162,11
1163,4
1164,9
1165,8
1166,23
1167,13
1168,3
1169,4
1170,9
1171,10
1172,14
1173,15
1174
1175,17
1176,5
1177
1178,5
1179
1180,15
1181,7
1182,24
1183,26
1184,17
1185,26
1186,17
1187,6
1188,5
1568
1188,8
1189,16
1190,11
1191,2
89
1191,7
1192,6
1193,11
3159
1193,9
1194,2
1195,3
3124
1195,25
1196,14
1197,5
1198,20
1199,13
1200
1201,16
1202,10
1036
1202,9
1203,12
1204,12
1205,12
1206,3
1207,22
1208,9
1209,8
1210,5
1211,9
1212,20
1213
1214,13
1215,12
1216,16
1217
1218,14
1219,14
1220,21
1221,33
1222,22
1223
1224,8
1225,13
1226,13
1227,7
1228
1229,7
1230,5
1231
1232,19
1233
1234
1235,6
1236,9
1237,9
1238,3
1239,2
1240,8
1241,3
1242,2
1243,14
1244
1245,11
1246
1247,8
1248,18
1249,21
1250,15
1251,8
1252,8
1253
1254,5
1255,19
1256,2
1257
1258,20
1259,4
2214
1259,3
1260
1261,4
1262
1263,15
1264,12
1265,35
1266,2
2775
1266,6
1267,15
1268,15
1269,5
1270,3
1271
1272,3
1273
1274,6
1275,6
1276,9
1277,10
1278,4
2721
1278,10
1279,15
1280,5
1281,16
1282,3
238
1282,10
1283,11
1284,5
1285,17
1286,11
1287
1288,10
1289,16
1290,4
1291,5
1292,16
1293,5
1294,6
2924
1294,17
1295
1296,10
1297,9
1298,12
1299,26
1300,3
1301,10
1302
1303,7
1304,8
1305
1306,6
1307,2
1308,8
1309,2
1310
1311,20
1312,13
1313,16
1314,10
1315,28
1316,10
1317,3
1318,12
1319,8
1320,8
1321,8
1322,9
1323,3
1145
1323,5
1565
1323
1324,17
1325,2
1326,8
1327
1328
1329,6
1330,6
1331,9
1332
1333,9
1334,5
1335,21
1336
1337,9
1338,12
1339,11
1340,3
1341,35
1342,13
1343,8
1344,14
1345
1346,5
1347,23
1348,24
1349,8
1490
1349,25
1350,6
1351,24
1352,30
1353
1354,5
1355,8
1356,11
1357,26
1358,4
1359,23
1360,27
1361,13
1362,18
1363,7
1364,12
1365,6
1366,7
589
1366,18
1367,11
2573
1367,2
1368,5
1369,11
1370,14
1371,22
1372,5
2216
1372,27
3401
1372,9
1373,12
1374,12
1375
1376
1377
1378,26
1379
1380,18
1381,10
1382,4
1383,17
1384,26
1385,9
1386,8
1387,15
1388,20
1389,3
1390,6
1391,25
1392,15
1393
1394,7
1395,3
1564
1396,9
1397,11
1398
1399,24
1400,5
1401,15
1402
1403,21
1404,7
1405,9
1406,10
1407,16
1408,18
1409,6
1410,8
1411,13
1412,20
1413,6
1414,5
2316
1414,2
1415,5
1416,10
1417,5
1418,21
1419,14
1013
1419,3
1420,6
1421,13
1422,8
1423
1424
1425,12
1426,14
1427,5
1428,16
1429,7
655
1429,4
1430,7
1431,9
1432,4
1433,18
2391
1433,2
1434,15
1435,10
1436,12
1437
2696
1437,11
1438,18
1439,17
1440,16
1441,20
3287
3090
1441,5
1442,15
1443,14
1444,14
1445,13
1446,30
1447
1448,6
1449,29
1450
1451,10
1452
1453,9
1454,4
1455
1456,11
1457,12
1458,10
1459,19
1460,5
1461,15
1462,2
1463
1464,7
1465,9
1466,7
1467,3
1468,9
1469,8
1470,17
1471,9
1472,10
1473,15
1474,6
1475,6
1476,7
1477,7
1478,13
1479,16
1480,37
1481,3
1482,8
1483,6
1484,4
3146
1484,7
1485,8
1486,19
1487
1488,6
1489,13
499
1489,3
1490,19
1491,9
1492,6
1493,5
1494
1495,8
1496,17
1497,9
1498,3
1499,12
1500,14
1501,8
1502,9
1503,9
1504,15
1505,13
1506,16
1507,14
1508,9
1509,3
2497
1509,6
1510,12
1511,23
1512,22
1513
1514,6
1515,32
1516,9
1517
1518,19
1519,12
1520,13
1521,5
1522,15
1523,9
1524,21
1525
1526
1527,19
1528
1529
1530,15
1531,2
1796
1531,23
1532,6
1533,14
1534
1535,8
1729
1535,10
1536
1537,13
1538,22
1539,5
204
1539,6
1540,8
1541,10
1542,8
1543,4
1544,8
1545,13
1546
1547,3
1548,12
1549,5
1550
1551,5
2851
1551,6
1552
1553,10
1554,10
1555,7
1556
1557,15
1558
1559,9
1560,15
1561,3
1562,10
1563,8
1564,12
1565,10
1566
1567,19
1568,14
1569,6
1570,16
1571,11
2188
1571,6
1572,4
1573,12
1574,10
1575,11
1576,12
1577,16
1578,9
2525
1578,4
1579,10
1580,5
1581
1582,14
1583
1584,5
1585,16
1586
1587,3
1588,6
1589,9
1590,25
1591,22
1592,11
1985
1592,4
1593,5
1594,12
1595,19
1596,33
1597
1598
1599,12
1600,6
1601,9
1602
3438
1602,16
1603,5
914
1603,4
1604,10
1605,6
1606,15
1607,3
1608,13
1609,5
1610
1611,9
60
1611,10
1612,13
1613
1614,14
1615
1616,8
1617,8
1618,8
1619,8
1620,8
1621,7
1622
1623,10
1624,3
1625,13
1626,3
1627,9
1628,8
1629,12
1630,15
1631,16
1632,3
1633,15
1634,14
1635,9
1636,9
1637,12
1638
1254
1638,12
1639,16
1640,16
1641
1642,11
1643,15
1644
788
1644,4
1645,10
731
1645,3
1646,8
1647,6
1648,23
1649,11
1650,9
1651,3
1652
1653,6
1800
1653,9
1654
1655
1656,15
1657,17
3671
1657,3
1658,14
1659,9
1660,16
1661
1662,14
1663,12
1664,18
1665,8
1666
1667
1668,25
1669,10
1670,26
1671,16
1672,28
1673,16
1674,20
3404
1674,4
1675,2
1676,13
1677,3
1678,8
1679,5
1680,11
1681,9
1682,11
1683,22
1684,5
3632
1684,21
3549
1684,3
1685,15
1686,19
1687
1688
1689,6
1184
1689,15
1690,17
1691
2280
1691,16
1692,15
1693,9
1694,4
2965
1694,8
1695,2
1696,9
1697
1698,10
1699,3
282
1699,14
1700,10
1701,12
1702,2
1703
1704,7
894
421
1704,2
1705,7
1706,7
1707,14
1708,14
1709,13
1710,4
1711,11
1712,11
1713,15
1714,6
1715,3
1716,2
1717,24
1718,3
847
1718,5
1719,10
3273
1720,9
1721
1722
1723
1724,10
1725,11
1726,22
1727,5
367
1727,7
1728,8
1729,18
1730,12
1731,8
1732,25
1733,6
1734,17
1735,19
1736,17
1737,5
1738,11
1739,12
1740
1741,13
1742,16
1743,9
1744,4
1745,20
1746,6
1747,3
1671
1747,10
1748
1749,6
1750
1751,15
1752,8
1753,14
1754,7
1755,6
65
1755,12
1756,5
1757,10
1758,9
1759,20
1760
1761,8
1762
1763,3
1764,11
1765,13
1766,8
1767
1768,11
1769,6
1770,20
1771,4
1772,9
1773,2
1774,7
1781
1774
1775
1776,8
1777,9
1778,9
1779
1780,4
1781,12
1576
1781,9
1782,4
1783,3
1784,6
1785,7
1786,4
1787,3
1788,9
1789,15
1790,17
1791,10
1792
1793,27
1794,8
1795,6
1796,13
1797,9
1798,8
1799,8
1800,19
1801,4
2228
1801,13
1802,15
1803,12
1804,4
1590
1804,12
1805
1806,8
1807
1808
1809,9
1810,9
1811,7
1812,14
1813,16
1814,18
1815,6
1816,3
1817,6
1818,4
1819,5
2996
1819,16
1820,4
1821
1822,13
1823,13
1824,14
1825,8
1826,9
1827,11
1828,7
1829,8
1830,19
1831,4
1832,10
1833,24
1834,17
1835,14
1836
1837,5
1838,18
1839,29
1442
1839
1840,30
1841,26
1842,18
1026
1842,4
1843,13
1844,11
1845,8
1846,11
1847,9
1848,6
3447
1848,9
1849,4
1850,3
1851,9
1852,12
1853,2
1854,7
2741
1854
1855,14
1856,10
1857,3
1858,18
1399
1858
1859,4
1860,20
1861,7
1862,9
1863
1864,23
1865
1866,6
1867
1868,6
1869,9
1870,5
438
1870,11
1871
1872,36
1873,2
1874,13
1875
1876,15
1877,20
2744
1877,8
1878,3
309
1878,5
1879,10
1880,3
1881,4
1882,15
1883,7
1884
1885
1886
1887,14
1888,8
1889,6
1890,9
1891
221
1891
1892,15
1893,3
1894,12
1895,5
1896,5
1897,14
1898,4
1899,5
1900,10
1901,20
1902
417
1902,4
1903
1904,15
1905,2
1385
1905
1906,4
1907,25
1908,15
1909,9
1910,25
1911,4
3373
1911,11
1912,9
1913,8
1914,23
1915,13
3258
1916,11
1917,7
1918
1919,27
1920,15
1921,2
1922,5
1923,8
1924,8
1925,12
1926,7
3403
1926,20
1927,5
1928,25
1929,23
1930,6
978
1930,6
1931
1932,17
1933,4
1934,6
1935
1936,6
1059
1936,3
1937,4
549
1937,5
3676
1938,8
1939,4
1940,7
1941
1942,12
1943,9
429
1943,4
1944,8
1945,5
1946,16
2086
1946
1947
1948,8
1949,12
1950,17
1951,9
1952,7
1953,15
1954
1955
1956,6
1957,6
1958,12
1959
1960,3
1961,17
1962,10
1963,17
1964,12
1965,2
1489
1965,11
1966,11
1967,14
1968,18
1969,20
1970,13
1971,14
1972,7
1973,10
1974,4
1975
1976,7
1977,5
1978,7
1979,2
1980,14
1087
1980,7
1981,10
1982,18
1983
1991
1983,8
3083
1983,7
1984,12
1985,8
1986,5
1987
1988
1989,16
1990
1991,26
1992,9
1993,15
1994,6
1543
1994
1995,4
1996,7
1997,11
1998
1999,19
2000,28
2001,4
2002,13
2003,12
2004,14
2005,13
2006,6
2007,6
2008,5
2009,16
2010,15
2011,2
2012,3
2013,15
2014
2015
2016,9
2017,5
2018,5
2019,13
2020,12
2021,13
2022,19
2023,22
2024,12
2025,13
2026,15
2027,5
2028
2029,2
2030,13
2031,2
2032,5
2033,5
2034,3
2035,2
2036
2037,18
2038,8
2039
2040,23
2041,6
2042,14
2043,12
2044,11
2045
2046,4
2047,20
2048,5
2049,10
3075
2049,3
2050,7
2051,8
2811
2051,11
2052,14
2053,20
2054,16
2055,24
2056,3
2057
2058,11
2059,5
2060,8
3944
2060,11
2061,3
2062
2063,3
2064,3
2065,8
2066,4
2067,2
2068,11
2069
2070,5
2071,22
2072,13
2073,23
2074,22
2075
2076,17
2077
2078
2079,15
2080
2081,13
2082,7
2083,8
2084,10
2085,15
2086,14
3559
2087,5
2088,5
2089,17
2090,10
2091,25
2092,14
2093,7
2094,2
2095,18
2096,12
2097
2098,5
2401
2098,4
1166
2098,12
2099,15
2100,17
2101,3
2102
2103,7
2104,20
2105,21
2106,5
2107,15
2108
2109,16
2110,3
2111,20
2112,8
2113
2114,6
2115,3
2116,6
2117,9
2118,7
2119,3
2120
2121,22
2122,4
2123,14
2124,3
3351
2124,11
2125,8
2126,7
2127,7
2128,4
2129,9
2130,10
2131
2132
2133,14
2134,8
2135,19
4194
2135,7
2136,26
2137,12
2138,27
2139
2140,6
2141,11
2142,8
2143,25
2144,23
2145,4
2146,14
3172
2146,7
2147,10
2148,14
2149,9
2150
2151
2228
3446
2151,3
163
2151,5
2152,2
2153,4
2154,5
2155,20
2156,8
2157,5
2158,10
2159
2160,19
2161,2
2162,5
2163,10
2164,16
2165,2
2166,8
2167,24
2168,4
2169,15
1339
2169,10
2170,12
2171,4
2172,3
2173
2174,6
2175,11
2176,7
2177
2178,11
2179,11
2180,9
2181,13
2182,8
2779
2182,2
2183,16
2184
2185,9
2186,16
2187,19
2188,7
3564
2188,3
2189,5
2190,10
2191,6
2192,4
2193
2194,12
2195,14
2196,19
2197,14
2198,6
2199,18
2200,12
2201,4
2202,21
2203,8
2204,17
2205,6
2206
2207,12
2208,2
2209
2210,5
2211,6
2212,12
2213,23
2214,8
2215,14
2216,21
2217,10
2218,7
2219,6
2220,11
2221,10
2222,10
2223,8
2224,20
2225,6
2226,3
2227,12
2228,32
2229
2230
2231,6
2232,5
2194
2232,14
2233,12
2234,6
2235,20
2236,2
2237,2
2238
2239,21
2240,10
2241,13
2242
2243,17
2244,8
3429
2244,6
2245,17
2246
2247,7
2248,24
2249,2
2250,6
2251,12
2252,5
2253
2254,14
2255,8
2256
2257,4
2125
2257,24
2258
2259,9
2260,10
2261,9
2262,4
2263,9
2264,6
2265,6
2266,4
2267,17
2268,13
2269,2
2270,9
2271,8
2272,3
2273,14
2274,8
2275,13
4167
2275,16
2276,9
2277
2278,2
2279,10
2280,16
2281,15
2282,7
2283,14
2760
2283
2284,14
1131
2284
2285
2286,8
2287,7
2288,9
2289,21
2290
2291,14
2292,7
2293,7
2294
2295,10
2296,8
2297,16
2298,6
2299,8
2300,9
2301,18
2302,8
2303,40
2304,13
2305,21
2306,14
2307,9
4386
2307,6
1860
2307,21
2308,14
2309,11
2310,20
2311,14
2312,15
2313,2
2314,8
2315,6
2316,4
2317,14
2318,7
2319,8
2320,19
2321,3
2322
846
2322,10
2323,16
2324,21
2325,8
2326,2
2327,31
2328,4
2329,16
2330,4
2331,15
2332,19
1128
2332,5
2333,5
3679
2334,12
2335
2336,25
2337,9
2338,6
2339,6
2340,11
2341,9
2342,10
2343
1087
2344
2345,10
1342
2345,2
2346,6
3488
2346,10
2347,12
2348,15
2349,9
2350,8
2351
2352
2353,14
2702
2353,5
2354,7
2355,12
2356,3
2357,18
2358,8
2359,11
2360,8
2361,16
2362,18
2363,3
2364
2365,5
2366,17
2367,10
2368,7
2369,6
2370,12
2371,11
1227
2371,6
2372
2373,5
2374,19
2375,8
2376
2377,12
2378,6
2379,9
2380,18
2381,8
2382,8
2383
2384,17
2385,11
2386,8
2387,14
2388,20
2389,11
2390,9
2391,7
2392,3
2393,6
2394,6
2395,6
2396,10
2397,8
2398,9
2399,13
2400,20
4285
2400,8
2401,12
2402,16
2403,16
2404
2405,15
2406,5
2407,8
2408,3
2409
2410,4
2411,8
2412,13
2413,13
2414,25
4329
2414,8
2415
2416,12
2417,13
2418,9
2419,11
2420,11
2421,12
2422,12
3912
2422,8
2423,10
2424,23
2425,6
2426,6
4269
2426,18
2427,3
2428,6
2429,3
2430,10
2431
2432,24
2433,3
1210
2434
2435,16
2436,3
2437,6
2438,19
2439,6
2440,21
2441,9
2442,10
2443,11
2444,6
1132
2444,11
2445
2446,11
2447,12
2448,25
2449,11
1436
2449,6
2450
2451,25
2452,5
2453
2454,11
2455
2456,13
2457,6
2458
2459,5
2460,6
2461,15
2462
2463
2464,11
2465,16
2466,10
1591
2466
1977
2466,4
2467,18
2468,7
2469,22
2470
2471,6
2472
2473,5
2474,4
2475,20
2476,7
2477,10
3739
2477,4
2478
2479,12
2480,6
2481
2482,20
2483,12
2484,6
2485
2486,7
2487,18
2488,15
2489,8
2490
2491,13
2492,5
1639
2492,12
2493,11
2494,21
2495,3
2496,15
2497,16
2498,6
2499,9
2500,19
4283
2500,6
2501,13
2502,5
3687
2502,2
2503,9
2504,11
2505,2
2506,8
2507,9
2508
2509,20
2510,14
2511
2512,17
2513,10
2514,11
2515,13
2516,14
2517,21
2518,6
2519,8
2520,13
2521,13
2522,11
2523,6
2524,2
2525,21
2526,8
2527,5
2528,6
3749
2529,10
2530,4
1380
2530
2531,4
2532,13
1478
2532,2
2533
2534
4597
2534,9
2535,4
2536,8
2537
2538,9
2539,8
2540,7
2541,8
2542,12
2543,12
2544,17
2545,8
2546,2
1351
2546,13
2547,9
2548,14
2549,22
2550,16
2551,3
2552,15
2553,16
2554,7
4237
2554,4
2555,23
2556,20
2557,11
2558
2559,22
2560,3
2561,11
2562,11
1052
2563,10
2564,16
2565,2
2566,3
2567,3
2568,7
2569,16
2570,8
2571,20
3098
2571
2572
2573,5
2574,3
2575,33
2576,9
2273
2576,6
2577,4
2578,9
2579,2
2580,19
2581,19
2582
2583
2584
2585,2
2586,20
1205
2586,3
2587,12
2588,9
2589,22
2590,16
2591,2
2592,22
2593,9
2594,4
2595,13
2596,10
2597,9
2598,9
2599,19
2600
2601,21
2602,6
2603
2604,32
2605,10
2606,6
2607,8
3147
2607,3
2608,7
2609,19
2610,15
2611
2612,3
2613,14
2614,2
2573
2614,24
2615,17
2616,21
2617
2618
2619,4
1439
2619,3
2620,5
2621,14
2622,17
2623,11
2624,9
2625,11
4284
2625
3770
2625,3
2626,21
2627,9
2628,10
2629
2630,9
2631
2632,2
2633
2634,5
2635
2636,9
2637,12
2638,14
2639,17
2640,2
2521
2640,12
2641,14
2642,3
2643
2644
2645,14
2646,9
2647,18
2648,6
2649,6
2650,7
2651,9
2652,6
2653,13
2654,13
2655
2656,21
2657,14
2658,3
2659,16
2660,12
2661,5
2662,8
2663,6
2664
2665
2666,6
2667,3
2668,5
2669,10
2670,5
2671,21
2672,4
2673,19
2674,10
2675,5
2676,4
2677
2678,17
2679,8
2680,14
2681,4
2682,15
2273
2682,19
2683,8
2684,21
2685,8
2686,2
2687,7
2688,12
2689,20
2690
2691,3
3434
2691
2692,6
2693,22
2694,5
2695,5
2696,20
2697,4
2698,13
2699,16
2700,24
2701,9
2702,9
3599
2702,5
2703,17
2704,18
2705,12
2706,9
2707
2708,8
2709,6
2710,15
2711,23
2712
2713,6
2714,7
2715
2716,9
2717,8
2718,5
3843
2718,9
823
2718,7
2719
2720,24
2721,13
2722,2
2723,9
2724,8
2725,4
2726,17
2727
2728,3
2729,5
2730,6
2731
2732,21
2733,3
2734,2
2735
2732
2735,11
2736
2737
2738,9
2739,3
2740,6
2741,22
2742,8
2743,3
2744,19
2745,5
2746,13
2747
2310
2748
2749,7
2750,17
2103
2750,5
3941
2750,10
2751,13
2752
2753,3
2754,11
2755
2756,8
2757,3
2758,7
2759,10
2761,19
2762,6
2763,2
2764,10
2765,7
3313
2765
2766,19
2767,16
2768,13
2769,6
2770,9
2771,6
2772,16
2773,2
2774
2775,12
2776,2
2777,2
2778,15
2779
4818
2779,2
2780,14
2781,19
2782,15
2783
2784
2785,22
2786
2787,14
2788,3
2789,19
2790,12
2791,49
2792,11
2793,14
2794,3
3343
2794,4
2795,23
2796,3
2797,15
2798,20
2799,10
2800,25
2801,8
2802,3
2803,5
2804
2805,5
2806,7
2807,35
2808,15
2809,24
2810,9
2811,8
2812,9
2813
2814,23
2815,10
2816,13
2817,5
2818,5
2819,2
2820,9
2821,23
4548
2821,3
2822,16
2823,14
2824,9
2825,16
2826,6
2827,2
2042
2827,8
2828,8
2829
2830,20
2831,2
2832,5
2833,10
2834
2835,9
2836,14
2837,14
2838,11
2839,8
1419
2839,7
2840,9
1128
2840,12
2841,16
2842,10
2843,18
2844,11
4700
2844,4
2845,6
2846,21
2847,7
2848,15
2849,10
4617
2849,3
2850,14
2851,8
2852,10
1857
2852,11
2853,7
2854,26
2855,11
2856,14
2857
4876
2857,5
2858,7
2859,10
2860
2861,8
2862,4
2863,12
2864,3
3629
2864,11
2865,7
2866,7
2867,5
2868,15
2869
2870,8
2871,8
2872,11
2873,17
2874
2875,15
2876,16
2877
2878,10
2879,2
2880,12
2881,15
2882,5
2883,16
2884,9
2885,18
2886,6
2887,10
2888,8
4318
2888,5
2889,13
2890,13
2891,15
2525
2891,22
2892
2893,21
2894,24
2895,20
2896,2
2785
2896,7
2897,8
2898
2899,2
2900,13
2901,10
2902
2903
2904,2
2905,4
2906,6
3703
2906,9
2907,27
2908,9
2909,25
2910,5
2911,7
2912,6
2913,10
2914,19
2915,16
2916,5
2917,11
3488
2917,20
2918,8
2919,8
2920
2921,13
2922,11
2923,23
2925,7
2926
2927
2928,5
2929,3
2930,8
2931,11
2932,2
2933,7
2934
2935,13
2936,8
2937
2938,11
3889
2938,3
2939,7
2940
2941
2942,5
2943,16
2944,8
2945,4
2946,7
2947
2948,4
2949,20
2950,4
2951,10
2952,16
2953
2830
2953,17
2954,9
2955
2956,11
2957,10
2958,11
2959,8
2960,7
2961,5
2962,9
2963,4
2964,10
2965,21
2966,5
2967,11
2968,3
2969
2970,15
1795
2970,2
2971,7
2972
2973,15
2974,7
2975,6
2976,8
2977,7
2978,26
2979,26
2980,10
2981,8
2982,10
2983,12
2984,2
2985,12
2986,6
2987,11
2988,13
2989,7
2990,15
2991,8
2992,8
2993,13
2994,7
2995,4
2996,16
2997,5
2998,13
2999,4
3000
3001,8
3002,15
3003,12
3004,16
3005
3006,14
3007,20
3008,14
3009,5
3010
3011,21
3012,5
3013,17
3683
3013
3014,6
3015,18
3016,19
4009
3016,6
3017,12
3018,17
1590
3018,8
3019,5
3020,4
3021,8
3022,21
3023
3024,18
3025,12
3026,18
3027,8
3028
3405
3028,10
3029,20
3030,3
3031,7
3032,9
3033,10
3034,10
3035,7
3036,2
3037,17
3038
3039,15
3040,27
3041,16
1797
3041,2
3042,7
4871
3042,8
3043
3044
3045,3
3046,6
3047,6
3048,12
3049,8
3050
3051,7
3052,9
3053,9
3054
3055,8
3056,4
3057,4
3058
3059,12
3060,11
3061
3062,16
3063,4
2353
3063,3
3064,9
3065
3066,10
3067,13
3068,10
3069,5
3070,5
3071,7
3072,12
3073,5
4140
3073,3
3074,9
3075,20
3076,14
3077
3078
3079,8
3080,33
3081,10
3082,11
3083,17
2590
3083,6
3084,9
3085,13
3086,8
3087,5
3088,14
3089
3090,6
3091,8
3092,9
3093,2
3094,6
3095,7
3096,5
3097,6
3098,33
3099,6
3100,4
3101,3
3102,10
3103,15
3104,19
3105
3106,18
3107,3
3108,4
3109,22
3110,2
3111,3
4141
3111,12
3112,6
1222
3112,8
3113,6
3114,8
3115,9
3116,7
3117,5
3118,6
3119,8
4374
3120
3121,2
3122,31
3123,6
3124,17
3125,5
3126,8
3127,19
3128,26
3129,9
5129
3129
3130,10
3131,8
3132,14
3133,13
3134,6
3135,8
3464
3135,15
3136,17
3137,13
3138,14
3139,9
3140,8
3141,8
3142,3
2787
3142
3143
3144,6
3145,3
3146,3
3147,19
3148,7
3149,2
1725
3149,7
3150
3151,7
3152,8
3153,22
3154
3155,2
3156,11
3153
3156,7
3157,5
3158,8
3159,17
3399
3159
3160,3
3161,9
3162,15
3163,2
3164,6
3165
3166,3
3167,11
3168,21
3169,16
3170,19
3171,4
3172,2
3173
3174,9
3175,9
3176,6
3177,3
3178
3179,10
3180
3181,4
3182,27
3183,13
3184
3185
3186,13
3187,13
3188,3
3189,6
3190,8
3191,6
3882
3191,13
3396
3191,9
3192,9
3193,8
3079
3194,11
3195,15
3196,10
3197,10
3198,6
3199,21
3200,11
3201
3202,7
3203,17
3204
3205,13
3206,6
3207,10
3208,16
3209,14
3210,7
3211,11
4298
3211,2
3212,7
3213,9
3214
3215,17
3216,21
3471
3216,2
3217,7
3218
3219,8
3220,6
3221
3222
3223,24
3224,17
3225,9
3226,7
3227,16
3228,8
3229,9
3230,4
3231,2
3232
3233,12
3234,7
3235,3
3236
3237,10
3238,4
3239
3240
3241,9
3242,15
3243,20
3244,4
3245,10
3246,34
3247,9
3248,8
3249,10
3250,19
3251,11
3252,24
3253,13
3254,9
3255
3256,18
3257,11
3258,21
3259,18
3260,5
3261,19
3262,26
3263,14
3264,13
3265,8
3266,4
3267,8
3268,18
3269,5
3270
3271,3
3272
3273,7
3274,18
3275
3276,8
3277,7
3278,2
3279,13
5121
3280,6
3281,10
3282,7
3283,18
3284,22
3285,20
3286,5
3288
3289,7
3290,6
3291
3292,7
3293,9
3294,8
3295,2
2909
3295,15
3296,3
3297
4822
3298,9
3299,9
3300,21
3301,4
4180
3301,5
3302,17
3303,2
3304,22
3305,9
3306,16
3307,6
3308,5
3309
3310,9
1694
3310
3311,4
3312,2
3313,4
1383
3313,7
3314,9
3315,4
3316
3317,9
3318,9
3319,3
3320,13
3321,4
3322
3323
2711
3323,8
3324,7
3325,13
3326
3327,8
3328,15
3329
3330
3331
3332,16
3333,8
3334,6
3335,12
3336,5
3337,7
3338,9
3339,2
3340,11
3341
3342,2
3343,6
3344,10
3345,5
3346,6
5302
3346,9
3347,4
3348,4
3349,10
3350
3351,10
3352,7
3353,8
3170
3354
3355,12
3356,13
3357,22
3358
3359,12
3301
3359,4
3360
3361,4
3362,11
3363,21
3364,13
3365,9
3366,29
3367,8
3368,15
3369,9
3370,6
2849
3370,12
3371,5
3372,17
3373,15
3374
3375,12
3376
3377,8
3378,3
3379,6
3380,5
3312
3380,11
3381,13
3382
3383,11
3384,12
3385,9
3386,8
5236
3386,2
3387,13
3388,5
3389,21
3390,11
4874
3390,3
3391,10
3392,14
3393,8
3394,19
3395,12
3396,7
3397
3398,8
3399,6
3400
2332
3401,7
3402
3403,9
3404,16
3405,7
3406,16
3407,15
3408,7
3409,18
3410,16
3411,13
3412
3413,8
3414
3415
3416,10
3417,11
3418,7
3419,9
3420,15
3421,14
3422,10
3423,15
3424,23
3425
3426,9
3427,14
3428,23
3429,12
3430,9
3431,10
3432,16
3433,8
3434,7
4509
3434,9
3435,12
3436,2
3437,10
3438,22
3439
3440,6
3441,8
3442,19
3443,3
3444,18
3445
4476
3445,5
3446,6
3447,5
3448,11
2299
3448
3449
3450,2
3451
3452,2
3453,9
3454
3455,16
3456,13
3457
3458,7
3459,5
3460,6
3461,14
3462,5
4994
3462,2
3463
3464,5
3465
3466,8
3467,17
3468,5
3469
3470,15
3471,15
3472
3473,10
3474,10
3475,4
3476,5
3477
3478,10
3479,8
3480,13
3481,13
3482,3
3483,12
3484,17
3369
3484,4
3485,17
3486,17
3487,11
5437
3487,3
3488,19
3489,24
3490,3
2207
5531
3490,6
3491,14
3492
3493,11
3494,13
3495,5
3496,21
3497,11
3498,21
3499,10
3500,6
3501,9
3502
3503
3504,4
3505
3506,7
3507
3508,17
3509,17
3510,10
3511
3512,4
3513,7
3514,10
3515,8
2110
3515,4
3516,7
3517,14
3518,13
3519,3
2682
3519,15
3520,11
3521,18
2226
3521,3
3522,8
2564
3522
3523,3
3524,16
3525,4
3526,10
3527,14
3528,2
3529
3530,17
3531,11
3532,12
3533
3534,2
3535,9
3536,9
3537
3538,16
3539,7
3540,6
3541,8
3542,11
3543,10
3544,10
3545,8
3546,4
3547,12
3548
3549,8
3550,16
3551,11
3552,12
3553,5
3554,16
3555
3660
3555,23
3556,4
1725
3556,6
3557
3558,19
3559,9
3560,25
3561,4
3562
3563,10
3564,38
3565,10
3566,3
3567,5
3568,3
2595
3568,9
3569,3
3570,4
3571,10
3572,2
3573
3574,2
3575,13
4500
3575,5
3576,8
3577,5
3578
3579
3580,21
3581,12
3582
3583,8
3584,25
3585,9
3586,15
3587,3
3588,4
3589,2
3590,19
3591,9
3592,14
4670
3592,3
3593,13
3594
5429
3594,11
1584
3594,5
4771
3594,14
3595,28
3596,8
3597,7
3598
3599,14
3600,4
3601,6
3602,11
3603,12
3604,3
3605,19
3606,4
3607,16
3608,7
3609,15
3610
3611
3612,4
3613
3614
5084
3614,9
3615,9
3616,4
3621
3616
3617
3618,6
3619,17
5446
3619,7
3620,16
3621,4
3622,7
3623,5
5597
3623,6
3624,4
3625,5
3626,4
5460
3626,12
3627,2
3628,3
3629,13
3630
3631,10
3632,19
3633,8
3634,4
3635,12
3636,3
3637,17
3638,7
3639
3640,16
3641,13
3642,10
3643
3644,11
3645
3646,16
3647
3648,6
3649,2
3650,15
3651,4
3652,5
3653,7
3654,6
3655,15
3656,12
3657,7
3658,8
3659,14
3660,10
3661,15
3662,5
3663
3664,14
2024
3665,14
3666,21
3667,12
3668,9
3669,7
3670,8
3671,12
3672,6
3673,7
3674,3
3675,14
3676,11
3677,9
3678,6
1638
3678,2
3679,20
3680,23
3681,14
3682
2099
3682,3
3683,2
3684,2
3388
1649
3684
3685,9
3686,14
3687,23
3688,18
3689,12
3690,17
3691,13
3692,5
3693,24
3694,6
3695,14
3696,5
3697,12
3698
3699,5
3700,9
3701,10
3702,6
3703,17
3704,9
3705,3
3706,3
3707,6
3708,15
3709,9
3710,7
3711,12
3712
3713,12
3714,9
3715,18
3716,5
3717
3718,7
4704
3719,24
3720,5
3721
3722
3723,7
3724,10
3725,15
3726,9
3727,4
3728,16
4628
3729,12
3730,12
3731,6
3732,24
3733,9
3734
3735,4
3736,3
3737,10
3738,20
3739,14
3740,8
3741,7
3742,4
5043
3742,18
3743,23
3744
3745
3746,20
3747,3
3748
3749,11
3750,2
3751,10
3752
3753,5
3754,5
2117
3754,3
3755,10
3756
3757,8
3758,6
3759,9
3760,8
3761,5
3762,2
3763,18
3764,23
3765,11
3766
3767,4
3768,13
3769
3770,7
3771
4013
3771,17
4591
3772,3
3773,6
3774,2
3775,3
2248
3775,15
3776,14
3628
3776,6
3777,6
3778,25
3779,22
3780,3
3781
3782,16
3783,7
3784,2
3785,9
3786,7
3787,14
3788,8
3789,19
3790,9
3791,17
3792,6
3793,14
3794,11
3795,14
3796,10
3797,6
3798,16
3799,30
3800,7
3801,6
3802,12
3803,5
5350
3803
3804,17
3805,12
3806,9
3807,14
3808,10
3809,4
3810
3811,11
3812,12
3813,5
5384
3813,28
3814,14
3815,3
3816,8
3817,4
3818,6
2095
3818,4
3819,6
3820,7
3821,2
3822,11
3823
3824,6
3825,4
3826,16
3827
3828
3829,11
3830,3
3831,24
3832,18
3833,11
3834,8
3835
3836,12
3837,21
3838,19
3839,12
3840,8
3842,13
3843,13
3844,23
3845,30
3846,6
3847,9
3848
3849,2
3850
3851,15
3852
3853,6
3854,10
3855
3856,12
3857
3858,3
3538
3858,12
3859,10
3860,6
3861,10
3862,13
3863,13
3864,20
3865,10
3866,6
3867,15
3868,16
3869,5
3870
3871,13
3872,13
3873,11
3874
3875,6
3876,7
3877
3878,6
2257
3878,4
3879,6
3880,8
3881,8
3882,10
3883,7
3884,20
3885
3886,23
3887
3888,8
3889,4
3890,18
3891,5
3892
2228
3892,16
3893,9
3894,4
3895,22
3896,8
5699
3897,12
3898,9
3899,2
3900,6
3901
4619
3902,15
3903
3904,13
3905,9
3906,8
4814
3906,3
3907,26
3908,6
3909,8
3910,6
3911,12
3912,8
3913,7
2530
3913
3914,21
3915,4
3916,7
3917,25
3918
3919,5
3920,3
3921,15
3922,9
3923,5
3924,3
3925,10
3926,8
3927,11
3928,7
3929,6
3930,11
3931,18
3932,2
3933,5
3934,10
3935
3936
3937,11
3938,9
3939,2
3940,5
2526
3941,18
3942,6
3943,22
3944,23
3945,23
3946,10
3947
3655
3947
3948
3949,9
3950,15
3951,7
3952,7
4594
3952,14
3953,20
3954,8
3955
3956,18
3957,2
4088
3957,8
3958,8
3959,16
3960,5
5597
3960,8
3961,8
3962,7
3963,5
2689
3963,3
3964,13
3965,11
3966,2
3080
3966,19
3967,5
3968,5
3969
3970
3971,8
3972,24
3973
3974,11
3975,9
3976
3977,6
3978
3599
3978,7
3979,15
3980,8
3981,8
3982
3983,8
3984,4
3985,17
3986,6
3987,15
3988,11
3989,14
3990,17
3991,8
3992,11
3993
3278
3993,8
3994,8
3995,17
3996,15
3997,15
3998
3999,17
4000,3
4001,5
4002,9
4003,31
4004
4005
4006,22
4007
4008,18
4009,17
4010
4011
4012,2
2424
4012,31
4013,27
4014,5
4015,16
4016,2
4017,19
5494
4017,4
4018,10
4019,7
4020
4021,9
4022,8
4023,3
4024,7
4025,3
4026,13
4027,6
3751
4027,11
4028,5
4029,19
4030
4031
4032,12
4033
4034,3
4035,3
5355
4035,10
4036,3
4037,5
4038,6
4125
4039,14
2641
4039,3
3996
4039,6
4040,10
4041,14
4042,6
4043,12
4044,3
4045,18
4046,10
4047,16
4048,17
4049,5
4050,11
2175
4050,9
4051,10
4052,11
4053,14
4054,14
4213
4055,17
4056,3
4057,6
4058,11
5099
4058,3
4059,5
4060,14
4696
4060
4061,8
4062,2
4063,5
4483
4063,8
4064,7
4122
4064,3
4065,13
4066,15
4067,6
4068,6
4069,2
4070,9
4071,18
4072,7
4073,14
4074,6
4075,9
4076,14
4077
4078
4079,8
4080,2
4081
4082
4083
4084,9
4085,9
4086,7
4087,8
5416
4087,3
4088,6
4089,16
4090,24
4091,24
4092,13
4093,19
4094
468
4094,13
4095,8
4096,14
4097,9
4098,23
4099,7
4100,11
4101,12
4102,29
4103
4104,23
4105,12
4106,7
4107,16
4108,8
4109,10
4110,9
4111,18
4112,6
4113,7
4114,9
4115,3
4116
4117,13
4118
4119,4
4120,11
4121,19
4122,12
2682
4122,3
4123,9
4124,14
4125,12
4126,9
4127,13
4128,5
4129,11
4130,6
4131,9
4132,11
4133,8
4134,7
4135
4136,16
4137,16
4138
4139
4140,16
4142,5
4143,6
4144,22
4145,13
2146
4145,5
4146
4147,18
4148,10
4149,22
4150,14
4151,6
4152
4153,7
2514
4153,21
4154,12
4155,2
4156,11
4157,12
4158,4
4159,3
4160,9
4161,17
4162,7
4163,14
4164,11
4165,11
3071
4165,3
4166,12
4167,8
4168
4169,9
4170,12
4171
4172,23
4173,6
4174
4175,7
4176,14
4177,6
5289
4177,2
4178,9
4179,33
4180,10
4181,9
4182,17
4183,9
4184,8
4185,7
4186,25
4187,11
4188,18
4189,22
4190,14
4191,6
4192
4193,8
4194,6
5260
4194,11
4195,2
4196,21
4197,7
4198,8
4199,10
4200,12
4201,12
4202,13
4203
4204,10
4205
4206,6
4207,4
5747
4207,4
4208,10
4209,6
4210,34
4211,2
4212,22
4213,6
4214,9
5038
4215,5
4216,3
4217,13
4218,15
4219
4220,6
4221,2
4222,15
4223,2
4224,2
4225,15
4226
4227,19
4228,13
4229,6
4230,21
4231,23
4232,7
4233,5
4234,5
4235,19
4236,8
4237,8
4238,5
5966
4238,2
4239,11
4240,7
4241
4242
4243,15
2489
4244,3
4245
4246,8
4247,9
4248,29
4249,7
4250,3
4251,8
4252,14
3448
4252,2
4253
4254,5
4255,14
4256
4257,28
4258,12
4259,21
4260,3
4261,7
4262
2775
4262
4263
4264,7
4265,21
4266
4267,5
4268,7
4269,15
4270,13
4271
4272
4273,4
4274,7
4275,14
4276
4277,4
4278,3
4279,6
3261
4279,4
4280
4281
4282,14
4283,14
4284,12
4285,19
4286,5
2741
4286,7
4287,33
4288,10
4289,11
4290,11
4291,11
4292,12
4293,2
3431
4293,7
4294
3580
4294,5
4295,6
2907
4295,10
4296
4297,13
4298,29
5092
4299,5
4300,5
4301,6
4302,19
4303
4304
4305,14
4306,8
4307,15
4308,20
4309
4310,27
4311,26
4312,11
4313,4
4314,7
4315,22
4316,18
4318,5
4319
4320,21
4321
4322,6
4323,4
4324
4325
4642
4325,4
4326,21
4327
4328,8
4329,15
4330
4331
4332
4333,3
4334
4335,20
4336,15
4337,25
4338,7
4339,9
4340
4341,8
4200
4341,9
4342
4343,8
3671
4343,3
4344,7
4345,4
4346,2
4347,9
4348,28
4349,2
4350,9
4351
4352,9
4567
4353,7
4354,17
4355
4356,2
4357,11
4358
4359,6
4360,11
4361,4
4362,2
4363
4364,5
4365,4
4366,12
4367
4368
4369,17
4370
4371,2
4372,8
2841
4372,15
4373,11
4374,3
4375,7
4376,27
4377,14
4378,13
4379,11
4380,8
4381,11
4382,4
2794
4382
4383,2
4384,20
4385,6
4386,15
4387,7
4388,6
4389,15
4390,19
4391,8
4392,2
4393,10
4394,5
4395,4
4396,6
4397,6
4398
4399,8
4400
4401,30
4402,7
4403,2
2778
4403,17
4404,26
4405,16
3129
4405,13
4406,27
4407,10
4408,6
4409,4
4410,9
4411,4
4412,8
4413
4414
4415,26
4416,8
4417,9
4418,4
4419,14
4420,7
4421,13
4422,11
4423,2
4424,29
4425,16
6255
4425,5
4426,10
4427,12
4428,17
4429
4430
4431,3
4432,13
4433
4434
4435
4436,16
4437,18
4438,8
4439,4
4440
4441,13
4442,4
4872
4442,11
4443,8
4444,26
3018
4444
4445,11
4446,33
4447,9
4448,8
4449
4450,12
4451,6
4452
4453,3
4454,2
4455,2
4456
4457,20
4458,20
4777
4458
4459,9
4460,2
4461,3
4462,13
4463,12
4464
4465,7
4466,2
4467,24
4468,7
4469,25
4470,12
4471,7
4472,13
4473,8
4474,7
4475,6
4476,11
4477,14
4478,5
4479,9
4480,7
4481,7
4482,13
4483,11
4484,11
4485,17
4486,3
4487,19
4488,7
4749
4489,13
4490,17
4491,27
4492,18
4493,9
4494,7
4495,4
4354
4495,7
4514
4495,3
4496
4497,2
4498,7
4091
4498,8
4499,6
4500,31
4501,4
4502,27
4503
4504,6
4505,13
4506,2
4507,12
4508,12
4509,18
4510,5
4511,15
4512
4513,20
4514,7
4515,9
4516,5
4517,14
4518,25
4519,3
4520
4521
4522,13
4523,9
4524,10
4587
4524,5
4525,9
4526,3
4527,23
4528
4529,4
4530
4531,14
4096
4531,2
4532,13
4533,11
4534,8
4535,12
4536
3661
4536,3
4130
4536,3
4537,11
4538,5
4539,5
4540,11
2515
4540,4
4541,4
4542,4
4543,13
4544,3
4545
4546,2
2914
4546
4547,10
4548,11
4329
4548,14
4549,7
4550,3
4551,3
4552,10
4553
4554,3
5280
4554,8
4555,2
4556,9
4557,9
4558
4559,4
4560,4
4561,3
4562,13
4563,5
2720
4563,12
4564,13
4565,9
4566
4567,23
4568,9
4569,22
4570,12
3643
4571,9
4572,14
4573,18
4574
4575,11
4576,7
4577
4578,7
4579,13
4580,10
4581
4582
4583,17
4584,22
6522
4584,9
4585,10
4586,7
4587,19
4588
4589,11
4590,14
4591,10
4592,16
4593,8
4594,6
4595
4596,7
6035
4596,3
4597,11
4598,10
4599,3
6110
4599,12
4600,3
4601,15
4602,11
4603,7
4604,16
4605,12
4606,6
4607,4
4608,20
4609,6
4610,7
4611,9
6511
4611,4
4612,24
4613,3
4614
4615,6
4616,4
4617,10
4618,18
4619,29
4620,4
4621,8
4622,9
4623
4624,11
4625,7
4626,9
4627,12
4628,10
4629,21
4630,3
4631,8
4632,5
4633,15
6464
4633
4634,8
4635,12
4636
4637,7
4540
4637,10
4638,4
4639,7
4640,26
4641
3927
4641,14
4642,12
4643,12
4644,5
4645,9
4646,9
4647,13
4648
5753
4648,21
4649,7
4650,10
4651,17
4652,9
4653,12
4654,26
4655
4656,27
4657
4658
4659,8
4660,5
4661,8
4662,9
4663,7
4664,8
4665,8
4666,7
4667,3
4732
4668,6
4248
4668
4669,10
4670,22
4671,15
4672,2
3170
4672,8
4673
4674,2
4675
4676
4677,12
4678,8
4679,6
4680
4681,8
4682,7
4683,4
4684,14
4685,4
4686,16
4687,6
4688,7
4689,7
4690
4691,10
4692,2
4693,12
4694,14
4695
4696,24
4697,17
4698
5956
4698,40
4699,22
4700,11
4701,9
4702,3
4703,10
4704,21
4705
4706
4707
4708,9
4709,4
4710,9
4711,2
4712,14
4713
4714,16
4715,2
4716,15
4717,10
4718,2
4719,11
4720,8
4721,15
4722
4723,9
4724,4
4725,20
4726,2
4727,6
4728,8
4729,11
4730,5
4731
3793
4731,29
4732,20
4733,3
4179
4733,2
4734,11
4735,14
4736,3
4737,18
4738
3189
4738,13
4739
4740,16
4741,14
4742
4743,7
4744,11
4745,8
4746,8
4747,21
4748,26
4749,8
4750,16
5364
4750,5
4751,15
4752,30
4753,12
4754,16
4755,10
4756,11
4757,4
4403
4757,8
4758,5
4759,20
4760,12
4761
4762
4763,9
4764,21
4765,5
4766,14
4767,16
4768,9
4769,11
4770,8
4771,16
4772,29
3364
4772,2
4773,16
4774,16
4775,5
4776,5
4777,4
4778,6
4779,23
4780,7
4781,8
4782,9
4783
4784,11
4785,9
4786,19
4787,13
4788
4789,41
4790
3034
4790,5
4791
4792,19
4793,26
4794,14
4795
4796,13
4797
4798,24
4799,5
4800,8
4801
4802,20
4803,8
4804
4805,13
3583
4805,7
4806,22
2859
4806,5
4807,12
4808,6
4809,2
4810,17
4811
4812,26
4813
4814,5
4815,5
4816,5
4817,3
6245
4817,6
4818,13
5312
4818,6
4819,9
4172
4819,10
4820,7
2936
4820,11
4821,5
4822,13
4823,8
4824,18
4825,2
4826,12
4827,14
4828,27
4829,12
4830,13
4831,17
4832,18
4833,15
4834,2
3159
4835,7
4836,14
4837,9
4838,8
6815
4838,2
4839
4840,9
4841,8
4842,14
4843,5
4844
4845,7
4846,3
4847,11
4848,2
4849
4850,3
4851,10
4852,10
4853,5
4854,9
4855,17
4856,14
4857,12
4858,6
4859,3
4860,12
4861,20
4862
4863,12
4864,7
5286
4865,10
4866,2
4867,2
4868,17
4869,5
4870,5
4570
4870
4871,11
4872,17
5384
4872,7
4873,13
4874,14
3328
4874,3
4875,7
4876,22
4877,6
4878
4879,6
4880,5
4881,12
4882,8
4883,8
4884,3
4885,12
4886,30
4887,20
4888,13
4889,7
4890,11
4891,15
4892,6
4893,9
4894
4895,8
4896,7
4897,6
4898,2
4899,12
6114
4899,2
4900
4901,9
4902,8
4903
4904,4
4905,8
4906,10
3088
4906,6
4907,31
4908,3
4909,5
4910,5
4911,14
4912,22
4913,7
4914,13
4915,9
4916,2
4917,16
4918,14
4919,5
4920,9
4921,8
4922,6
4923,7
4924
4925
4926,7
4927,9
4928,3
4929,18
4930,5
4931,9
4932
4933,9
4934
4935,15
4936
4937,29
4938,9
4939
4940,7
4941,21
4942,2
4943,12
4944,5
4945,19
4946,14
4947,20
4948
4949,18
4950,6
4951,8
4952,25
4953,4
4954,8
4955,2
4956,8
4957,2
6623
4957,12
4958,2
4959,13
4960,22
4961,11
4962,9
4963,10
4964,12
4965,4
4966,8
4967,4
4968,4
4969,4
4970,7
4971,10
4972,10
4973,19
4974,10
4975,7
4976,10
4977,2
4978,20
4979,5
4980,11
4981,12
4982,13
4983,6
4984
4985,2
4986,5
4987
4988,14
4989,13
4990,8
4991,7
4992,12
4993,6
4994,7
4995,2
4996,6
4997,5
4998,4
4999,11
5878
4999,17
5000,5
5001
5002,8
5003,16
3692
5003
5004,4
5005,6
5006,12
5007,9
5008,13
5009,4
5010,10
5011
5012,11
5013,7
5014,11
5015,15
5016
5017,5
5018,13
5019,3
5020,10
5021
5022,10
5023,11
5024
5025,4
6461
5025,14
5026
5027
5028
5029
5030,6
5031,10
5032,12
5033,19
5034,8
5035,20
5036
5037,13
5038,10
5039
5040,21
5041,18
5042,9
5043,17
5044,14
5045,13
5046,7
5047,4
5048,2
5049,15
5050
5051,9
5052,7
5053
5054
5055,6
5056,4
5057,28
5058,6
5059,13
5060
5061,10
5062,7
5590
5062,2
5063,12
5064,12
5065,15
5066,2
5751
5066
5067,12
5068,6
5069,5
5070,5
5071
5072,3
5073,3
5074,14
5075
5076,15
5077,5
5078,2
5079,15
5080,2
5081,10
5082,15
5083,4
5084,4
5085,12
5086,3
5087,9
5744
5087,10
5088
5089,2
6805
5089,9
5090,7
5091,10
5092,15
5093,11
5094,13
5095,8
5096,6
5097
5098,10
5099,26
5100,8
5101,12
5102,14
5103,12
5104,6
5105,10
5106,11
5107
5108,22
5109,12
5110,6
5111,15
5082
5111
5112,4
5438
5112,4
5113,8
5114,5
4287
5114,10
5115,9
5116,9
5117
5118,14
5119,14
5120,5
5121,13
5122,7
4411
5122,6
5123
5124,19
5125,12
5126
5127,21
5128,9
5129,12
5130,8
5131,2
5132,7
5133,9
5134,5
5135,6
5136,17
5137,32
5138,19
5139,2
3841
5139,7
5140,10
5141,3
5142,7
5143,37
5144,14
5145,13
5146,14
5147,4
5148,4
5149,11
5150,7
5104
5150,7
5151,21
5152,9
5153
5154,3
5155,11
5156,10
5157,15
5158,9
5159,9
5160,4
5161,17
5162,15
5163,24
5164,9
5165,3
5166,11
5167,28
5168,10
5169,16
5170,7
5171
5172
5173,19
5174,12
5175,4
5176,20
5177,7
5178,18
5179,28
5180,9
5181,12
5182,20
5183,10
5184,30
5185,18
3498
5185,4
5186,14
5187
5188,7
5189,8
5190,14
5191
5192,9
5193
5194,10
5064
5194,3
5195,8
5196,6
5197,2
5198,26
5199,2
5200,29
5201,9
5202,10
5203,23
5204,4
5205,9
5206,10
5207
6291
5207,9
5208
5209
5210,18
5211
5212,16
5213,9
5214,5
5215,13
5216,4
5217,10
6074
5218
5219,11
5220,20
5221,5
5222,13
5223,13
5224,4
5225,7
5226,7
5227,7
5228,3
5229,5
5230,6
5231,14
5232,22
5233
6493
5233,16
5234,7
5235,17
5236,35
5237,11
5238,4
5239,4
4645
5239,7
5240,7
5241,22
5242,7
6798
5242,5
5243,17
5244,11
5245
5246,7
5247
5248,13
5249,8
5250,11
5251,7
5932
5251,3
5252,9
5253,8
5254,10
5255,24
5256,10
5257,2
5258,21
5259,9
5260,18
5261,9
5262,8
5263,7
5264,8
6457
5264,3
5265,16
5266
5267,7
5268,13
5269,12
5270
5271,6
5272,13
5273,3
5274,15
5275,11
5276,4
5277,6
5278,8
5279,5
5280,4
3371
5280,15
5281
5282,6
5283,3
4076
5283,3
5284,5
5285,11
5286,12
5287
5288,20
5289,13
5290,9
5291,2
6493
5291,5
5292
5293,3
5294,9
5295,2
5296,16
5297,9
5298,4
5299,3
5300
5301,13
5302,20
5303,4
5168
5303,3
5304,11
5305,14
5306,10
5307,24
5308,8
5309,5
5310,15
5311,8
5312,5
5313
5314,27
5315
5316,13
5317,8
5318
5319
5320
5321
5322,25
5323,3
5324,11
5325,8
5326,4
7190
5327,17
5328,7
5329,3
5330,18
5331,5
3960
5331,14
5332,8
5333,11
5334,6
5335,9
5336,14
5337,6
5338
5339,2
6111
5339,13
5340
5341,5
5342,17
5343,17
5344,14
5345
5346
5347,12
5348,16
5349,2
5350,25
5351,5
5352,10
5353,7
5354,9
5355,7
5356,10
5357,21
6579
5358,13
5359,9
7149
5359,21
5360,22
5361
5362,8
5363,17
5364,10
5365,3
5366
5367,8
5368,7
5369,5
5370,10
5371,10
5372,10
5373,3
5374,21
5375,3
5376,9
5377
5378,8
5379,10
5380,4
5381
5382,7
5383,10
5384,17
5385,6
5386,3
5387
5388,29
5389,9
5390,5
5391,9
5392,13
7188
5392
5393,2
5394,15
5395,8
5396,5
5397,2
5398
5399,15
5400,6
5401
6516
5401,16
5402,12
5403,12
5404,3
5405,5
5406
3628
5406,13
5407,19
5408,2
5409,13
5410,3
5411,10
5412,7
5413,12
5414,3
5415,3
5731
5415,8
6423
5415
5416,29
5417,27
5418,24
5419,20
5420,15
5421,2
5422,2
5214
5422,4
5423,7
5424,48
5425,4
5426,8
6006
5426
5427,4
5428
5429,20
5430,2
5431,8
5432,8
5433
5434,12
5435,8
4317
5435,8
5436,14
5437,8
5438,13
5439
5440
5441,5
5442,14
5443,22
5444,15
5445,22
5446,11
5447,24
5448,6
5449,10
5450,21
5451,5
5452
5453,6
5454
5455
5456
5457
5458
5459,17
5460,12
5461
5462,3
5463,4
5464,6
5465,9
5466,10
5467,17
5468,26
5469
5159
5469,6
5470,17
5471,9
5472
5473,9
3795
5473,5
5474,11
5475,16
5476,5
5477,23
5478
5479
5480,8
5481,8
5482,9
5483,6
5484,8
5485
5486,27
5487
5488,16
5489,6
5490
5491,5
5492,6
5493,3
5494,4
3693
5494,16
5495,5
5496,17
5497
5498,10
5499,4
5500,12
5501,20
5502,19
5503,3
5504,8
5505,12
5506,10
5507,14
5508,6
4469
5508
3940
5508,7
5509
5510,12
7104
5510,25
5511,23
5512,12
5513,5
5514,35
5515,10
5516
5744
5516,4
5517,12
5518,10
5519,7
5520,18
5521,13
5522,10
5523,8
5524,13
5525,15
5526,13
5527,23
5528,4
5529,9
5530
5531,22
7535
5531,2
5532,25
5533,4
5534,9
4336
5534,13
5535,12
3940
5535,10
5536,8
5537,25
5538
5539,21
5540,7
5541,18
5542,7
5543,21
5544,12
5545,9
5546,12
5547
5548,10
5549,10
5550
5551,17
4818
5552
5553,8
5554,7
7228
5554,10
5555,12
4670
5555,4
5556
5557,10
5838
5557,4
5558,2
6566
5558,15
5993
5558,2
5559
5827
5559,6
5560,7
5561,8
5562,4
5563,25
5564,9
5565,13
5566
5567,2
5568,4
5569,9
5570,22
5571,16
5572,10
5573,17
5574,8
5575,16
5576,9
5400
5576,6
5577,8
5578,13
5579,10
5580,2
5581
5582,22
5583
5584,5
5585,14
5586,8
5587,31
5588,16
5589,6
5590,20
5591,18
5592
5593,26
5594
5595,18
5596,27
5597,9
5598,6
5599,12
5600,8
5601
5602,7
5603,10
4133
5603,3
5604
5605
5606
5607,11
7321
5607
5608,4
5025
5608,2
5609
5610,12
5611,15
5612,4
5613,24
5614,20
5615,5
5616,3
5617
5618,13
3637
5618,3
5619
5620,4
5621,12
5622,10
5623
5624,18
5625,8
5626
5627,11
5628,4
5629,17
5630
5631,4
5632
5633,16
5634
5635,30
5636
5637,8
5638,11
5639,3
5640,2
5474
5640,32
5641,6
5642,11
5643,19
5644,11
5645,9
5646,5
5647
5648
5649,16
5650,5
5651,6
5652,4
5653,6
5654,17
5655,9
5656,12
5657,29
5658,5
5659,2
5660,13
5661
5662,8
5663,23
5664,9
5665,9
5666,9
7385
5666,14
5667,21
5668,7
5669,15
5670,16
5671,11
5672,7
6976
5672,4
5673
6000
5673,8
5291
5673,2
5674,16
5675,21
5676,5
5677,3
5678,14
5427
5678,11
5679,4
5680,7
5681,9
5682,13
5683,19
5684,6
5685,12
5686
5687,3
5688
5689,9
5690,20
5691,17
5692,9
5693
5694,5
5695
5696,12
5697
5698,14
5699,4
5700,17
5701,19
5702,3
5703
5704,11
5705,10
7602
5705,8
5706,2
5707,6
5708,4
5709,13
5710,5
5711,6
5712,18
5713,11
5714,6
5715,18
5716,7
6397
5716,9
5774
5716
5717,24
5718,8
4852
5718,5
5719,4
5720
5721,6
5722,8
7066
5722,3
5723,10
6787
5724,3
5725,7
5726,5
5727,8
5728
5729,4
5730,5
5731,15
4833
5731,5
5732
5733
5734,5
5735,11
5736,9
5737,4
5738,12
5739,2
5740,7
5741,3
5742,8
5743,5
3895
5743
5744,9
5745,4
5746
5747,21
5748,5
5749,7
5750,11
5751,21
5752,10
5753,17
5754,11
5813
5754,2
5755,11
5756
5757
5717
5757
5758,9
5759,36
5760,3
5761,19
5762,21
5763,5
5764,9
5765,11
5766,5
5767,19
5768,6
5769,7
5770,7
5771
5772,3
5773,29
5774,29
5775
5776
5777,8
5778,7
5779,9
5780,2
5781,6
5782,14
5783,11
5784,17
5785,14
5786,3
5787,5
5788
5789,18
5790,17
7274
5965
5790,4
5791,8
5792,3
5793
5794,8
5795,15
5796
5797,6
6998
5797,13
5798,4
5799,3
5800,10
5801,6
5802
5803,11
6415
5803,4
5804,9
5805,11
5124
5805,3
5806,4
5807,7
5808,9
5809,12
5810,5
5811,6
5812,4
5813,7
5814,16
5815,15
5816,16
5817,15
5818,15
5819,21
5820,17
5821,21
5822,6
5823,3
5824,14
5825,14
5826
5827,10
5828,18
5829,11
5830,11
5831,11
5832,6
5833,7
5834,7
5835,12
5836,4
5837
5838,6
5839,16
5840,19
5841,8
5842,9
5843,14
5844,26
5845,3
5448
5845,8
5846,13
5847,6
5848,17
5849,17
5850,15
5851,2
5852
5853,14
5854
5855,13
5856,25
5857,17
5858,4
5859,16
5860,6
5861,24
5862,11
5863,18
5864,18
5865
5866,5
5867,8
5868,3
7727
5868,9
5869,14
5870,18
5871,7
5872,22
5873,5
5874,3
5875,16
7599
5876,5
5877,11
5878,25
5879,11
5880,6
5881,16
5674
5881,5
5882,8
5883,9
5884,8
5885,5
4311
5886,10
5887,15
5888,14
5889,9
5890,6
5891,17
5892,9
5893
5894,6
5895
5896,17
5848
5896,19
5897,8
5898,14
5899,14
5900,10
5901,12
5902,2
6119
5902,5
5903,13
5904
5905,12
5906,7
4381
5906,19
5907,7
5908,7
5909,7
5910
5911,2
5912
5913,21
5914,18
6011
5914,7
5915,22
5916,2
5917,7
5918,2
5919,8
5920,6
5921,18
5922
5923,6
5924,6
5925,8
5926,8
5927,3
5928
5929
5930,7
3960
5930,8
5931,15
5932,3
5933,14
5934,2
5935,7
6409
5935,5
5936,23
7072
5936,5
5937,11
5938
5939
5940,6
4836
5940
5941,10
6137
5942,9
5943,11
5944
5945,22
5946
5947,11
5948,8
5949,6
5950,16
5951,8
5952,18
5953,6
5954,26
5955,10
5956,28
5957,5
5958,15
5959,7
5960,12
5961,6
5962,9
5963
5964,4
5965,4
6114
5965,11
5966,8
5967,5
5968,21
5969,12
5970,8
5971,7
4217
5971,8
5972,12
5973,19
5974,35
5975
5976,6
5977,9
5978,5
5979,15
5980,3
5981,13
5982,4
5983,4
5984,8
5985,30
5986
5987,2
7214
5987,6
5988,7
5989
5990
5991,10
5992,15
5993,30
5994,13
5995,6
5996,20
5997,12
5998,14
5999,9
6000,8
6001,7
6002,15
6003,5
6004,21
6005,10
6006,17
6007,9
6008,6
6432
6008,9
6009,11
6010
6011,7
6012,18
6013,11
6014,2
6015,8
7800
6015
6016,6
6040
6016,11
6017,10
6018,2
6019,7
6020,10
6315
6021,19
6022,9
6023,6
6024,5
6025,19
6026,9
6027,12
6028,6
6029,7
6030,9
6031,10
6032,2
6033,9
6034,8
6035,8
6036,20
6037,3
6038,15
6039,6
6040,26
6041
6042,7
6043,5
6044,2
6045,11
4601
6045,12
6046,26
6047
6048,5
6692
6048,11
6049,5
6050,9
6051,7
6052,4
6053,20
6054,11
6055,8
6056,19
6057,11
6058,13
6059
6060
6061,14
6062,8
4182
6062,5
6063,10
6064,4
6065
5368
6065
6066,10
6067,2
7219
6067,12
6068
6069,17
6070,4
6071
6072
6073,4
6074,6
6075,7
6076,18
6077,4
6078,7
6079
6080,8
6081,10
6082
5312
6082,3
6083,7
6084
6085,7
6086,6
6087,5
6088,14
6089,13
4838
6089,3
6090,3
6091,10
6092,5
6093,3
6094,18
6095,14
6096
6097,10
6098,11
6099,2
6100,16
6101,7
6102,14
6995
6102
6103,14
6104,5
6105,8
6106,22
6107,8
6108,7
6109,21
6110,23
6111,26
6112,17
6113,9
6114,15
6115,13
6116,16
6117,5
5413
6117
6118,5
6119,3
5973
6119,9
6120,12
6121,10
6122,9
6123
6124,3
6435
6124,11
6125,26
6126,25
6127,19
6128,12
6129,13
6130,19
6131,16
6132,4
6133,8
6789
6133,11
6065
6133,5
6134
6135,5
6136,12
6137,4
6138,24
6139,15
6140,5
6343
6140,2
6141,7
6142,20
6143,3
6144,16
6145,13
6146,8
6147,4
6148,10
6217
6148
6149,17
6150,3
6151,17
6152,5
6153
6154
6155,24
6156,10
6157
6158,3
4564
6158,9
6159,11
6160,3
6161
6162,4
6163,5
6164,19
6165,12
6166,15
6167
6168,12
6169,16
6170,7
6171
6172,4
4734
6172,5
6173,25
6174,8
6175,5
6176,3
6177
4386
6177,15
6178,6
7377
6178,3
6348
6178,5
6179
6180,5
6181
6182,27
6183,20
6184
6185,10
5347
6185,10
6186,13
6187,7
6188,2
5111
6188,8
6189,5
6914
6189
6190,6
6191
6192,8
6193
6194,27
6195,12
6196,19
6197,11
6198,8
6199,2
6200,8
6201
6202,28
6203,21
6204,10
6205
6206,6
6207,8
6208,6
6209,12
6210,3
6211,3
5376
6211,10
6212
6213,23
6214,17
6215,15
6216,7
6217,12
6218
6219,14
6220,9
6221,2
6900
6221,14
6222,17
7061
6222,2
6223,15
6224,3
4812
6224,5
6225
6226,7
6227,8
6228,6
6229
6230,11
6231,12
6232,17
6233,3
6234,20
6235,5
6236,12
6237,7
6238,14
6239,5
6240,3
6241,8
6242
6243,11
6244,22
6245,16
6246
7268
6246,10
6247,8
6248,11
6249
6250
6251,13
6252,17
6253,14
6254
6255,18
6256,33
6257
6258,11
6259,11
6260,11
6261,6
6262,13
6263,5
6264,11
6265,22
6266
6267,3
6268,4
6269,12
6270,4
6271,9
6272
6273
6274,16
6275,5
6276,12
6155
6276,3
6277,8
6278,9
6279,14
6280,8
6281,11
7544
6281,3
6282,5
6283,30
6284,2
6285,3
5838
6285,10
6286,2
6287,2
6288,19
6289,7
6290
6291,15
6292,13
6293
6294,11
5974
6294,19
6295,3
6296,9
7054
6296,11
6297
6298,4
6299,11
6300
6301
6302,4
6303,2
6304,4
6305,7
6306,20
6307,12
6308,8
6309,7
6310,16
6311,14
6312,9
6313,10
6314,10
6315,11
5700
6315,3
6316,13
6317,15
6318,7
6319
6320,25
6321,5
6322,4
6323,18
6324,8
6325,3
6326,7
6327,26
6328
6329,15
6330,2
6331,7
6332,9
6333,10
6334,13
6335,6
6336,4
6337,5
5526
6337,7
6338,9
6339
6340,9
6341,19
6342,15
6343,15
6344,11
6345
7151
6345,4
6346,18
6347,5
6348,18
6349,5
6350,4
6351,18
6352,13
6353
6354,16
6355,5
6356,6
6357,10
6358,4
6359,26
6360,14
6361,9
6362,10
6363,7
6364,20
6365,13
6366,12
6367
6368,10
6369,13
6370,21
6371,3
6372
6373,12
6374,10
6375,5
6376,9
6377,29
6378,6
6379,3
6380,3
6381,8
6382,9
6383,9
6716
6384,14
6385,4
6386,7
6387
6388
6389
6390,4
6391,6
6392,7
6393,2
6394,6
6395,8
6396,9
6397,25
6398,12
6399,7
6400,5
6401,4
6402,13
7693
6402,11
6403,7
6404,3
6405,8
6406,15
6407,13
6408,21
6409,11
6410,16
6411,13
5441
6411,9
6412,25
6413
6414,11
7088
6415
6416,8
6417,4
6418,9
6419,4
6420,10
6421,13
6422
6423,6
6424,13
6425,9
6426,6
6427,4
6503
6427,21
5896
7554
6427,3
6428,12
6429,8
6430,16
6431
6432,8
6433
6434,11
6435,13
6436
6437
6438,7
6439,11
6440,14
6441,5
6442,8
6443,26
6444,10
6445,12
6446
6447,8
6448
6449,28
6450,10
6452,6
6453
6454,12
6455,10
6456,9
6457,26
6458
6459,4
6460,17
6461,7
6462,13
6463,11
6464,11
6465,12
6466,16
6467,10
6468,12
6469,15
6470,24
5015
6470,2
6471,6
6472,18
6473,15
6474,13
6475,9
6476,5
5871
6476
7563
6476,8
6477,11
6478,10
6479
6480,4
6481,8
6482
5316
6482,14
6483,11
6484
6485,21
6486,17
6487,10
6488,15
6489,16
6490
6491,6
6492,8
6493,23
6494
6495,9
6496,29
6128
6496,7
6497,7
7448
6497,10
6498,23
6499,13
6500,11
6501,6
6502,3
4924
6502,7
6503,12
6504,7
6505,5
6506,10
6909
6507,9
6508,8
6509,18
6510,30
6511,13
6512
6513,12
6514,13
6515,4
6516,5
6517
6518,6
6519,7
6520
6521,9
6522,17
6265
6522
6523,26
6524
6525,8
6526,8
6527,6
6528,8
6529,8
6530,14
6531,5
6532,15
6533
6534
6535,13
5025
6536,7
6537,8
6538,7
6539,6
6540
6541,6
6542,5
5996
6542,7
6543,19
6544,2
5009
6545,8
6546,5
6547
6548,20
6549,16
6550
6551,10
6552,5
6553
6554
6555,6
6950
6555,13
6556,10
6557
6558
6559,9
6560,6
6561,27
6562
6563,13
6564
6565
6566,15
6567,16
6568
6569,2
6570,6
6571,26
6572,6
6573,14
6574,4
6575,15
6576,14
6577,9
6578,12
6579,3
7788
6579,18
6580,8
6581,8
6582,9
6583,15
6584,3
6585,12
6586,8
6587,17
6588,9
6589,12
6590,5
6591,23
6592
6593,3
6594,8
6595,17
6596,21
6597,9
6598,7
6599,17
5336
6599,5
6600
6601,8
6602,5
6603,10
6604,29
6605
6606,3
6256
6606,2
5778
6606
6607,20
6608,8
6609,9
6610,8
6611,8
6612,5
6613,7
6614,12
5596
6614,4
6615
6616,6
6617,17
6089
6617,5
6618,21
6619
6620,8
6621
6622,7
6623,24
6624,2
6625,27
6626,5
6627
6628,5
6629
6630,8
6631,4
5041
6631,2
6632,15
6633,26
6634,17
6635,13
6636
6637
6638,7
6639,12
6640,7
6641,21
6642,4
6643,12
6644,7
6645
6646,10
6647,5
6648,5
6649,7
6650,9
6651
6652,13
6653,9
6654
6655,2
6656
6657,9
6658,5
6659,10
6660,6
6661,6
6662
6663
6664,8
6665
6666,23
6667,9
6668,4
6669,15
6670,21
5299
6670
6671,17
6672,11
8043
6672,5
6673,13
6674,8
6675,8
7446
6675,8
6676,12
7438
6676
6677,13
6678
6679,7
6680,9
6681
6682
6683
6684,3
6685,8
6686,3
6687,8
6688,7
6689
6690
6691,32
6692,14
6693,22
6694
6695,11
6696,4
6697,6
6698,26
6699
6700,3
6701
6702,5
6703
6704
6705,2
5375
6705,10
6706,6
6707,8
6708,5
6709
6710,14
6711,5
6712,5
6713
6714,12
6715,9
6716,10
6717
6718,5
6719,17
6720,13
6721,10
6722,15
6723,9
6724,19
6725,12
6726,9
6727,9
6728,7
6729,9
6730,16
6731,8
6732,8
6733,10
6734
6735,9
6736,6
6737
6738,20
6739,2
6947
6739,6
6740
6741,8
6742
6743
6744,11
6745
6746
6747,12
6748,8
6749,12
6750,4
6751,6
6752,12
6753,9
6754,6
6755,7
6756
6757,5
6758,6
6759,4
7882
6759,6
6760,7
6761,11
6762
6763,4
6764
6765,20
6766,16
6767
6768,5
6769,4
6770,8
6771,13
6772,4
6773,21
6774,9
6775,4
6776
6777,6
6778,9
6779,7
6780,14
6781,9
6782,18
6783,15
6784,8
6785,7
6786,8
6787,9
7698
6787,5
6788,26
6789,10
6790,4
6791,9
6792,14
6793,11
6794,9
6795,6
6796,12
6797,10
6798,7
6799,4
6800,8
6801,9
6802,26
6803,6
6804,8
6805,6
6806
6807
6808,15
6809
6810,13
6811,10
6812,10
6813,10
6814,5
6815
6816,7
6817,11
6818,6
6819,4
6820,2
6821,11
6822
6823,7
6824,2
6825,11
7421
6582
6826,6
6827,17
6926
6827,12
6859
6828
6829,12
6830,8
6831
6832
6833,22
6117
6833,5
6834,8
6835,14
6836,21
6837,2
6838
6839,5
6840
6841,22
6842,5
6843,6
6844,17
6845,6
6846,8
6847,14
6848,33
6849,13
6850,8
6851,13
6852,5
7637
6852,9
6853,7
6854,12
6855,3
6856,17
6857,19
6858,6
6859,17
6860,9
6861,2
6862,10
6863,3
6864,6
6865,19
6866,7
6867,8
6868,6
6869,9
6870,6
6871,8
6872,2
6873,13
5749
6873,2
6874,9
6875,7
6876,20
6877
6878,14
7772
6878,4
6879
6880,9
6881
6882,8
6883,10
6884
6885,10
6886
6887,10
6888,9
6889,7
6890,3
6891
6892,8
6893,12
6894,7
6126
6894,16
4827
6894,12
6895,18
6896,23
6897,21
6898,9
6899,23
5189
6900,29
6901,9
6902,11
6903,19
6904,4
6905,5
6906,2
6907,24
6908,5
6909,12
6910,15
6911,2
6912,13
7049
6913,12
6914,14
6915
6916,7
6116
6916,7
6917,15
6918,25
6919,7
6920
6921,4
6922,12
6923,19
6924
6925,3
6926,7
6927
6928,9
6929
6930,2
6931
6932,6
6933,8
6934,13
6935,13
7514
6936,23
6937,12
6938,9
6939,8
6940,2
6941,5
6942,5
6943,16
6944,10
6945,13
6946
6947,17
6948,6
6949,11
6950,20
6951,13
6952,10
6953,13
6954
6955,5
6956,8
6957,13
6958,6
6959,7
7781
6959,8
6960
6961,7
6962,26
6963
5324
6963,9
6964,3
6965,12
6966,8
6967,7
6968,12
6969,11
6970,11
6971
6972,20
6973,16
6974,20
6975
6470
6975,11
6976,14
6977,10
6978,15
6979,11
6980,5
6981,4
6982,16
6983,5
6984,23
6985,6
6986,4
6987,13
6988,6
6989,16
6990,19
6991,20
6992,12
6993,10
6994,10
6995,8
6996,9
5362
6996,4
6997,7
6998,23
6999
7000,9
7001,4
5296
7001,5
7002
7003
7004
7005,2
7006,2
7007,21
7008,13
7009,10
7010,22
7011,5
7012,20
7013,14
7014
7015,7
7016,5
7017
7018,11
7019
7020,11
7021,11
7022,4
7023
7024,21
7025,8
7026,13
7027,9
7028,8
7029,11
7030
7031,23
7032,2
7033,8
7034,11
7035,8
7036,4
7037,4
7038,19
7039,12
7040,8
7041,14
7042,5
7043,8
7044,9
7045,16
7046,9
7047,5
7048,19
7049,10
7050,16
7051,4
7052,11
7053
7054,7
7491
7054,6
7055
7056,7
7057,8
7058,11
7059,5
7060,9
7061,17
7062,22
7063,3
7064,23
7065
7066,12
7067,24
7068
7069,4
7070,4
7071,9
7072,10
7073,18
7074
7075,3
7076,25
7077,5
7078,6
7079,24
7080,6
7081,14
7082,15
7083,21
5596
7083,2
7082
7083,7
7084,8
7085,13
7086,10
7087
7088,18
7089
7090,14
7091,5
7092,3
7093,12
7094,8
7095,22
7096,2
7097,3
7098,8
7099,6
7100,5
7101,4
7102,5
7103,12
7104,4
6993
7104,2
7105
7106,13
7107
7108
7109
7110,9
7111,15
7112,22
7113,16
7114,21
7115
7116,16
7117
7118,13
7119,27
7120,6
7121,11
7122
7123,3
7124,15
7125,7
7126,16
7127,3
7128,9
7129,2
6088
7129,11
7130,10
7131,7
7132,23
7133,15
7134,6
7135,5
7136,15
7137,4
7773
7137,6
7138,8
7139,21
7140,13
7141,16
6477
7141,5
7142,6
7143,12
7144,14
7145,8
7146,7
7147
7148,21
7149,14
7150,14
7151,17
7152,11
7153,6
7154,10
7155,9
7156,15
7157,12
7158,8
7159,12
7160,2
7161,20
7162
7163,23
7164,17
7165,5
7166,18
7167,8
7168,16
7169,16
7170,20
7171,13
7070
7171,2
7172,6
7079
7172,6
7173,9
5328
7173
7174,4
7175,3
7176,19
6672
7176,2
7177,10
7178,25
7179,11
7180,18
7181,3
6496
7181,6
7182,7
7183
7184,22
7185,15
6935
7185,3
7186,12
5540
7186,2
7187,10
7188
7189,5
7190,28
7191,5
7192,12
7193,15
7194
7195,9
7196,7
7197,3
7198
6185
7198,9
7199,15
7200,5
7201,6
7202,9
7203
7204,22
6489
7204,11
7205,11
5718
7205,2
7206,13
7207,14
7208,7
6183
7209
7210,5
7211
7212,11
7213,5
7214,16
7215,29
7216,7
7217,2
7218,10
7219,11
7220,18
7221,15
7222,10
6984
7222,10
7223,4
7224,21
7225
7226,2
5512
7226,10
7227,9
7228,8
7229,8
7230,11
7231,9
7232,8
7233,2
7234,6
7235,11
7236,14
7237,9
7862
7238,7
7239,9
7240,5
7241,9
7242,19
5273
7242
7243,27
7244,17
7245,8
7246
7247,2
7248,11
7249,4
7250,8
5434
7250,8
7251,3
7252,15
7253
7254
7255,9
7256
7436
7256,7
7257,2
7258,3
7259,8
7260,9
7261,31
7262
7263
7264,23
7265,15
7266,5
8181
7266,4
7267,9
7268,14
7269
7270,5
7271
7272,6
7273,3
7274,14
7275,22
7276,16
7277,15
7278,19
7279,9
7280,2
7281
7282
7283,25
7284,20
7285
7286,3
7287,5
7288,15
7289
7290,7
7291,12
7292,9
7293,8
7294,4
7295,8
7296,9
7297,7
5747
7297,6
7298,18
7299
7300,3
7301,9
7302,8
7303,7
7304,8
7305,13
7306,7
7307,11
7308,9
7309,10
7310,27
7311,3
7312,5
7313,20
7314,5
7315,7
7316,15
7317,18
7318,2
7319,3
7320,9
7321,13
7322,27
7323,8
7324,8
7325,17
7326,13
7327,9
7328
7329,12
7330,21
7331,17
7332,12
7333,10
7334,9
7335,7
7336,6
7337
7338,21
7339,2
7340,5
5656
7340,12
7341,11
7342,11
7343,13
5795
7343,29
7344,6
7345,7
7346,4
7347
7348,18
7349,4
7350,7
7351
7352
7353,2
7354,11
7355,4
6591
7355,5
7356,18
7357,11
7358,6
7359
7360,8
7361,10
7362,17
7363,8
7364
7365,8
7366,8
7367,5
7368,14
7369,5
7370,32
7371,3
7446
7371,3
7372,12
7373,3
7374,10
7375,15
7376
7377,10
7378,19
7379,11
7380,13
7381,19
7382
7383,6
7384,16
7385,9
7386,7
7387,7
7388,9
7389,6
7292
7389,9
7390,3
7391,7
7392,8
7393,5
7394,5
7395,11
7396,8
7397,24
7398,14
7810
7399,16
7400,28
7401,20
7402,8
7403,15
7404,4
7405,2
7406,18
7407,12
7408
7409,8
7410,19
7411,10
7412,7
7413,6
7414,8
7415,8
7416,7
7417,18
7418
7140
7418,3
7419,8
7420,8
7421,6
7422,19
7423
7424,10
7425,17
7426,5
7911
7426,5
7427,9
7428,5
7429,8
7430,9
7431,7
7965
7431,10
7432,4
7433,4
7434,21
7435,8
7436,18
7437,15
7439,21
7440
7441,12
7442
7443,8
7444
7445
7446,14
7447,9
7448,3
7449,11
7450,7
7451,7
7452
7453
7454,11
7455,9
7456
7457,7
7458,12
7459
7460,7
7461
7462,8
7417
7462,2
7463,15
7464,13
7465
7466
7467
7468,14
7469,19
7470,8
7471,15
7472,4
7473,14
7474,12
7475
7476
7477
7478,6
7479,5
7480,4
7481,6
7482,10
7483,12
7484,28
7485,13
7486,9
7487,3
7488,20
7489
7490,25
7491,29
7492,17
7493,19
7494,14
7495,5
7496,5
7497,15
7499
7500,3
7501,16
7502,3
5719
7502,13
7503,10
7504,10
7505,5
7506,8
7507,36
7508,11
7509,13
7510,10
7511,2
7512,19
7513,2
7514,21
7515,15
7516,8
7517
7518,8
7519,5
7520,22
7521
7522,13
7523,2
7524,8
7525,7
7526,5
7035
7526,14
7527,12
7528,12
7529,17
7530,12
7531,8
7532,5
7533,8
5579
7533,2
7204
7533,10
7534,2
7535,17
7536,3
7537,11
7538,18
7539,15
7540,12
7541,20
7542,9
7543,32
7544,7
7545,2
8086
7545,14
7546,11
7547,18
7548,25
7549,2
7550,11
7551,5
7552
7553
7554,21
7555,6
7556,8
7557,9
7558,11
7559,8
7560,3
7561
7562,4
7563,25
7564,14
7565,6
7566,33
7567,7
7568,9
7569,14
7570,5
5553
7570,8
7571,2
7572
7573,2
7574,21
7575,14
7576
7577
7578,12
7579,6
7580,17
7581
7582,16
7583,6
7584
7585
7586,8
7587,5
7588,5
7589,7
7590,13
7591,8
7592,8
7593
7594,26
7595,9
7596,26
7597,4
6961
7597,3
7598,43
7599,2
7600,8
7804
7600,13
7601,20
7602,12
7603
7604,12
7605,13
7606,9
7607,24
7608,8
7609,7
7610,21
7611,13
7612,13
7613,18
7614,5
7615,5
7616
7617,19
7618,14
7619,5
7620,11
7621,10
7622,12
7623
7624,9
7625,9
7626
7627,2
7628
7629,12
7630,17
6777
7630,12
7631,6
7632,3
7633,22
7634,9
7635,4
7636,17
7637,16
6169
7637,14
7638,4
7639
7640,12
7641,18
7642,9
7643,16
7644,8
7645,14
7646,15
7647,4
7648,4
6918
7648,4
7649,10
7650,13
6791
7650,4
7651,18
7652,8
7653,11
7654
5935
7654,15
7655,25
7656,2
7657,15
7658,27
7659,10
7660,13
7661
7662,10
7663,9
7664,12
7665,9
7666,13
6334
7667,8
7668,19
7669,11
7670
7671,8
7672,4
7673,5
6451
7673,3
7674
7675,15
7676,8
7677
7678,7
7679,12
7680,19
7681,8
7682
7683,12
7684,4
7685
7686,6
7687,20
7688,14
7689,2
7690,16
7691,13
7692,2
7693,16
7694,15
7695
7696,15
5818
7696,6
7697,13
7698,10
7699,8
7700,13
7701
7702,7
7703,7
7704,3
7705,14
7706,15
7707,11
7708,14
7709
7710,16
7711,4
7712,20
7507
7712,7
7713,6
7714,11
7715,10
8083
7715,7
7716,15
7717
7718
7719,11
7720,17
7721
5721
7722,6
7723,10
7724,3
7725,8
7726,5
7727,20
7728,6
7729,13
7100
7729,3
7730,32
7731,6
7732,29
7733,13
7734,2
7735,14
7736,5
7737,10
7738,11
7498
7738,17
7739,9
7740,9
7741,17
7742,6
7743,5
7744,9
7745,12
7746,9
7747,9
7748
7749,4
7750,9
7751,3
7752,7
7753,2
7754,14
7278
7754
7755,15
7756,11
7757,21
7758,4
7759,8
7760,7
7761,22
7762,4
7763,22
7764,10
7765,14
7766,9
7767,18
7768,2
7769,8
7770,15
7771,4
7772,26
7773,27
7774,12
7775,7
7776,11
7777,25
7778,3
7325
7778,11
7779,5
7780,13
7781,13
7782,13
7783,3
7784,15
7785,9
7786,7
7787,7
7788,17
7789,8
7790,8
7791,12
7792,12
7793,11
7794,5
5798
7794
7795,4
7796,7
7797
7798,25
7799,5
7800,14
7801,13
7802,16
7803,17
7804,10
7805,7
7806,4
7807,12
7808,20
7809,9
7810,10
7811,3
7812,7
7813,2
7814
7815,10
7816,21
7817,4
7818,20
7819,7
7820,18
7821
7822
7823,9
7824,12
7825
7826,6
7827,15
7828,8
7829,7
7830,24
7831,7
7832,9
7833,11
7276
7833,6
7834,22
7835,5
7836,17
7837,6
7838,17
7839,5
8073
7839,7
7840
7841,13
7842,5
7843,10
7844,18
7845,23
7846,8
6316
7846
7847,10
7848,8
7849,5
7850
7851,27
7852,19
7853,9
7854,18
7855,14
7856,22
7857,14
7858
7859,9
7860,9
7861
7538
7861,2
7862,15
7863,14
7864,3
7865,3
7848
7865,7
7866,21
7867,11
7868
7869,6
7870
7871,15
7872
7873,8
6580
7873,6
7874,12
7875,4
7876,8
7877,26
7878,4
7879,13
7880,15
7881,34
7882,4
7883,11
7884
7414
7884,17
7885,7
7886,8
7887,8
7888
7889,5
6617
7890,12
7891
7892,15
7893,9
7894,7
7895,19
7896
7897,13
7898
7899,25
7900,2
7901,8
7902
7903
7904,17
7905,29
7906,8
7907,25
7908,8
7909,2
7910
7911,19
7912,4
7913,7
7914,12
7915,14
7916,21
7917,9
7918,7
7919,12
7920
6313
7920,22
7921,2
7922,12
7923,14
7924,14
7925,3
7926,7
7927,11
7928,41
7929,32
7930,13
7931
7932,17
7933,16
7934
7935,5
7936,13
7937
7938,15
7939,18
7940
7941,2
7942
7943,7
7944,7
7945,11
7946,7
7947,18
7948
7949,14
7950,7
7951,17
7952,24
7953
7954,17
7955,7
7956,9
7957,5
7958,9
7959
7960
7961,14
7962
7963,11
7964,7
6772
7964,2
7965,13
7966
7967,11
7968
6895
7968,8
7969,10
7970,27
7971,5
7972,2
8035
7972,7
7973,12
7974,19
7975,20
7976,5
7977,5
7978,3
7979,8
7980,12
8014
7980,11
7981
7982
7983,9
6111
7983
7984,6
7985,11
7986,17
7987,19
7988,24
7989
7990
7991,8
7992,17
7993
6101
7994,12
7995,4
7996,17
7997
7998,14
7999,21
8000,11
8001
8002,7
8003
8004,10
8005,8
8006,10
8007
8008,4
8009,24
8010,2
8011,3
8012,3
8013,11
8014,13
8015,6
8016,19
8017,20
8018,3
8019,9
8020,3
8021,9
8022,2
8023,6
8024,9
8025,3
8026,7
8027,2
8028,9
8029
8030
8031,15
8032
8033,9
8034
8036,5
8037,22
8038,22
8039,9
7787
8039
8040,11
8041,14
8042,5
8043,36
8044,3
8045,4
8046,11
8047
8048,5
8049,9
8050,5
8051,4
8052
8053,9
7119
8054,15
8055,18
8056,10
7495
7917
8056,8
8057,9
8058,7
8059,3
8060,7
8061
8062,21
8063,13
8064,8
8065,9
8066,21
8067
8068
8069,9
8070,23
8071,8
8072,7
8073,20
8074,20
8075,12
7925
8076,15
7542
8076,26
8077,20
8078,12
8079
8080,15
8081,9
8082,17
8083,3
8084
8085,6
8086,6
8087,6
8088
8089,16
8090,11
8091,2
7400
8092,12
8093,11
8094
8095,13
8096,2
8097
8098
8099,6
8100,23
8101,4
8102,15
8103,10
8104
8105,18
8106
8107
8108,5
8109,29
8110,10
8111,7
8112,17
8113,4
8114,14
8115,14
8116,7
8117,8
8118,5
8119,12
8120,6
8121,8
8122,16
8123,22
8124,3
8125
8126,10
8127,6
8128,7
8129,8
8130,7
8131
8132,10
8133,2
8134,15
8135,13
8136,2
8137,27
8138,13
8139,5
8140,5
8141
8142,3
8143,11
8144,10
8145,2
8146,6
8147
8148,3
8149,12
8150,9
8151,23
8152,4
8153
8154,3
8155,21
8156
8157,3
8158,13
8159,3
6107
8159,9
8160,4
8161,12
8162,9
8163,10
8164,3
8165,13
8166,6
8167
7310
8167,19
7594
8167
8168,12
8169,9
8170,9
8171,14
8172,16
8173,2
8174,8
8175,12
6490
8175,14
8176,11
8177,7
8178,7
8179,8
8180,20
8181,6
8182,12
8183,7
8184,9
8185,18
8186,4
8187,8
8188,5
8189,10
8190,16
8191,8
8017
7434
7325
7932
7793
6464
7483
7802
7815
7566
7015
8144
7920
7883
7596
6373
6962
7533
7568
8164
6919
7647
7421
8151
6391
6968
7838
7803
7928
7176
7892
7529
6791
7637
8006
7930
7076
6725
8022
6965
7887
6893
8191
