287
174
73
170
16
162
19
0,13
1,14
2,18
3,20
4,14
5,7
6,15
7,11
8,11
9
10
11,3
12
13,7
14,9
15
16,11
17,8
18,8
19,14
20,9
21,9
22,4
23,16
24,6
25,9
26,10
27,5
28,21
29,29
30,15
31,8
32,4
33,6
34
35
36,8
221
36
37
38,24
39,3
40,5
41,8
42,8
43,15
44,20
45,13
46,7
47
48
49,14
50,8
153
50,17
51,17
52,10
53,23
209
53,4
54,4
55,8
56,10
57,16
58,2
59,17
60
61,23
62,17
63,15
64,17
65,14
66,7
67
68,17
69
70,7
71,5
72,23
120
72
73,3
41
73,9
74,3
75,17
76,2
77,14
78,4
79,9
80,17
81
82,12
83,10
84,8
85,19
86,23
87,7
88,20
89,15
222
89,8
90,5
91,2
92,16
93,12
94,9
95,10
96,16
97,5
98,17
99,16
100,5
101
102
103,10
104
105,14
106
107,3
108
109,5
110,8
111,9
112,10
113,9
114
115,14
116,10
117
23
117,4
118,11
119,7
120,27
121
122,7
123,11
124,13
125,7
126
127
128
129,6
130,8
131,15
132,7
133,15
134,8
135,9
136,13
137,6
138,9
139,7
140,5
141
142,8
143
144,13
145
146,8
147,3
148,6
149,7
150,2
151
150,4
151,25
152
153,16
154,3
155,4
156,16
157,6
312
157
158,7
159,2
160
161,13
162,27
163,10
164,6
165
166,6
167,29
168,15
169,8
170,13
171,13
172,19
173,10
174,7
175
176,4
177,9
178,16
179,11
180,17
181,9
182,6
183
184,25
185,7
186
187,21
188,24
189
190
191,13
192,10
193,12
194,5
195,7
196,5
197
198
199,13
200,33
201,4
202,7
203
204
205,33
206,6
207,3
208,6
82
208,19
209,7
210
211,4
212,3
213,17
214,11
215,21
216,3
217,19
218
219,9
220,12
221,17
222,16
223,10
224,23
225,6
226,3
227,6
228
229,5
230,4
231,9
232,7
233,22
196
233,5
234,3
235,4
236,4
237,17
238,11
239,8
240,3
241,6
242,9
243
276
244,7
245,25
246,14
247,25
248,6
249,26
250,3
251,12
252,4
253,7
254,12
255,7
256
257,6
309
257,3
258,4
259,15
260,2
356
260,28
261,5
262
263,6
264,11
265,29
266,9
267,3
268,8
269,14
270,8
271,7
272,11
273,5
274,16
275,6
276,17
277,2
278,12
279,2
280,15
281
282,14
223
282,2
283,7
284,5
285,11
286,5
287,14
536
287,9
288,2
289
290,4
291,7
292
176
292,6
293,10
294
295,3
296,9
596
296,3
297,8
298,14
299,18
300
301
302,3
303
304,2
305,13
306,17
307,17
308,7
309,7
310,15
311,7
322
311,5
312,16
313,8
314,5
477
314,3
315,6
316,16
317,15
318,3
319,8
320,21
321,9
322,5
323
324,7
325
326,7
327,22
328,9
329,3
330,3
400
330,8
331,6
332,6
333,8
334,6
335,13
336,8
337,3
338,23
339,10
340
341,6
422
341,13
342,12
89
342,26
343,4
344
345,6
346,6
347,9
348,2
349,33
350,2
351
352,5
353,3
733
353,4
354,6
355
356,21
357,5
287
357,4
358
359,19
360,7
361,34
362,22
363,7
364,3
365,3
366,7
112
366
367,6
368
369,17
370,12
371
372,7
373,3
374
375,11
376,15
377,8
378,5
379,16
380
381,7
382
383,17
384
385,10
386,9
387,6
388,15
389,3
390,17
391,7
392,8
393,18
394
395,8
396
397,11
398,13
399,6
400,6
401,30
402,13
403,9
404,2
469
404
405,7
406,8
407
408,18
409,4
410,5
411,23
412,7
413,17
414
415,4
416,8
417,5
418,17
419
420,2
421,9
422,11
606
422,4
673
422
401
422,6
423
424
425,4
426,16
427,12
428,4
429,7
430,14
431,7
432,9
433,13
434,3
435,2
436
437,16
438,6
439,3
440,8
441,4
594
441,12
442,10
443,19
444,5
445,14
446,9
447,8
448,6
449,4
450,10
451,17
452,19
453,11
454,15
455,11
456
457,14
458
459,17
460,7
461,11
120
461,4
462,21
194
462,2
463,9
464,22
465,21
466,6
467,3
515
467,8
468,4
469,11
470,16
471,4
129
471,32
472,10
473,24
474,12
475,6
476,6
477,19
478,11
479,19
480,11
481,14
482,6
483,23
484
485,18
486,15
487,15
488,6
489
490,6
491,10
492,15
487
492,4
493,3
136
493,12
494
495,25
496,11
878
496,2
497,13
498,9
499,11
500,25
501,11
502,11
503
504
505,26
506,11
507,13
508,3
187
508,4
509
510,8
511,9
512,10
513,14
514
515,15
516
517
518,9
519,7
520,14
521,10
522,8
523,17
524,10
525,2
526,3
587
526,4
527
528,22
529
530
531,24
532,6
403
532,5
618
532,7
533,7
534,3
535,4
528
535,12
512
535,12
536,15
537,14
538,22
539
540,8
541,3
542,7
411
542,10
543,13
544,6
545
546,2
547,12
548,2
549,23
550,11
551,8
552
553,6
265
553,25
554,9
555,21
556,6
557,31
558,2
559,7
560,28
561,6
562,9
563,7
564
565
566,7
567,7
568
569,7
570,13
571,3
572,3
573,6
363
573,2
574
575,22
576,3
577,9
578
579,3
580
581,3
582,4
306
582,2
583,4
584,14
585,4
586,6
587,6
588,9
427
588,2
589,20
590,13
591,2
592
593,15
594,7
621
426
594,9
595,23
596,19
597
598,12
765
599,13
600,9
601,9
602,8
603,5
604
605,6
606,12
607,8
608,11
609,22
610,6
611,24
612
613,7
614,5
615
616,5
617,11
618,40
619,25
620,5
621,6
622,4
623,15
624,2
450
624,15
625,19
626,3
627
628,4
629,6
673
630,15
631,10
399
631,14
632,11
633,10
634,10
635,10
636,6
637,22
638,5
639,15
640,17
641,3
642,6
965
642,11
643,6
644,16
645,6
646,16
647,12
648,30
649,9
650,3
651,2
652
653
654,6
655,6
656,20
657,10
658,12
659,3
660,14
661
662,17
663
664,25
665,10
666
667,21
668,7
669,4
670,5
671,2
672,7
673,17
674,9
675
676,18
342
676,5
677
678,11
679,11
680,18
681
682,3
636
682,3
683,5
684,14
685,8
686,6
687,34
741
687,6
688,7
689
690,5
691,6
692,23
693,15
694,12
695
696,12
697,3
698,7
699,13
700,5
701,13
953
701,3
702,3
703,15
870
703,2
704,16
705,14
706,15
707,9
708,9
709,13
710,15
711
1048
711,10
712,9
713
706
713,21
714,7
715,7
716,14
717,5
487
717,3
718
461
718,6
719
720,18
721,3
722,10
723,10
724,3
725,14
726,7
814
726,8
727,14
728
729,7
730,19
731,6
732,5
733,22
734
735,4
736,13
737
738,15
739,2
740,2
741,4
742,5
743,16
744,6
745,14
746
747
748,5
749,16
750,29
596
751,24
752,18
753,17
754,5
755,12
756,2
757,4
758,4
725
758,14
759
760,6
761
762,10
763,9
764,9
765,7
766,12
767,3
768,8
769,8
770
771,7
772,5
773,8
678
773,5
774,12
775,19
776,11
777,3
778
1045
778,13
779,9
438
779,3
780,7
781,12
782,14
783,12
784,8
785,22
786,9
787,5
788,15
789,8
790,9
584
791,12
792
711
792,2
467
792,3
793,17
794,4
795,20
796,5
797
798
459
798,8
799,2
800,17
801,16
802,13
803,5
804,28
805,11
806,10
807,3
808,5
809,4
862
809,30
810,11
811
812,14
732
813,10
814,13
815,9
816
817,18
818,6
535
818,12
819,11
820,11
821,9
822,9
823,6
824,22
825,3
826,5
827,3
719
827,6
828,10
829,4
830
831
832,14
833,11
834,9
835,23
836,23
837,2
838,3
839,9
512
839,6
840,9
841,9
842,3
843,7
844
845,16
846,21
847,14
848,5
849,5
850,9
996
850,4
1034
851,7
852,12
853,13
854,7
855,14
856,18
857
858
859,2
860,2
861
862,14
863,4
864,10
865,6
1033
865,17
866
867,15
868
869,5
870,8
871,10
872,9
873,15
874
875,17
876,5
877,10
878,13
879,13
880,7
881,2
882,23
883,6
884,4
885,9
886,7
887,5
709
887,10
888,7
889,15
890,3
891,2
892,5
893
894,21
895,15
896,18
897,6
898,10
899
900,2
901
902,13
903,17
904,8
905,10
906,9
907,4
908,17
909,7
910,17
911,7
912,9
1154
912
913,15
914,4
915
916
917,23
918
557
918,36
919,22
920,4
921,21
922,4
923,10
924,22
925,20
926,15
927,7
928,6
929
930,8
846
930,8
648
931,6
932,11
1212
932
933,4
934,12
935,22
936,8
937,2
938,4
939,13
940,17
941,23
942
943,8
1211
943,11
944
945,18
673
945,8
946,21
947,21
1073
947,2
948,4
949,13
950
951,25
952,29
1231
953
775
953,7
954,8
955,6
956,2
957
958,23
959,6
960,9
961,6
962,10
963,6
964,9
965,19
966,8
967,7
968,10
969,36
970,19
971,10
972,6
973,16
974,34
975,5
976,19
977,2
978,9
979,7
980,6
981,23
982
983,9
984,13
985,16
986,21
987,14
988,17
989,2
990,15
991,21
992,15
725
992,6
993
994,12
995,12
996,10
997,11
998,8
999,4
1000,6
1001,10
1002,16
1003,14
1004,5
1005,10
986
1005,6
1006
1007,8
1008,3
1009,13
1010,15
1011,11
1012,6
1013,17
1014,13
1015,10
1016,8
847
1016
1017,12
1018,9
1019
1020,9
1021,5
1022,8
1023
1024
1025,2
1026,17
1027,25
1028,5
1029,14
634
1029,5
1030,8
1031,11
1032,24
1033,16
1034,21
1035,13
1036,3
1423
1036,23
1037,4
1039,17
1040,5
1389
1040,2
1041,6
1042,7
1043,4
1044,6
1234
1044,4
1045,5
1046,14
1047,18
1048,18
1049,15
1050
1051,11
1052,2
1053,14
1054,11
1055,6
1056,4
1057,19
1058,6
1059,5
1060,14
1061
1062
1063
1064,17
889
1064
1065,2
1066,21
1067
1068,17
1069,3
1464
1069
1070,12
1071,11
1032
1072,12
1073,10
1074,3
1075,5
1076,5
1165
1076,27
1077,3
1078,7
1079,10
1080,8
1081,10
1082,34
1083,8
1084
1085,22
1086,15
1087,5
782
1087,3
1088,7
1089,2
1090,21
1091,12
1092,12
1093,7
1094,2
1095,13
1096,6
1097,10
1098,8
1099,7
1100,13
1101,15
1102,11
1103,15
1104
1105,6
1106,24
1107,8
1108,7
1109,11
1110,6
1111,16
1112,4
1504
1112,5
1113,17
1114,13
1115,9
1116,15
923
1116,3
1117,7
1118,26
1119,15
1120,8
1121,21
1122,5
1123,19
1124,5
1125,4
1126,3
1127,7
1243
1127,19
1128,34
1129,20
1130,22
1131,3
1132,7
1133,2
1134,18
1443
1134
1135,7
1136,15
1137,8
1138,7
1139,4
1140,8
1141,13
1142,10
1143,6
1144
1127
1144,6
1145
1146
1147,6
1148,17
1149,6
1150,11
1151,4
1152,2
1153,4
1154,7
1155,7
1156,21
1157,17
1158
1159,10
1160,12
1161
1162,19
1163,12
1164,4
1446
1164,17
1165,7
1286
1165,8
1166,13
1167,12
1168
1169,20
1170,6
921
1170,2
1171,19
1172
1173,13
1174,3
1175,3
1176,25
1219
1177
1178,10
1179,4
1180
1181,13
1182,24
1183,8
1184,11
1185,10
1186,9
1187,28
1188,14
1189,6
1190,3
1191,7
1192,4
1193,29
1194,5
1195,19
1196,9
1197
1198,12
1199,19
1200,13
1201,10
1202,9
1203,7
1204,11
1205
1206,4
1207,26
1208,11
1209,5
1210,6
1211,10
1212,6
1213,10
1214,20
1215,9
1216,4
1463
1216,10
1217,9
1218,9
1219,5
1220,11
1221,6
1222
1223,6
1224,16
1225,12
1226,2
1227,2
1228
1229,17
1230,4
1231,6
1232
1233
1234,12
1235,14
1236,23
1237,9
1238,14
1239,5
1240,18
1311
1240,9
1241,17
1242,5
1243,30
1244,3
1245
1246,35
1247,4
1248,8
1249,5
1250,9
1251,24
1252,20
1253,13
1254,9
1255,5
1256,7
1257,16
1258
1259,4
1260
1261,8
1262,10
1263,4
1143
1263,19
1264,6
1265
1266
1267,12
954
1267,7
1268,15
1269,8
1270
1271,3
1235
1271,8
1272,4
1273,4
1274
1275,7
1276,11
1277,10
1278,8
1279,11
1280,6
1296
1281
1370
1281,7
1282,12
1283,7
1284,3
1380
1284,7
1285,2
1286,16
1287,14
1288,5
1289,10
1290,4
934
1290,8
1291,12
1292,19
1293,17
1294
1295
1296,15
1297,6
1298,8
1299
1300,2
1301
1302,17
1303,13
1243
1303,4
1304,14
1305,7
1306,2
1307
1308,10
991
1308,3
1309,11
1310
1311,13
1312,4
1313
1314,3
1315,8
1316,19
1377
1316,2
1317,8
1318
1319,17
1320,8
1321,24
1322,6
1278
1322,9
1323,9
1324,6
1325,23
1326,10
1327,22
1328,27
1329,7
1330,5
1331,8
1332,23
1333,2
1334,7
1335,12
1336,5
1337,10
1338,7
1339,26
1340,9
1341,14
1342,19
1343,17
1344,19
1345,7
1346,6
1347,3
1348,15
1349,15
1350,12
1351,16
1352,10
1353,6
1354,8
1355,10
1356,10
1357
1358,15
1359,12
1360
1361,9
1362,14
1363,10
1364,9
1587
1364,5
1365,3
1632
1365,12
1366,7
1367,8
1368,10
1369,4
1370,10
1371,5
1372,9
1373,21
1374,7
1375,13
1376,10
1377,4
1378,11
1379,7
1380,12
1381,4
1382,10
1383,6
1384,10
1385,11
1386,8
1387,12
1388
1390,7
1391,3
1392,11
1393,5
1394,6
1395,5
1706
1395,3
1396,5
1397,8
1038
1397,10
1398,5
1399,10
1400,5
1401,12
1604
1401,14
1402,16
1403,8
1404,15
1405,10
1406,8
1407,9
1408
1409,9
1410,5
1411,8
1412,15
1413
1414,2
1415,11
1416,5
1417,17
1418
1419,9
1420,9
1421,15
1422,10
1424,10
1425,3
1757
1425,2
1426,7
1427,22
1428
1429,11
1430
1431,20
1432,18
1433,30
1434,13
1435
1436,20
1437,15
1438,4
1439,2
1327
1439,12
1440,3
1441,17
1442,16
1443,25
1444,3
1445,21
1795
1445,5
1446,5
1777
1446,8
1447,6
1448,13
1449,11
1450,22
1451,12
1452,6
1453,15
1454,14
1455,16
1456,9
1457,18
1458
1459,5
1460,4
1793
1460,8
1461,4
1462,10
1463
1290
1463,20
1464,4
1465,18
1466,2
1467,17
1468,17
1469,8
1470,23
1471,5
1472,11
1473,8
1474,17
1475,13
1476,5
1477
1417
1477,4
1417
1477
1478,6
1479,17
1480
1481,7
1482,4
1483,14
1484,15
1256
1484,2
1485,9
1486,6
1487,16
1488,2
1489,3
1490,14
1491,7
1492
1493,5
1494,4
1495,11
1496
1497
1498,13
1499,15
1500,14
1501,22
1502
1503,9
1504,23
1505,6
1506,17
1507
1508,12
1509,13
1510,2
1511
1512,13
1513,5
1460
1513,7
1514,17
1515,6
1321
1515,13
1516,8
1517,11
1518,16
1519,15
1520,3
1521,15
1522,3
1523,5
1524
1525,15
1813
1525,3
1526,15
1527,3
1528,7
1529,7
1530,11
1531,3
1532,3
1533
1534,8
1535,5
1536,9
1537,10
1538,13
1539
1540,3
1541,14
1542,17
1543,16
1544,9
1545,10
1546,7
1547,18
1548,4
1549,9
1550
1551
1552,3
1553
1554,5
1555
1556,3
1557,11
1828
1557,6
1558,28
1559,14
1560,19
1586
1560,3
1561,15
1562,10
1563,16
1564,7
1929
1564,4
1565,24
1566,8
1567,17
1568,10
1569,11
1570
1571,5
1572,7
1573,3
1574,28
1575,7
1576
1577,8
1578,12
1579,7
1580
1581,13
1582,18
1805
1582,6
1583
1584
1585,9
1587,7
1588,11
1589,12
1590,9
1591
1592,8
1593
1594,19
1595,8
1596,11
1597,15
1598,2
1234
1598,2
1599,10
1600
1601,7
1602,15
1603,14
1604,5
1605,26
1606,2
1607,14
1608,3
1609
1610,10
1611,12
1612,15
1613,9
1614,8
1615,10
1616,16
1617,7
1618,6
1619,5
1620,3
1651
1620,2
1621
1622,12
1623,7
1624,16
1625,14
1626,8
1627,24
1628,9
1629,24
1630,6
1631,4
1632,23
1633,11
1634,3
1710
1634,16
1635,6
1636,20
1637,2
1755
1638
1639,10
1640,7
1711
1640,20
1641,8
1642,14
1643,17
1644,17
1645,23
1646,3
1647,2
1648,14
1649
1650,4
1632
1650,15
1762
1650,6
1651,16
1652
1653,10
1654,30
1655,6
1656
1657
1658,2
1659,28
1660,11
1661
1662,12
1663,13
1993
1663
1664,2
1665,10
1666,8
1667
1668,9
1669,13
1670,13
1671,7
1867
1671,6
1672
1673,14
1674,9
1675,10
1676,7
1677,19
1650
1677,9
1678,6
1679,12
1680,8
1681,4
1682,13
1683,21
1684,9
1685,13
1686,9
1687,8
1714
1689,25
1690,9
1691,4
1692,8
1629
1692,16
1693,3
1694,9
1695,4
1696,7
1697,2
1698
1699,11
1700,7
1701,11
1702,5
1431
1702,5
1703,8
1704,10
1982
1704,10
1705,7
1706
1707,11
1688
1708,12
1709,30
1710,20
1711,16
1712,17
1713,8
1714,6
1715
1716,7
1717,8
1718,14
1719,22
1720,11
1721,19
1722,16
1723,3
1637
1723,19
1724,20
1725,16
1726,16
1727,15
1728,3
1729,19
1730
1731,5
1732
1733,11
1734,11
1735,30
1736,4
1737
1738,9
1739,6
1740,15
1741,4
1742,19
1743,22
1744,12
1745,9
1746
1747,12
1748,17
1749,9
1650
1749,22
1750,11
1751,5
2075
1751,2
1752,12
1753
1754,13
1755,11
1756,39
1757,17
1945
1757,2
1758
1759,3
1760
1761
1762,11
1763
1764,12
1765,13
1766,5
1767,11
1768,8
1685
1768,2
1769,2
1770,5
1771,24
1772,20
1773,18
1774,7
1775,8
1776,12
1777,7
1778,10
1779,8
1780,9
1781,8
1782,7
1783,3
1784,7
1895
1784,12
1785,14
1786,24
1787,9
1788
1789,19
1790,9
1791,14
1792,8
1793,17
1794,5
1795,4
1796,16
1797,11
1798,12
1799,7
1800,12
1801
1802,9
1803,18
1804,23
1805,8
1489
1805,9
1806,18
1807,6
1808,11
1809,4
1810,9
1811,9
1812,6
1813,20
1814,7
1815
1816,17
1817,8
1818,16
1819,5
1820,4
1821,8
1822,11
1823
1824,4
1825,2
1826,9
1475
1826,3
1827,16
1828,6
1829,8
1708
1829,7
1830,2
1831,11
1832,11
1833,15
1834
1835,14
1836,6
1837,5
1838,30
1839
2161
1840,23
1841,7
1842,18
1843
1844,4
2072
1844,4
1919
1844,2
1845,8
1846,14
1847
1848,3
1849,11
1850,22
1851,5
2184
1851,4
1852,20
1853,16
1854,13
1855,2
1856,2
1857,28
1858,19
1859,7
2110
1859
1860,6
1861,16
1862,14
1863,2
1864,8
1865,15
1866,2
1867,11
1868,3
1869
2086
1870,4
1850
1870
1711
1870
1871,7
1872,5
1873,10
1874,10
1875,9
1876,5
1877,13
1878
1879,4
1765
1879,7
1665
1879,3
1880,22
1881
1882,19
1846
1882,7
1883,10
1884
1885
1886,8
1887,6
1888,11
1889,10
1890,5
1891,7
1892,6
1958
1892,9
1893,17
1894,17
1895,4
1896,16
1897,9
1898,15
1899,7
1900,20
1901
1902,14
1903,10
1904,33
1905,4
1906,2
1907,12
1908,15
1909,10
1910
1911,4
1912
1913,7
1914,13
1915,8
1916,2
1917
1918
1919,4
1920,10
1921,6
1922,15
1923,4
1924,3
1925,7
1926
1927,14
1928,8
1929,16
1930,12
1931,10
1932,24
1933,13
1934,12
1935,7
1936,4
1937,15
1938
1939,25
1940,16
1941
1942,18
1943,10
1944,18
1945
1845
1945,15
1946,9
1947,28
1948,11
1949,2
1950,12
1802
1950
1951,18
1985
1952
1953,6
1954,17
2256
1954,2
1582
1954,6
1955
1956
1957,7
1958,7
1959,27
1960,15
1961,39
1962,3
1921
1962
1963,3
1964,31
1965
1966
1967,6
1968,16
1969,8
1970,9
1971,3
1972,7
1973,14
1974,12
1975,10
1976,14
1977,4
1978,10
1979,15
1980,2
1981,20
1982,9
2063
1982,24
1983,8
1984,2
1985,9
1986
1987,13
2316
1987,10
1988,12
1989,2
1840
1989,5
1990,9
1991,13
1992
1993,34
1994,8
1995,17
1996,9
1997
1998,9
2224
1998,9
1999,8
2000
2001,34
2002,18
2003,10
2004,11
2005,3
2006,11
2007,6
2008,13
2009,12
2010
2011,10
2012,8
2013,6
2014,3
2015,18
2016,8
2017,19
2018,17
2019,11
2020,28
2021,13
2022
2023,11
2024,3
2025,11
2026,16
2027,4
2028,8
2029,26
2030,8
2031,20
2032
2033,5
2034,7
1948
2034,11
2035
2036,13
2037,4
1820
2037,10
2038,10
2039
2040,2
2041,4
2042,10
1719
2042,7
2043,8
2044,9
2045,3
2046,8
2047,16
2048,3
2049,15
2050,13
2051
2052,12
2053,2
2038
2053,6
2054,17
2055,13
2056,6
2057,14
2058,20
2059
2060,6
2061,14
2062,5
2063,16
2064,3
2065,7
2066,5
2067,7
2347
2068,4
2069,15
2070,8
2071,28
1714
2071,4
2072,5
1882
2072,16
2073,13
2285
2073,3
2074,8
2075,12
1803
2075,12
2076,7
2077,10
2078,17
2079,10
2080,9
2081,24
2082,7
2083,12
2084
2085
2086,19
2087,4
2088,9
2089
2090,11
2091
2092,4
2093
2094,11
2128
2094
2095,12
2096,10
2097,11
1905
2097,5
2098,5
2099,7
2100,21
2101,12
2102,29
2103,9
2104,4
2105,3
2106,9
2107,11
2108,6
2109,10
2110,12
2111,6
2112,15
2113,15
2114,18
2115,7
2452
2116
2117,16
2118,9
2119,11
2120
2121,7
2122,16
2124,5
2125,8
2126,16
2127,13
2128,37
2129,8
2130,14
2131,4
2132
2133,7
2134,9
2135,20
2136,22
2137
2138,6
2139,5
2140,14
2141,7
2142,3
2505
2142
2143,10
2144
2145,30
2146,7
2421
2146,3
2444
2146
2147,11
2148
2149,19
2150,15
2151,9
2152,28
2153,12
2154,6
2155,14
2156,8
2157
2158,3
2159,13
2160,15
2161,5
2162
2163,14
2164
2165,17
2166
2167,2
2168
2169,9
2170,7
2171,13
2172,30
2173,6
2174
2175
2176,11
2177,14
2178,13
2179,16
2180,12
2181,19
2182,8
2183,18
2184,10
2185
2186,8
2187,5
2188,15
2189,4
2190,14
2191,8
2192,12
2193,14
2194,8
2195,12
2196,12
2197,15
2198
2199,10
2200
2201,8
2202,13
2203,2
2204
2205,3
2123
2205,10
2206,15
2207,19
2208,3
2209,8
2210,17
2211,19
2212,10
2213,20
2214,3
2215,3
2216,4
2217,14
2218
2219,8
2220,8
2221,9
2222,10
2223,6
2224,12
2225,2
2226,8
2227,15
2228,10
2229,21
2230,9
2231,8
2596
2231,7
2232,8
2233,4
1937
2233,2
2234,8
2235,6
2236,14
2237,6
2238,5
2047
2238,10
2239,8
2240,12
2119
2240,4
2241,6
2242,10
2243,9
2244,16
2245,17
2246,26
2247,6
2248,13
2249,11
2250,12
2251,8
2252,7
2253,17
2014
2253,8
2254
2255,12
2256,3
2257,14
2258,3
2259
2260,5
2353
2260,4
2261,29
2262,8
2263,11
2264,5
2265,9
2266,8
2267,3
2268,14
2269,8
2270
2271,8
2272,5
2273,4
1887
2273,5
2274,8
2275,3
2276,2
2277,6
2278,7
2279,7
2280,30
2281,7
2282,4
2283,5
2284,4
2285,2
2095
2285,15
2286,6
2287,14
2288,15
2289
2290,6
2291,9
2292,11
2293,9
2294,9
2295,7
2296,21
2297,14
2298,28
2299
2300,14
2301,12
2302,8
2303,3
2304,6
2305,22
2306,6
2307,3
2308,15
2309,4
2310
2311,14
2312,13
2313,4
2314,10
2315,6
2316,20
2317
2427
2317,9
2050
2317,6
2318,6
2319,13
2320,4
2321,3
2238
2321,7
2322
2323,2
2236
2323,2
2324,8
2325,17
2326,7
2327,11
1951
2327,8
2328,8
2329,10
2330,13
2331,5
2332,12
2333
2334,5
2335,9
2336,11
2337,17
2338,3
2339
2340,18
2341,11
2342
2343,4
2402
2343,21
2344,9
2345,6
2346
2347,16
2348,3
2349,17
2350
2351,14
2352,11
2353,4
2354,2
2355,2
2356,13
2357,19
2358,9
2359,6
2360,12
2361,20
2362,12
2363,21
2364,3
2365,39
2366,4
2367
2368,5
2369,40
2370,2
2372,9
2373,17
2374,6
2375,18
2376,8
2377,14
2378,7
2379,10
2380,6
2381
2382
2383
2384,12
2385
2386,5
2387,4
2388
2389,27
2390,5
2391,13
2392
2056
2392,23
2393
2394,20
2395
2396,3
2655
2396,3
2397,17
2398
2399,9
2400,14
2401,27
2402,5
2403,14
2404,17
2405,6
2406
2407,4
2408
2409,17
2410,7
2374
2410,3
2411,10
2412,2
2413
2414,5
2415,8
2416,17
2417,11
2738
2417
2418,2
2419,14
2420
2421,21
2422
2423,6
2646
2423,10
2424,8
2425,17
2426,18
2427,6
2428,8
2429,9
2430,4
2431,4
2432
2433,4
2434,4
2435,6
2436,3
2437
2438,9
2439,5
2440,12
2441
2442
2443,14
2515
2443,15
2444,7
2445,8
2446,2
2835
2446,9
2447,10
2448,4
2421
2448,14
2449,8
2086
2449,6
2371
2449,11
2450,8
2451,12
2452,2
2453,20
2454,14
2455,7
2456,4
2457,3
2458
2459,14
2460,4
2461,20
2462,8
2463
2464
2537
2464,22
2465
2466,24
2467,21
2468,14
2469,8
2470,12
2240
2470,18
2471,15
2293
2471,4
2472,25
2473
2474,7
2475,15
2476,7
2477,13
2478,2
2479
2480
2481,18
2482,4
2343
2482,5
2483,8
2484,14
2485,2
2486,8
2487,28
2488,11
2489,10
2490
2491,9
2492
2493,12
2494,4
2625
2494,16
2495,2
2496
2497
2498,3
2904
2498,2
2499,8
2912
2500,2
2501,9
2502,3
2400
2502,2
2503
2504,3
2505,13
2779
2505,12
2724
2505
2506,9
2507,8
2508,6
2509,16
2365
2509,4
2510
2511,5
2512,9
2513,12
2514
2515,10
2516,11
2517,14
2518,25
2519,12
2520,6
2521,21
2522,6
2523,6
2524,37
2525,3
2526,10
2527
2528,10
2529,13
2530
2531,12
2532
2533,28
2534,14
2535,2
2536,29
2537,23
2538,7
2539,3
2519
2539,5
2540,12
2541,9
2542
2543,9
2544,15
2545
2546,13
2547,7
2548,6
2868
2548
2549
2550,6
2551,2
2734
2551,5
2552,8
2553
2554,8
2555,7
2556,18
2557,7
2558,14
2559,19
2560,12
2561,28
2562
2563,6
2564,5
2565,20
2566,24
2567,11
2568,7
2569,11
2570
2571,21
2572,9
2573,7
2574,23
2575,19
2556
2575,3
2576,5
2591
2576,17
2577,13
2578,9
2579,15
2580,8
2581
2582
2583,13
2584,2
2585,3
2586,14
2587,14
2588,2
2589,3
2576
2589,2
2590,3
2591,11
2592,5
2696
2592,2
2593
2594,3
2595,17
2596,6
2597
2598,4
2599,5
2600,4
2601,15
2602
2603
2604,12
2605,16
2606,5
2607
2608,8
2609
2610
2188
2610,7
2611,9
2612
2613,4
2614,10
2615,6
2616,7
2617,12
2618
2619,5
2620,2
2621,9
2622,6
2623
2624,7
2625,13
2626,4
2627,7
2628
2629
2630,21
2631,12
2632
2633,11
2351
2633,13
2634,15
2635
2636
2637,4
2638,8
2639,21
2640,11
2641
2642,9
2643,6
2644,22
2645,9
2392
2646,16
2647,5
2648,8
2649,9
2650,12
2651,9
2652,6
2653,11
2654,8
2655
3018
2655,20
2656,9
2657,9
2658,7
2659,3
3077
2659,6
2660
2661,4
2662,2
2663,14
2664,18
2665,2
2666,17
2667,20
2668,10
2669,18
2670,11
2671,25
2672
2673,15
2674,8
2675,8
2676
2677
2678,12
2679,17
2680,15
2681,3
2682,9
2683,8
2684,10
2685
2481
2685,12
2686
2687,3
2688,6
2689,5
2690
2691,16
2692,8
2693,5
2694,9
2695,13
2696,11
2697,25
2571
2697
2698,21
2699,7
2700,22
2701,11
2702,11
2703,17
2704
2705,5
2706
2707,4
2377
2707,6
2708,19
2697
2708
2709,15
2710,5
2669
2710,5
2711
2712,7
2713,19
2714,7
2715,21
2716,11
2717,10
2718
2719,12
3005
2719
2720,13
2483
2720,6
2721,3
2722
2723,16
2724,5
2725,6
2726
2727
2728,13
2729,5
2730,7
2731,6
2750
2731,13
2732,4
2733,4
2734,4
2595
2734,24
2735
2736,12
2737,9
2738,16
2739,14
2740
2741,10
2742
2743,14
2744,22
2745,9
2746,6
2747
2748,24
2749,5
2719
2749
2750,16
2751
2752,3
2753,9
2754,3
2755
2756,9
2757,6
2758,6
2759
2760,21
2761,20
2762,5
2763,4
2764,10
2765,9
2766,11
2494
2766,9
2767,14
2768,12
2769,12
2770,9
2771,8
2772,4
2773,26
2774,6
2775,14
2776,7
2777
2778,12
2779,2
2780,8
2781
2782,14
2783,16
2784,9
2785,5
2786,5
2787,5
2788,8
2789,6
2790,7
2791,8
2792
2613
2792,13
2793,7
2794,19
2795,16
2796,13
2797,6
2798,3
2799,2
2816
2799,12
2800,6
2801,16
2802,4
2803,5
2804,2
2805,17
2806,6
2807,11
2808,7
2809,16
2810,7
2811,5
2812,18
2813,10
2814,16
2815,3
2816,17
2817,40
2818,12
2906
2818,9
2819,6
2820,7
2821,10
2822,3
2823,11
2824,12
2825,11
2826,6
2827,22
2828
2829
2830,10
2831,5
2832,16
2833,3
2834,12
2835,10
2836,9
2837,6
2838,6
2839
2840,3
2841,7
2842,6
2843,14
2844,11
2821
2844,5
2845,37
2846,6
2720
2846,19
2847,13
2848,17
2849
2850,9
2851,17
2852,3
2853
2854,17
2855
2856,11
2857,10
2858
2859
2860,5
2861
2862,7
2863,5
2864,11
2865
2866,22
2867,5
2868,10
2869,17
2870
2871,13
2872,7
3119
2872,3
2873,13
2874,7
2875,17
2702
2875,9
2876
2877,14
2878
3204
2878,22
2879,4
2880,6
2881
2481
2881,26
2882,10
2883,2
2884,20
2885,14
2886,3
2887,4
2888,7
2889,9
2890,12
2634
2890,5
2891
2892,8
3313
2892,2
2893,19
2894,7
2895,4
2896,10
2897,2
2809
2897,4
2898,5
2899,21
2900,10
2901
2902
2903,8
2904,10
2905,3
2906,5
2794
2906,11
2907,16
2908,12
2909,20
2910,2
2911,6
2913,5
2914
2915,4
3250
2915,7
2916
2917,12
2918,10
2919,27
2920,11
2921,6
2922,24
2923
2924,11
2925,9
2926,15
2927,15
2928,12
2929,10
2930,8
2931,6
2932,4
2946
2932,12
2933,7
2934,18
2935
2936,8
2937,5
2938,6
2939,8
2940,16
2941,23
2942,3
2943,5
2944,9
2945,4
2946,9
2947
2948,7
3005
2948,2
2949,4
2950,12
2951,9
2952
2953
2954,17
2955,12
2956,15
2957,2
2958,8
2959
2960,2
2961
2962
2963,6
2964,3
2741
2964,7
2965,6
2966,22
2967
2968,15
2969,15
2970,4
2971,7
2872
2971,8
2972,5
2973,16
2974,12
2975,15
2976,15
2977,15
2978,25
2979,8
2980,3
2705
2980,4
2981,8
2982,7
2983,13
2984
2985,12
2986,11
2766
2987,17
2988,9
2989,10
2990,3
2991,7
2992,5
2993,37
2994
2995,12
2996,2
2997,8
2998
2999,13
3000
3001,15
3002,25
3003,11
3004,6
3005,12
3006,8
3007,15
3008,3
3009,13
3010,4
3011,9
3012,16
3013
3014,2
3015,20
3016
3017
3018,19
2760
3018,3
3019,8
3020
3021,12
3022,8
3023,8
3024,10
3025,9
3026
3027
3028
3029,3
3030,7
3031,5
3032,7
3033,5
3034,15
3035,9
3036,4
3037,7
3038,7
3039
3040,16
3041,6
3042,31
3043,7
3044
3045,13
3046
3047,14
3048,6
3049
3050,28
3051,9
2767
3051,6
3052
3053,22
3054,4
3055,18
3402
3056
3057
3058
3059,5
3060,7
3061,14
3062,13
3063,16
3064,3
3065,4
3139
3065,14
3066,9
3067,9
3109
3067,2
3068,25
3069
3070,12
3071,3
3072,7
3073,4
3146
3073,2
3074
2979
3074,15
3075,2
3076
3077,8
3078,24
3079,8
3080,14
3081,14
3082,3
3078
3082,3
3182
3082,3
3083,13
2663
3083,6
3084,4
3085,6
3086,7
3087,7
3088
3089,6
3090,12
3091,6
3092,6
3093,4
3094,13
3095,5
3096,7
3097,4
3098,8
3099,19
3100,15
3101,3
3102,8
3103,12
3104,21
3105
3106,17
3107,11
3108,8
3109,8
3110,3
3111,10
3112,7
3113,12
3114,6
2817
3114,13
3115,7
3116,5
3117,10
3118,9
3119,10
3120,15
3121,11
3122,5
3123,12
3124
3125,3
3126,17
3127
3128,7
3129,8
3130
3131,10
3132,25
3133,16
3134,7
3135,9
3136,8
3137,10
3138,4
3139,15
3140,6
3141,2
3142,4
3143,3
3144
3145,14
3146,10
3147,13
3148,16
3149,4
3150,7
3151,18
3152,15
2830
3152,11
3153
3154,7
2797
3154,15
3155,4
3156,3
3157,8
3439
3157,4
3158,9
3159,12
3160,9
3161
3162,4
2879
3162,5
3163,15
3164,2
3047
3164,14
2739
3164,8
3165,21
3166,12
3167,26
3168,6
3169,12
3170,18
3171,4
3172
3173,10
3174
3175,4
3176
3177,18
3178
2802
3178,8
3179,11
3180,15
3181,10
3182,14
3183,6
3184,9
3185,9
3186,17
3187,21
3188,21
3189,11
3190
2899
3190,12
3191,7
3192,7
3193
3194,4
3195,9
3196,19
3197,5
3198,11
3199,4
3200,4
3201
3202
3203,21
3204,15
3205
3268
3205,16
3206,9
3009
3206
3207,10
3208
3209
3210,10
3211,14
3212,16
3213,9
3214,6
3215,20
3317
3216,15
3217,17
3218,16
3219,2
3220,8
3221,18
3222,8
3223,6
3224,3
3259
3225,5
2835
3225,3
2917
3225,6
3226,20
3227,3
3228,3
3229,6
3373
3229,6
3230,6
3231,8
3232,9
3233
3234,16
3235,20
3236
3237,4
3238
3239,16
3240,10
3241,14
3242,3
3243,7
3244,17
3245,3
3246,22
3247
3248,7
3249,7
3250,10
3251,5
3252,13
3253,24
3254,4
3255,5
3256,12
3257,11
3258,12
3259,14
3260,5
3261,7
3262,6
3263,7
3466
3263,6
3264,9
3265,17
3266,20
3267,16
3268,23
3269,3
3270
3271,10
3272,23
3273
3274
3275
3276,5
3277,14
3278,11
3544
3278
3279,10
3280,8
3281,4
3282,13
3283,7
3284,8
3285,5
3286
3287,16
3288,9
3289,9
3290,21
3291,26
3292,14
3293,6
3294,5
3295,7
3296,6
3297,20
3298,7
3299,2
3300,15
3301,10
3302,6
3303,11
3304,20
3305,18
3306,7
3307,20
3308
3561
3308,16
3309
3310,10
3515
3311,4
3312,13
3313,19
3314
3315
3316,5
2928
3316,4
3317,10
3216
3317,5
3507
3317,2
3318,9
3319,16
3320,12
3321,6
3322,22
3323,18
3324,5
3325
3603
3325,17
3326,8
3327,9
3328
3329
3330,9
3331,10
3332,3
3333,16
3334,14
3335,8
3336
3337,3
3338,11
3339,7
3340,2
3341,12
3342,17
3343,12
3344,8
3295
3344,3
3345,15
3346,16
3244
3346,2
3347,16
3348,2
3735
3348,23
3349,2
3350,5
3351
3352,6
3353
3354
3355,19
3356,11
3357,7
3358,25
3359,3
3360,5
3361
3362,31
3363,3
3364
3365
3283
3365,13
3366,15
3367,26
3368,2
3369,6
3370,12
3371
3372,15
3373,12
3374,20
3375,20
3376,13
3377,9
3378,8
3379,7
3380,8
3460
3380,4
3381,5
3413
3381,5
3382,11
3383,8
3384,6
3385
3386,6
3387,2
3388,5
3389,9
3390,5
3391,8
3392,19
3393,11
3394,6
3395,12
3396,11
3397,9
3398,8
3399,6
3400,9
3401,2
3402,11
3403,9
3404,23
3405,3
3406,11
3407,7
3408,8
3487
3408,10
3409,15
3410,25
3411,5
3285
3411
3235
3411,4
3101
3411,7
3412,5
3413,11
3414
3415,7
3416
3417,22
3418,18
3419,10
3420,9
3421,15
3422
3423,10
3424,23
3425,25
3426,16
3427,3
3428,17
3429,9
3430,10
3431,12
3432,20
3433
3434,11
3126
3434,6
3435
3415
3435
3436,7
3437,14
3438,3
3439,6
3440,10
3441,13
3442,3
3443,9
3444,8
3445,5
3446,4
3447,21
3448,12
3449,10
3450,5
3451,4
3746
3451,7
3452
3453,8
3454,18
3455,13
3456,4
3457,5
3154
3457,10
3458,4
3459,21
3460,5
3461,9
3462,18
3463,12
3464,4
3465,18
3466,8
3467,12
3468,16
3469,8
3470,13
3471,14
3472,11
3473,13
3474,5
3475,11
3476
3331
3476,13
3477
3478,3
3479,14
3480,14
3322
3480,3
3481,2
3482,9
3483,7
3484,6
3485,10
3486,13
3487,5
3488,9
3489,15
3490,11
3491,6
3492,6
3493,6
3494,7
3495,19
3496,17
3497,4
3417
3497,5
3498,17
3499,4
3500
3501,12
3388
3502,5
3503,2
3504,23
3505
3506,17
3507,21
3508,4
3509,21
3510,8
3511,19
3512,10
3606
3512,7
3113
3512,2
3513,20
3514
3515,24
3516,3
3517,2
3381
3517,5
3518,13
3519,13
3520,9
3521
3522,15
3523
3524,30
3525,16
3526,8
3527,6
3528
3529,13
3530,5
3620
3531,9
3532,3
3533
3534,19
3535,32
3536
3537,11
3538,13
3539,14
3540,5
3541,11
3542
3543,16
3544
3545,12
3546,9
3547,17
3548
3549,10
3550,5
3551,10
3552,8
3728
3552,11
3227
3552,11
3553,8
3554
3555,14
3556,5
3557
3558
3559,9
3560
3561,18
3562
3563
3564,15
3565,17
3566,4
3567,6
3568,16
3569,5
3570,12
3571,19
3572,20
3573
3574,13
3239
3575,7
3576,11
3577,10
3578,9
3579
3580,32
3581
3582,18
3583,10
3584
3585,3
3586,19
3587,4
3588,8
3589,23
3590,15
3545
3590,7
3591
3592,9
3850
3592
3593,10
3594,11
3595,4
3596,2
3597,4
3598,14
3599,12
3600,5
3538
3600,4
3601,16
3602,2
3603,7
3604,12
3605
3606,17
3607,21
3608,7
3609,11
3610
3611,10
3612,9
3613,18
3614,7
3615,17
3616,7
3617,8
3618
3496
3618,5
3619,11
3620,20
3621,11
3622,17
3623,15
3624,8
3625
3626,24
3627,5
3628
3629,7
3630,21
3631,2
3632,23
3633,7
3634,16
3635,2
3636
3637,6
3638,9
3639,17
3640
3641,6
3805
3641,7
3642
3643,19
3644,22
3645,9
3646,9
3647,5
3648,8
3649,2
3331
3649
3650,16
3651,5
3652,28
3653,6
3654,10
3655,12
3656,19
3657,7
3658,11
3659,5
3660,15
3661,13
3662
3663,13
4047
3663,3
3625
3663,2
3664,9
3665,9
3666,15
3667
3668,6
3669,24
3670,10
3671,6
3672,18
3673
3674,12
3675,17
3676,11
3677,4
3678,7
3679,6
3680,2
3681,2
3682
3683,2
3684
3685,9
3686,19
3687,2
3688
3689,4
3690,7
3691,15
3692,8
3693,6
3929
3693,2
3694,7
3695,29
3696,10
3697,8
3698,6
3699,5
3700,11
3701,12
3702,20
3703,10
4058
3703,2
3704,9
3705
3476
3705,4
3404
3705,15
3706,12
3707,16
3708,2
3709,12
3710,7
3711,22
3712,8
3713,4
3318
3713,4
3714,9
3715,11
3716,13
3717,8
3718,11
3719,7
3720,5
3721
3722,16
3987
3722,3
3723,11
3887
3723
3724,28
3725,2
3726,5
3727
3728,10
3729,33
3730,3
3731,24
3771
3731,2
3732,7
4162
3732,3
3733,12
3734,13
3735,7
3736,3
4043
3736,20
3737
3738,7
3739,9
3740,4
3741,2
3742,10
3743
3744,7
3745,27
3746,5
4172
3746,7
3747,2
3723
3747,24
3748,6
3749,10
3750
3751,10
3752,2
4068
3752,6
3753,2
3754,6
3755
3756,11
3757
3758,2
3759
3760
3761,15
3762,9
3763,14
3764,2
3765,7
3766,10
3767
3768,6
3769
3770,9
3771,12
3772,24
3773,2
3774
3775,8
3776,18
3777,2
3778,3
3779,15
3780,8
3781,8
3782,5
3783
3886
3784
3785
3786,16
3787,20
3788,8
3789,6
3790,11
3791,6
3792
3793,10
3794,9
3795,3
3796,13
3797,7
3798,3
3799,14
3800,7
3801,8
3802,9
3803,10
3804,2
3805,16
3806,13
3807,8
3808,13
3809,8
3810,17
3811
3812,2
3813,9
3814,5
3815,14
3816,8
3817
3818,19
3819,5
3820,10
3821
3822,15
3823,9
3824,18
3825,26
3826,3
3827,13
3828,8
3447
3828
3829,17
3830,10
3831,13
3832,6
3833,11
3834,4
3835,13
3836,9
3837,5
3838,7
3839,5
3840,24
3841
3842,9
3843,3
3844,13
3845,12
3846,8
3847,7
3848,3
3849,14
3634
3849,3
3850,9
3851
3852,7
3853,2
3854,2
3989
3854,7
3855,4
3856,3
3857,5
3858,12
3859,27
3860,5
3861,13
3862,18
3863,8
3864,16
3865
3866,8
3867,15
3868,11
3869,12
3870,8
3871,7
3872,9
3873,12
3874,21
3875,3
3479
3875,7
3820
3875,3
3876,2
3877,5
3878,18
3879,7
3880,8
3881
3882,23
3883
3884,21
3885,11
3886,4
3887,9
3888
3889,8
3890,18
3891,15
3892,21
3893,9
3894,6
3895,15
3896,14
3897,2
4187
3897,3
3898,9
3899,6
3900,7
3901,14
3902,10
3903,21
3904,13
3905,13
3906,8
3907,15
3908
3909,5
3910,17
3911,5
3912,9
3913,11
4066
3914,9
3915,3
3916,8
3917,9
3918,22
3666
3918
3919
3920,4
3921,13
3922
3867
3922,15
3923
3924,5
3925
3926
3927,10
3928
3929,21
3930,13
3931
3932,2
4143
3932,6
3933,13
3934,2
3935,5
3936,16
3937
3938,10
3939
3940,8
3941,10
3942,6
3943
3944
3945,9
3946,4
3947,5
3948,10
3949,20
3950,3
3951,9
3952,11
3953,12
3954,7
3955,11
3956,12
3957
3958,6
3959,9
3960,24
3961,9
3962
3963,6
4146
3963,12
3964
4114
3964,5
3965,13
3966,15
3967,13
3968
3969
4370
3969,5
3970,27
3971,12
3972
3973,7
3974
3975,12
3976
3977,9
3978,5
3979
3980
3981,5
3982,4
3983
3984,7
4365
3985,8
3986,16
3987,3
4205
3987,12
3988,10
3989,20
3990
3991,9
3992,9
3993,4
3994,11
3995,15
3996,4
3997,9
3998,10
4302
3998,5
3999,4
4000,11
4001
4002,19
4216
4002,5
4003,8
4004,21
4005
4006
4007,6
4008,12
4009,9
4010,18
4011,24
4012,9
4251
4012
4013,40
4014,14
4015,9
4016,10
4017
4018,8
4019,8
4020
4021,4
4035
4021,13
4022,7
4023,8
4024,13
4025,4
4026,10
4027
4028,5
4029,12
4030,4
4031,39
4032,11
4033,9
4034,4
4287
4034,4
4035,12
4036,5
4037,8
4038,6
4039,15
4040,5
4041,14
4125
4041,6
4042,18
4043,12
4044
4045,15
3835
4045,4
4046,6
3876
4046,5
4047,2
4048,11
4049
4050
4051,15
4052,2
4287
4052,6
4053,5
4054,6
4055,4
4056
4057,12
4058,7
4059,19
4060,8
4061,15
4062,12
4063,9
4064,23
4065
4066,13
4067,14
4068,14
4069,24
4070,12
4071,18
4072,5
3892
4072,4
4073,3
4074,13
4075
4412
4075,5
4076,4
4077,4
4078,7
4079,2
4080,8
4081,11
4082,13
4083,3
4084,4
4085,19
4086,7
4087,2
3820
4087,7
4088
4089,11
4090,25
4091,25
4092
4093,5
4094
4095,9
4096,20
4097
4098,6
4099,15
4100,7
4101,7
4102,7
3859
4102,13
4103
4104,9
4105,16
4106,18
4107,8
4108,27
4346
4108,4
4109
4110,9
4111
4112,3
4113,7
4114,8
4115,9
4116,25
4117,7
4118
4119,6
4120,7
4121,17
4122,3
4123,10
4421
4123,30
4124,8
4125,20
4126,8
4127
4128
4129,9
4130,2
4131,22
4132,10
4133
4134,7
4135,15
4136
4137,5
4138,9
4139,8
4140,18
4141,18
4142,6
4143,2
4144,4
4145,6
4146,26
4147
4148
4149,25
3940
4150,12
4151,8
4152,17
4153,8
4154,15
4155,14
4156
4157
4158,3
4159,17
4160,6
4161,8
4162,16
4230
4162,7
4163,2
4164,4
4165,20
4166,6
4167,8
4168,7
4169,11
4170
4171,11
4172,8
4173,15
4174,8
4175,19
4176,16
4177
4178,16
4179,10
4180
4181,5
4182,8
4183,3
4184,14
4185,9
4186,6
4187,12
4188
4189,11
4190,8
4191,13
4192,21
4193,15
4194,17
4195,6
4196,8
4197,9
4198,7
4199,5
4200,4
4201,9
4202,10
4203,3
4204,13
3846
4204,2
4205,4
4206,22
4207,16
4208,4
4209
4210,17
4211
4212
4213,21
4214,31
4215,9
4216,9
4217,6
4218,10
4219,5
4220,9
4221,7
4222,2
4223,17
4224,22
4225,24
4226,13
4227
4228,12
4229,8
4230,4
4042
4230,9
4231,6
4232,4
4233,10
4234
4235,4
4236,7
4237,20
4238,8
4239,14
4240,10
4241,11
4242,8
4243,17
4244,5
4245,9
4246,15
4247
4248,18
4249,3
4250,13
4251,18
4252,3
4253
4254,5
4255,13
4256,21
4257,3
4002
4257,4
4258,3
4259,20
4260,11
4261,9
4262,5
4263
4264,12
4265,3
4266,19
4267,8
4268,21
4269,18
4270,6
4271,5
4272,19
4273,3
4274,7
4275,3
4276,3
4277,13
4278,18
4279,4
4280,24
4281
4172
4281,17
4282,7
4283,16
4284,19
4285,3
4286,9
4287,28
4269
4287,3
4288,14
4289,10
4290,15
4291,11
4292,7
4293,12
4294
4295,3
4296,4
4297,26
4298,26
4299,12
4300,13
4301,4
4302,13
4303,10
4304,20
4305,9
4306,7
4307,12
4308,17
4309,4
4310,3
4311,10
4312
4313,5
4314,9
4315
4316,14
4317,4
3953
4317,4
4318
4319,9
4320,11
4321,19
4322,24
4323,7
4324
4325,16
4326,20
4327
4328,7
4329,3
4330,4
4540
4330,20
4331
4332,14
4333,12
4334,12
4266
4708
4334
4335
4336,5
4337,18
4338,23
4339,14
4340,2
4341,9
4342,16
4343,3
4344,17
4345,14
4346,8
4347,6
4583
4347,4
4348,7
4349,19
4350,19
4351,11
4352,12
4353,2
4354,22
4355,10
4356,13
4357,3
4358
4359,24
4360,2
4231
4360,6
4361,5
4608
4361,4
4362,16
4363,21
4364,7
4365,15
4366,9
4367,9
4368,19
4369,5
4370,17
4371,17
4372,13
4373,25
4374,2
4375,5
4376,20
4377,5
4204
4377
4378,9
4379,7
4380,5
4381,9
4382,12
4383,10
4384,7
4385,4
4081
4385,12
4386,19
4387,15
4388,10
4389,2
4390,20
4391,21
4392
4393,4
4394
4395,11
4396,19
4397,21
4398,12
4399,6
4400,7
4401,8
4402
4403,3
4404,9
4405,3
4406,6
4407,6
4408,16
4409,14
4410,6
4411,6
4412,18
4413,2
4021
4413,6
4414,13
4415
4416
4417,15
4259
4418,9
4419,3
4420,2
4068
4420,18
4622
4420,5
4421,12
4422
4423,13
4424,6
4363
4425,12
4426,17
4427,13
4428,3
4429,12
4430,9
4431,4
4432,20
4433,4
4434,13
4435,6
4436,9
4437,14
4438,5
4439,4
4440,10
4441,9
4442,5
4443,22
4444,13
4445,8
4446,9
4447,8
4448
4449,23
4450,21
4451
4452,5
4453,5
4454,16
4455,12
4456,11
4457,7
4458,5
4459,5
4460,7
4461,19
4462,4
4463,12
4649
4463,9
4464,20
4465,2
4464
4465,15
4466,7
4467,8
4468
4469,5
4470,3
4471,11
4620
4471
4472,10
4473
4474,3
4475,9
4476
4489
4476,19
4477,8
4478,2
4386
4478,3
4479,9
4480,2
4481,19
4482
4483,13
4484,7
4485,18
4486,8
4487,4
4488,23
4489,5
4490,6
4491
4492,5
4493,9
4494,6
4495,21
4496
4497
4498,4
4499,26
4500,11
4501,13
4502,21
4503,12
4504,7
4505,5
4506,3
4507,11
4508
4509
4510,8
4511,8
4512,8
4513,12
4514,11
4515,24
4516,11
4517,8
4518,12
4519
4520,6
4521,13
4522,6
4523
4174
4523,10
4524,16
4525,8
4526,9
4527,4
4528,19
4529,8
4159
4529,11
4530,7
4531
4788
4531,8
4732
4531,9
4298
4532
4533,5
4534,8
4535,6
4536,9
4537,13
4538,13
4539,5
4540,8
4467
4540,9
4541
4542
4543,16
4544,11
4545,24
4546
4547
4548,15
4549,3
4550,13
4551,4
4552,3
4553,11
4554,8
4555,3
4556,14
4557,12
4558,9
4559
4560,11
4561
4562,14
4563,16
4564,20
4565,5
4458
4565,6
4566,8
4567,13
4568,4
4569
4570
4571,8
4572,11
4573,9
4574,2
4432
4574,5
4196
4792
4574,3
4575
4576,9
4577,15
4578,18
4579,8
4477
4579,10
4580,25
4581,3
4582
4583,22
4584,31
4585,5
4586,8
4587
4588,6
4589,19
4590
4591,17
4592,7
4593,6
4594,10
4595,8
4596,21
4597,17
4598
4599,4
4507
4599,6
4600
4601,4
4602,21
4603
4604,20
4605,7
4606,10
4607,17
4223
4607,5
4608,21
4609
4610
4521
4702
4610,4
4611
4612,5
4613,9
4614,3
4615,2
4616,5
4617
4290
4617,5
4618,4
4619,6
4620,9
4621,6
4622,9
4623
4624,5
4625,9
4626,7
4627,20
4628,5
4629,3
4630,7
4631
4632,3
4788
4632,10
4633,5
4634
4635,26
4636,24
4637,12
4638,20
4639,9
4640,10
4641,9
4642,13
4643,10
4644,2
4645,10
4646,10
4647,8
4648,21
4649,18
4650
4651,18
4652,21
4653,9
4654,30
4655,12
4635
4655,10
4656,8
4495
4656,4
4657,9
4658,12
4659,7
4660,4
4268
4660,6
5043
4660,4
4661
4662,8
4663,4
4664,7
4665,2
4666
4667,12
4668,6
4669,24
4670,19
4671,6
4596
4671,6
4672
4673,29
4278
4673
4674
4675,5
4788
5052
4675,12
4676,12
4677,10
4678,5
4679,8
4680,12
4681,5
4682,10
4683
4684,6
4665
4684,10
4685,16
4686,5
4687,5
4688
4689,15
4690
4691,9
4692
4693,6
4694,22
4695,20
4696,6
4697,7
5090
4697,7
4698,17
4699,6
4824
4700,8
4701,4
4702,19
4703,15
4704,5
4705,13
4706,9
4707,14
4708,20
4709,3
4710,6
4711,6
4712,22
4713,5
4714,8
4715,11
4372
4715,11
4716,15
4717,13
4718,14
4719,17
4720,14
4721,8
4722,9
4723,8
4724,4
4725,3
5033
4725,8
4726,13
4727,15
4728,13
4729
4730,7
4731,20
4732,7
4996
4732,5
4372
4732,6
4733,6
4734
4865
4734,22
4735
4736,14
4737,12
4738
4739,14
4740,6
4741,14
4742
4743,22
4744,5
4745,23
4746,25
4747,11
4748,6
4749,9
4750
4638
4751,16
4752,6
4788
4752,9
4753,14
4372
4753,2
4754,13
4755,23
4756,8
4757
4758,18
4759,10
4760,10
4761,12
4762
4763,11
4764,2
4765,6
4696
4765,10
4766,2
4767,14
4768,8
4769
4770,2
4771,15
4772,24
4773,9
4774
4775
5173
4775,19
4776,25
4777,5
4778,7
4779,9
4780,25
4781,4
4782,18
4783
4784,11
4785
4786,12
4787,6
4788,7
4789,4
4790,4
4791,12
4792,7
4589
4792,7
4793,3
4794,7
4795,5
4796,8
4797,5
4563
4797,11
4798,10
4799,5
4800,13
4801,3
4802,19
4803
4804,2
4805,12
4806
4807,31
4808,8
4809
4810,2
4811,5
4812,7
4813,9
4814,27
4815,5
4816,8
4817
4818,16
4819,9
4820,26
4821,9
4822,6
4823,12
4824,20
4825,6
4826,7
4955
4826,6
4827
4828,10
4829,16
4830,8
4831,11
4832,10
4833,20
4834,12
4835,9
4836,4
4837,10
4838,3
5128
4838,9
4839,21
4840,23
4841,9
4842,13
4843,8
4844,8
4845,8
4846,12
4847,8
4848,4
4849,4
4850,12
4851,12
4852,6
4853,12
4741
4853,8
4854,4
4619
4854,17
4855,7
4856
4857
4858,11
4859
5202
4859,4
4860,6
4861,4
4862,14
4863,4
4864,4
4865,15
4866
4867,2
4868,7
4869
4870,9
4871,6
4872,9
4873,14
4874,5
4875,4
4876,5
4877,7
4878,13
4879,7
4880
4881,6
4882,12
4883,3
4884,19
4885,4
4886,12
4887,10
4888,23
4889,2
4890,15
4891,5
4892,10
4893,8
4894,32
4895,7
4896,21
4897,7
4898,19
4899
4900,11
4901,9
5138
4901,12
4902,6
4903,4
4904,7
4905,15
4906
4907,14
4908,7
4909,4
4910,4
4911,19
4912,16
4913,11
4914,14
4705
4914,6
4915,8
4916,8
4917,8
4918
4919
4920,20
4921,25
4922,16
4923,16
4924
4925,11
4926,17
4927,8
4928
4929,18
4930,11
4931,4
4802
4931,2
4932,10
4933,15
4934
4935
4936,10
4937,11
4938,3
4931
4938,8
4939
4940,8
4941,12
4942,14
4943,3
4944,25
4945,5
4946,8
4947,15
4948,7
4949,13
4950,3
4951,13
4952,6
5142
4952,15
4953,38
4954,9
4955,28
4956,12
4957
4958,10
5290
4958,3
4959,18
4585
4960,6
4961
4962,7
4963,5
4964,3
4965,8
4966,4
4967,5
5012
4968,6
4969,9
4970,7
4971
4972,2
4973,31
4974,5
4975,3
4831
4975,11
4976,11
4977,4
4978,12
4979,6
4980
4981,5
5191
4981,10
4982,17
4983,6
4984,10
4778
4984,4
4985,9
4986
4987,5
4988
4989,30
4990,10
4991,16
4992,17
4993,8
4994,2
4995,5
4996,14
4997,17
4998,4
4999,23
5000,17
5001,19
5002,7
5003,13
5004
5005,6
5006,16
5007,9
5008,6
5009,14
4872
5009,6
5010,2
5011,13
5012,4
5126
5012,2
5013,12
5014,12
5015,19
5016,7
5017,6
4700
5017,7
5018,7
5019,16
4840
5019,2
5020,5
5021,3
5022,12
5023,7
5024,17
5025,24
5026
5027,12
5352
5027
5028,5
5029,7
5030,2
5031,14
5032,14
5033,18
5034
5035,9
5036
5037,7
5038,4
5039,15
5040,8
4999
5040,16
5041
5042,7
5043,9
5044,11
5045,7
5046,2
5047,4
5048,23
5049,9
5050,2
4989
5050,8
5051,2
4811
5051,14
5052,15
5362
5052,10
5053,6
5054
5055,4
4923
5055,16
5056,8
5057,13
5058,15
5059,5
5060,10
5061,4
5062,6
5063,8
5405
5063,3
5064,8
5065,13
5066,5
5067,30
5068,8
5069,6
5070,7
5071,12
5072,14
5073,11
5074,6
5075,2
5409
5075,15
5076,3
5077,18
5078,11
5079,7
5080,10
5081,15
5082,6
5083,22
5084,8
5085,18
5086,7
5087,4
4822
5087
5088,6
5089,29
5090,11
5091,28
5092,2
5093,7
5094,19
5095,25
5096,4
5097,5
5098,24
5099,6
5100,3
5101,8
5102,19
5103,10
5104,9
5105,19
5106,9
5107,13
5108,16
5109,8
5110,3
5314
5110,4
5111
5246
5111,7
5112
5113
5114,3
5115,7
5116,20
5117,21
5118,15
5145
5118,4
5119,6
5120,13
5121
5122,14
5123,22
5124,28
5125,8
5126,7
5127,6
5128,6
4824
5128,6
5313
5128,7
5129,17
5130
5131
5132,8
5133,6
5134
5135,2
5136,9
5137,10
5138,9
5139,15
5140,6
5141,13
5142,6
5143,10
5144,14
5145,8
5146,19
5147,6
5148,10
5149,3
5150,28
5151,4
5176
5151,9
5152,2
5153,5
5154,3
5155,3
5156
5157,6
5297
5157,2
5158,4
5159,17
5160,3
5161,5
5162
5163,17
5164,4
4884
5164,5
5165,3
5166,4
5167,7
5168,2
5169,5
5488
5169,5
5170
5171,6
4936
5171,14
5172,3
5173,11
5174,9
5175,11
5176,17
5177,15
5178,20
5179,7
5180,5
5181,9
5182,11
5183
5184,31
5185,9
5186,9
5187,4
5188,2
5401
5188
5189,17
5190,25
5191,12
5192,17
5193,8
5194,14
5195,5
5196,8
5197,3
5198,16
5199,3
5200
5201,10
5202,11
5203
5204,2
5205,9
5206
5207,13
5208,9
5209,16
5210,15
5211
5212,10
5213,9
5214,13
5215
5216,20
5217,4
5218
5219,17
5220,10
5221,16
5222,7
5223,11
5224,14
5225,3
5226,14
5227,7
5228,14
5229,6
5230,4
5585
5230,7
5231,14
5232,16
5233,11
5234,21
5235,29
5236,4
5237,6
5238,11
5239,13
5240,11
5230
5240,4
5241,19
5242,9
5243,14
5244,17
5245,15
5246,16
5247,6
5248
5249,3
5250,13
5251,10
4854
5251,6
5252,23
5253,5
5254,14
5255,4
5256,7
5257,14
5258,2
5259,15
5260,19
5261
5262
5263,12
5124
5264,10
5265
5266,3
5327
5266,6
5267
5268,8
5323
5268,11
5269,17
5342
5269,13
5270,7
5271,7
5272,14
5273,17
5274,20
5275,16
5276,3
5277,9
5278,8
5279,23
5280,6
5281,6
5282,12
5283,8
5284,7
5285
5286,17
5287,9
5288,4
5289,5
5290,5
5291,14
5292,7
5293,11
5294,7
5610
5295,16
5296,5
5297,9
5298
5299,9
5300,15
5301,14
5302,14
5303,13
5304,29
5305,2
5306,14
5307,9
5308,21
5309,8
5310,9
5311,5
5312,4
5150
5312,5
5313,11
5314,7
5315,6
5316,13
5317,10
5318,3
5274
5318,3
5319,4
5320,33
5321,4
4955
5321,11
5322,4
5323,17
5324,9
5325,5
5598
5325,6
5326,18
5327,14
5328,4
5329,3
5330,11
5331,13
5332,16
5333,18
5334,11
5335,6
5336,7
5337
5338,11
5339,9
5340,4
5341,8
5342,16
5343,13
5344,3
5345,6
5346,2
5631
5346,3
5347,7
5348,12
5090
5349
5350,2
5351
5352,11
5353,3
5354,3
5202
5354,3
5355,9
5356,8
5357
5005
5357,7
5358,10
5359,12
5360,8
5361
5362,23
5363
5364,7
5365,9
5693
5365,3
5366,9
5367,21
5368,4
5369,8
5370,3
5371,2
5268
5371,11
5372
5373,14
5374,10
5375,17
5376,17
5377,4
5378
5379
5380,7
5381,9
5382,9
5383,13
5384,23
5385
5386,5
5387,22
5388,6
5389,15
5390,6
5417
5390
5391,15
5522
5391,5
5392
5393,2
5394,5
5395,22
5396,17
5397
5398,14
5399,3
5400,9
5401,2
5402,7
5403,30
5404,9
5405,10
5406,18
5407,4
5408,10
5391
5408
5409,14
5410,14
5411,5
5412,25
5413
5414,13
5415,21
5416,25
5417,5
5418,10
5419,14
5562
5419,12
5420
5421,8
5422
5423,9
5424,5
5425,11
5426,6
5797
5426
5427,9
5428,17
5429,23
5430,11
5431,5
5522
5431,5
5432,3
5433,20
5434,23
5435
5436,11
5437,14
5438,14
5439,10
5440,6
5441,3
5632
5441,2
5442,26
5443,6
5444,13
5445,9
5446,18
5447,10
5448,24
5449,14
5450,5
5451,14
5452,6
5453,3
5454,7
5455,15
5456,11
5457,9
5458,15
5459
5460,24
5461,3
5462,8
5463,3
5116
5463,3
5464,20
5465,11
5466,15
5699
5466,14
5467,9
5468,2
5469,3
5470,12
5471
5237
5471,5
5472,9
5473,9
5474,14
5475,10
5476,4
5281
5476,3
5477,10
5478,7
5479,12
5480,3
5108
5480,4
5481,8
5482,8
5483
5484,12
5530
5485
5486,8
5487,8
5488,21
5489,9
5490,11
5491,10
5614
5492,12
5465
5492,3
5493,14
5494,5
5495
5496,10
5497,4
5498
5499,7
5500,8
5501,12
5704
5501
5502
5315
5502,4
5503,2
5504,8
5505,4
5506,12
5507,10
5508,8
5509,8
5510,8
5511,4
5512
5513
5514,13
5515,11
5516,5
5517,7
5518,12
5519,5
5356
5519,2
5520,22
5521,6
5522,13
5523,11
5524,3
5773
5524,10
5525,8
5370
5525,8
5526,3
5527,15
5528
5529,9
5153
5529,5
5530,27
5531
5532,2
5533,15
5163
5533,7
5534,6
5535,9
5536,3
5849
5536,19
5537,4
5538
5539,14
5540,2
5403
5540,15
5541,22
5542
5543,19
5145
5543,2
5544,14
5545,4
5546,24
5547,2
5548,13
5549,9
5550,10
5551,11
5552
5553,13
5554,16
5555,4
5556
5557,5
5558,4
5559,4
5560,4
5561,14
5640
5561,2
5562,18
5563
5564,12
5565,16
5566,6
5567,16
5568,2
5517
5568,4
5502
5568,4
5569,25
5570,12
5571,5
5572,13
5573,2
5946
5573,14
5574
5575,12
5576,14
5577
5578,22
5579,9
5580,16
5581,10
5223
5581,11
5582,17
5583,11
5584
5585,5
5586
5587,10
5588
5589,8
5590,20
5591
5592,11
5593
5594,10
5595,9
5596,6
5597,10
5598,4
5809
5598,13
5599,5
5600,6
5601,4
5646
5601,4
5602
5603,11
5604,3
5605,16
5606,2
5607
5608,9
5609,10
5610,10
5611,18
5612,20
5613,8
5614,5
5615,9
5616
5617,2
5618,8
5619
5620,3
5621,7
5622,23
5615
5622
5623,13
5624,12
5625,5
5626,4
5325
5626
5627,13
5628,11
5629,5
5630,2
6022
5630,3
5680
5630,9
5631,4
5632,7
5633,4
5634,17
5635,7
5636,7
5637,8
5638
5639,8
5640,18
5641,6
5701
5641,2
5642,9
5643,16
5644,12
5645,20
5646,8
5647,27
5640
5647,2
5648,5
5649,6
5650
5651,11
5652,13
5653,5
5652
5653,5
5654,3
5655
5656,17
5657,4
5658,13
5659,29
5660,4
5661,7
5662
5663
5664,2
5665,7
5666,13
5667
5668,10
5669,13
5670,10
5671,2
5672,12
5673,11
5674,15
5675
5676
5677,8
5678,3
5679,17
5680,23
5681,6
5682
5683
5684,17
5685,12
5686,17
5687,17
5688,13
5689,14
5690,16
5691,10
5692,13
5693,7
5694,9
6044
5694,4
5695,16
5696,31
5790
5696,2
5697,3
5698
5699,4
5700,7
5701,10
5731
5701,24
5702,10
5703,20
5704,10
5666
5704,6
5705
5706,13
5314
5707,11
5708,7
5709
5710,9
5711,22
5712,18
5713
5714,6
5715,10
5335
5715,4
5716,23
5717,12
5718,16
5719,8
5720
5721,5
5722,2
6013
5722,15
5723,11
5724,5
5725,12
5726,18
5727,12
5728,9
5729,11
5730,9
5731,26
5732,4
5733,5
5734,11
5735
5736,11
5716
5736,8
5737,4
5738,14
5739,3
5740,7
5741,7
5742,16
5743,7
5744,10
5745,11
5746,8
5747,18
5748,33
5749,10
5750,13
5751
5752,5
5753,23
5754,13
5755
5756,2
5757
5758,32
5759,12
5760,19
5761,8
5762,15
5763,3
5764,19
5765,12
5766,4
5767,17
5768,10
5769,11
5770,3
5771
5772,3
5773,19
5796
5774,4
5775,2
5776,5
5777,14
5778,27
5779,17
5780
5781,6
5782,11
5783,2
5784
5785,16
5634
5785,8
5786,11
5787,13
5788,19
5789,6
5790,21
5791,14
5792
5793,9
5794,9
5795,16
5796,13
5797,12
5798,6
5799,16
5800,4
5801,3
5926
5802,14
5803,18
5804,11
5805,13
5806,8
5807,5
5808,9
5809,17
5810,19
5811,6
5812,2
6202
5812,3
5779
5812,2
5813,9
5446
5813,4
5814,8
5815,15
6077
5815,9
5816,5
5817
5818,11
5828
5818,8
6086
5818,2
5819,5
5612
5819,9
5820,21
5821
5822,8
5823,7
5824,8
5825,3
6037
5825,2
5826,14
5827
5828,13
5829,25
5830,6
5831,4
5832,20
5833,11
5834,8
6137
5834,15
5835
5836,5
5837,7
6250
5837,9
5838,11
5839,5
6094
5839,16
5840,11
5841,4
5842,13
5843,19
5844,20
5845,17
5846,9
5847,19
5848
5849,5
5850,4
5851,15
5852,11
5853
5854,9
5855,8
5856
5857,4
5858,7
5859,9
5860,18
5861
5862,3
5863,6
5864
5865,25
5866,9
5867,9
5868,23
5869,19
5870,6
5871,12
5872,10
5873,10
5874,5
5875
5967
5875,6
5876,10
5877,5
5878,13
5879,16
5880,11
5881,7
5882,4
5883,5
5884,17
5885,6
5886,13
5980
5886,20
5887,12
5888,2
5889,4
5890,11
6185
5890,2
5891,2
5892,13
5893,7
5894,9
5895
5896,26
5897
5898,6
5899,4
5900
5901
5902,18
5903,4
5904,2
5905,14
5906
5907,20
5908,7
5909,7
5910,11
5911
5912,17
5913,8
5914,9
5915,15
5916
5917,6
6213
5917,7
5918,18
5919,7
5920,21
5921,8
5922
5923,4
5924,9
5925
5926,28
5927
5928,2
5929,9
5930,9
5931,2
5932,17
5933,18
5934
5935,11
5936,21
5937,3
5938,15
5939,7
5940,7
5941,19
5942,14
5943,14
5944
5945,11
5946,22
5947,17
5948,2
5949
5950,6
6053
5950,8
5951
5952,15
5953,14
5954,5
5955,11
5956,11
5957,44
5958
5959
5960,12
5961,2
5962,5
5963,7
5964,6
5965,7
5966,12
5838
5966,9
5967,8
5939
5968,19
5969,5
5970,5
5971,10
5972
5973,12
5974,8
5975,14
5976,23
5977,4
5978
6187
5978,20
5979,2
5980,2
5981,13
5982,31
6365
5982,5
5983,12
5984,8
5985,16
5986,8
5987,8
5988,14
5989,16
5990,14
5991,7
5992,20
5993,9
5994
5995,7
5996,7
5997
5998,9
5999,11
6000
6001,7
6002,15
6003,3
6004,23
6005,12
6006,8
6007,5
6008
6009,5
6010,6
6011,5
6012,5
6013,4
6014,6
6015
6016
6017,13
6018,9
6019,8
6020
6021,8
6022,10
6023,6
6024,14
6025,12
6026,6
6027,15
6028,17
6029
6030
6031
6032,14
6033,3
6034,13
6035,17
6036,23
6037
5862
6037,20
6145
6038,11
6039,11
6040,8
6041
6042,6
6043
6044,11
6045,12
6046,3
6047,12
6048,5
6049,7
6489
6049,7
6050,9
6051,5
6052
6053,11
6054,5
6055,22
6293
6055,4
6056,11
6057,7
6058,19
6059,6
6060,11
6061,15
6062,11
6063
6064
6065,8
6066,13
5746
6066,3
6067,18
5815
6067,4
6068,3
6069,7
6070,7
6071,11
6072,14
6073,15
6074,28
6075,8
6076,7
6077,19
6078,7
6079,12
6080,16
6081,13
6082,4
6083,24
6084,7
6085,8
6086,6
6087
6088
6089,5
6090,2
6091,14
6092,5
6093,2
6094,10
6095,8
6096,10
6097,7
6098,10
6099
6100
6101,16
6102
6103,2
6104,12
6105,11
6106
6107,9
6108
6109,5
6110,4
6111,3
6112,13
6113,3
6114
6115
6116
6117,9
6118,2
6119,24
6120,6
6121,2
6122,17
6123,13
6124,11
6125,8
6126
6127,17
6128,5
6129,12
6130,16
6131,6
6132,7
6133,2
5855
6133,6
6134,15
6135,15
6136,3
6137,26
6138,5
6139
6140,5
6141,14
6142,11
6143,18
6144,15
6145,6
5839
6145
6146,8
6147,8
6148,2
6149,21
6150
6151,16
6152,17
6153,16
6154
6155,10
6156,8
6134
6156,12
6157,8
6158,5
6159,5
6160,20
6161
6162,8
6163,5
6318
6163,2
6164,4
6165,9
6166
6167
6168
6169,6
6170,6
6542
6170,5
6171,2
6409
6171,9
6318
6171,3
6172
6173,3
6174,2
6574
6174,8
5909
6174,4
6175,5
6176
6177,9
6178
6179,14
6180
6181,19
6182
6183
6184,13
6185,4
6186
6187,6
6188,11
6189,11
6190,10
6191,15
6192
6193,12
6194,7
6195,7
6196,20
6197,4
6198,9
6199,7
6200,17
6201,10
5992
6202,8
6203,12
6204
6205,9
6206,32
6215
6206,2
6207,16
6208,9
6209,7
6210,12
6211,5
6212,19
6213
5819
6213,30
6214,29
6215,20
6216
6217,6
6617
6217,4
6218
6219,4
6220
6221,7
6572
6221,21
6222
6223,4
6224,4
6225,24
6226,7
6227,5
6228
6229,11
6230,5
6231
6232,26
6233,18
6234,9
6235,4
6236,7
5855
6236,6
6237,6
6238,4
6239,8
6081
6239,10
6240,5
6241
6242,9
6243,10
6244,3
6245,12
6246,15
5893
6246,4
6247,9
6248,4
6249,19
6250,7
6251,3
6252,3
6253,2
6531
6253
6254,4
6255
6256,11
6257,14
6258,16
6259
6260,20
6261,2
6143
6261,6
6262,14
6263,8
6264,3
6265
6266,28
6267,17
6268,11
6269,15
6270,13
6271
6272,6
6273,2
6274,11
6275,2
5969
6275,6
6276
6277,5
6278,21
6066
6278,2
6279,8
6280,14
6281,9
6282,9
6283,13
6284,4
6285,10
6286
6287,9
6288,3
6289,9
6290,5
6291,15
6702
6291,11
6292,7
6293,17
6294,5
6295,12
6296,7
6297,21
6298,18
6299
6300,15
6301,2
6302
6303,18
6304
6305,10
6306,8
6307,26
6308,9
6309,6
6310,15
6311,12
6312,2
6313
6314,8
6315
6316
6081
6316,25
6317
6318,13
6319,17
6320,8
6321,2
6322,14
6323
6324,7
6325,13
6326,2
6327
6328,16
6329,4
6330,11
6331,9
6332,8
6333
6334,2
6335
6336,13
6337,12
6338
6339,20
6340,3
6341,3
6342,8
6343,10
6344,3
6345,13
6346,10
6347,13
6348,12
6349
6350,3
6351,6
6352,5
6353,6
6354,5
6490
6354,3
6355,11
6356
6357,13
6358,9
6359,7
6360,6
6210
6360,11
6361
6362,7
6363,2
6181
6363,22
6364,8
6365,12
6366
6367,20
5939
6367
6368,4
6369,4
6370,6
6371,16
6372,8
6373,2
6374,15
6375,21
6376
6377,8
6378,12
6379
6380,8
6381,6
6382,18
6383,6
6384,8
6385,9
6386,11
6387,11
6388,8
6389,12
6390,16
6391,8
6627
6391,11
6392
6393,9
6394,23
6395,5
6396
6397
6398,4
6399
6400,23
6401,6
6402,10
6403,9
6404,15
6405,30
6406,7
6407,9
6408
6409,16
6410,8
6411,16
6412,10
6413,3
6698
6757
6413,15
6414,9
6415,5
6049
6415,8
6416,10
6417
6418,12
6419,12
6085
6419,7
6420,9
6421,5
6422,7
6423,12
6424,8
6710
6424,5
6425,5
6426,5
6427
6428,6
6429,3
6430,5
6431
6432,7
6339
6432,15
6433,8
6434,3
6435,8
6436,2
6437,8
6438,5
6439,4
6440
6441,3
6442,19
6443,9
6444,19
6445,9
6446,18
6447,22
6448,20
6449,10
6450,8
6451,14
6452,14
6453,16
6454,3
6358
6454,6
6455,4
6456,21
6457
6458,13
6459,17
6460,6
6461
6462,11
6463,2
6464,4
6806
6464,11
6465,6
6466,9
6467,10
6468,6
6469,2
6470,30
6471,12
6472,9
6473,8
6474,11
6475,14
6476,3
6213
6476,6
6477,15
6478,3
6479,9
6480,12
6481,15
6482,5
6483,5
6484,15
6485,6
6486,10
6735
6486,3
6487,7
6488,2
6419
6488,5
6489,19
6490,13
6491,12
6492,26
6493,5
6494,23
6495,32
6496
6497,13
6498,2
6499,3
6500,10
6880
6500
6501,6
6502,9
6503,10
6504,12
6505,5
6506
6507,7
6508,12
6509,8
6589
6509,14
6510,13
6511,7
6512,30
6513,11
6514
6515,5
6516,6
6517,6
6518
6519,9
6520,11
6521,17
6673
6521,12
6522,11
6523
6524,8
6525,2
6526,10
6527,14
6528
6529
6530,14
6531
6532,2
6533
6534,14
6535,22
6536,14
6537,17
6538,9
6539,16
6540,6
6541,9
6542,10
6543
6544,3
6545
6546,15
6547,3
6613
6547,6
6548
6549
6550,14
6551,8
6552
6169
6552
6553,6
6554,2
6555,8
6784
6556,11
6557,24
6558
6233
6558,6
6559
6560
6561,14
6562,9
6563,2
6564,12
6565,5
6566,9
6567,17
6568,7
6569,7
6570,6
6685
6570,15
6571,12
6572,13
6573,10
6600
6573,16
6574,12
6575
6576,14
6577,6
6578,5
6579,8
6580,7
6581,13
6582,10
6583,6
6584,2
6585,14
6586,3
6810
6586,14
6587,24
6588,7
6589,22
6590,15
6591
6592,7
6593,14
6594
6595,8
6596,19
6597,7
6598,7
6388
6598,8
6599,5
6600,11
6601
6602,6
6603,9
6604,13
6605,14
6606,16
6607,7
6608,19
6609,7
6610,5
6611,6
6612
6613,16
6614,15
6615,9
6616,5
6617,14
6618,19
6619,7
6620,3
6621,26
6622,4
6623,11
6624,10
6625,26
6626,21
6627,8
6628,13
6629,13
6630,14
6631,16
6632,3
6633,18
6634,13
6635,20
6636,8
6637,7
6638
6639,2
6761
6639,9
6640,14
6641,8
6642,26
6643,14
6644,6
6827
6644,12
6645,5
6646,3
6647,14
6648
6649,9
6650,12
6651,13
6652,17
6653,8
6654,29
6655,15
6656
6657,14
6256
6657,3
6658,9
6659,12
6660
6661,7
6662,16
6663
6664,11
6665,2
6826
6665,2
6666,5
7054
6666,20
6667,3
7001
6667,8
6668,12
6669
6670,5
6671,10
6672,3
6673,11
6674
6675,22
6676,18
6677,6
6678,12
6679,15
6680,8
6681,3
6682
6683,10
6684,8
6685,7
7006
6685,4
6686,4
6687,13
6688,12
6509
6689,9
6690,15
6691,7
6692,15
6643
6692,4
6693,5
6694,7
6695,20
6696,3
6697,3
6698,22
6699,6
6700,17
6701,7
6702,8
6703,10
6983
6703,4
6704,18
6705,17
6706
6707,3
6708
6709,3
6710,32
6711,11
6712
6713,8
6714,11
6715,21
6716,11
6717
6718,15
6719
6720,7
6721,12
6722,4
6723,22
6724
6725,10
6726,4
6727,8
6728,6
6729,12
6730,6
6731,11
6732,17
6733,2
6954
6733,6
6734
6735,15
6736,4
6737,7
6738,7
6739,4
6740,6
6741,21
6501
6741
6336
6742,8
6743,3
6744
6745,7
6746,7
6747,19
6748
6749,10
6750,11
6751,17
6477
6752,25
6753,5
6754,13
6755,10
6756,10
6757,12
6758,10
6759,10
6760,3
6761,3
6762,4
6763,19
6764
6765,13
6766,20
6767,15
6768,14
6713
6768,3
6769,2
6951
6769,20
6770,9
6771,15
6772,9
6976
6772,11
6773,15
6774,8
6775,11
6776,23
6777,6
6940
6777,6
6778,6
6779
6780,4
6781,17
6782,10
6783,14
6784,13
6785
6786,6
6996
6786,8
6787,6
6788,4
6789,11
6790,14
6791,2
6792,3
6793
6794,4
6795,8
6796,6
6794
6796,12
6797,8
6798,28
6799,9
6800,4
6801
6802,2
6665
6802,8
6618
6803,17
6804,9
6805,2
6468
6805,17
6806,24
6574
6806,4
6807,9
6808,12
6809,22
6810,19
6811,7
6812
6813,7
6814,4
6815,12
6816
6817,19
6818,15
6819,9
6820,9
6821
6822
6823
6824,3
6825,13
6826,6
7036
6826,10
6827,19
6828
6829,10
6830,3
6831,8
6832
6833,11
7201
6833,14
6834,8
7021
6834,6
6922
6834,13
6835,2
6836,18
6837,14
6838,9
6839
6840,18
6841
6842,6
6843,13
6837
6843,2
6844,8
6845,3
6846,19
6847,9
6848,2
6849
6850
6553
6850,15
6851
6852,6
7218
6852,5
6853,18
6854,16
6855,20
6856
6857,3
6858,11
6859,7
6860,25
6861,14
6862,7
6863,8
6864,2
6720
6864,5
6865,13
6866,15
6867,4
6868
6869
6870,5
6473
6870,11
6871,7
6872,4
6873,10
6874,4
6875,3
6876,24
6877,2
6686
6877,23
6878,7
6879,9
6880,16
6881,4
6826
7036
6881,3
6882,4
6883,13
6884,14
6885,8
6886,4
6887,8
7227
6888,9
6889,17
6494
6889,4
6890
6891
6892,13
6893,17
6876
6893,6
6894,9
6895,9
6896,13
6897,18
6898,12
6899,13
6900,31
6901
6902,15
6715
6902
6903,4
6752
6903,12
6904
6905,9
6906,2
6907,10
6772
6908,12
6909,6
6910,18
6911,13
6861
6911,13
6912,14
6913,12
6914,4
6542
6914,15
6915,17
6916,20
6917,8
6918,5
6919,4
6920,16
6921,14
6922,13
6725
6922,5
6923,4
7083
6923,20
6924,5
6925,22
6926,12
6927,8
6928
6929,11
6930,16
6931,3
6932,12
6933,14
6934,12
6935,25
6936,9
6937
6938,16
6939
6940,14
6941,18
6942,20
6943,19
6944,8
6945,7
6946,10
6947,5
6948,19
6949,10
6950,8
6951,20
7091
6951
6952,11
6953,20
6954,17
6955,4
6956
6930
6957,2
6958,9
6959,14
6960,2
6961,10
6962,10
6963,10
6964,5
6965,11
6966,4
6910
6967
6968,14
6969,11
6970,4
6971,2
6972,7
6973,8
6974,9
6975,10
6976,16
6977,8
6978,19
6979
6980,7
6981
6982,19
6983,14
6984,2
6985,7
6986,14
6987,3
7105
6987,2
6988,15
6989,7
6990,8
6991,4
6992,9
6993
6994,11
6995
6996,21
6997,5
6998,17
7234
6998,8
6999,9
7000,8
7001,8
7002,10
7003
7004,21
7005
7006,8
7007,10
7008
7009,6
7010,7
7011,21
7012,6
7013,8
7014,9
7015,21
7016
7017,6
7018,18
7019,10
7020,3
7021,7
7022,13
7023
7024,15
7025,8
7026
7027
7028,5
7029,8
7030,12
7031
7032,12
7033,3
7034
7035,24
7036,12
7037,23
7038,13
7039,20
7040,3
7041
7042,4
7043
7044
7045,13
7046,8
7047
7048,19
7049,17
7050,12
7051,13
7052,29
7053,7
7430
7053,13
7054,5
6681
7054,8
7055,8
7056,5
7057,26
7058,8
7059,16
7060,11
7061,3
7103
7061,4
7062,21
7063,6
7064,16
7065,7
7030
7065
7066
7067,8
7068,4
7069,13
7070,11
7071,8
7072,11
6934
7072,3
7073,21
7074,5
7075,13
7076,18
7077
7078,4
7079,8
7080,10
7483
7080,4
7081,13
7082,3
7083,7
7084,11
7085
7086,17
7087,32
7088,12
7089,11
7090,16
7091,21
7092,8
7093,7
7094,11
7095,3
7096,26
7097,15
7098,8
7099,13
7344
7099,3
7100,14
7101,11
7102,8
7103,11
7104,14
7105,6
7106,11
7512
7106
7107,4
7108,9
7109,9
7110,9
7111,7
7112,5
6998
7112
7113,9
7114,6
7115
7116,12
7117
7118,7
7119,3
7120,9
7121,15
7122,9
7123,16
7124,7
7125,11
7126
7127,3
7128
7129,25
7130,9
7131,4
7132
7133,12
7134,4
7135,23
7136,6
7137,15
7138,24
7139,10
7140,27
7141,4
7142
7038
7142,3
7143,5
7144,12
7145,13
7146,8
7147,10
7148,19
7149,15
7150,9
7151,9
7152,6
7153,4
7154,6
7155,2
6900
7155,9
7156
7157
7158,8
7159,3
7160,2
7161,4
7162,13
7163
7164,10
7165,13
7166,17
7167,9
7168,11
7169,6
7170,13
7171,16
7172
7173,25
7174,9
7175,22
7176
7177
7178,7
7179,4
7180
7181,6
7182,4
7183
7184,9
7185,13
7186,7
7187,8
6948
7187,3
7188,2
7189,17
7190,7
7191,14
7192,19
7193,8
7194
7195
7196,9
7197,9
7198,12
7199,2
7200,19
7201,27
7202,4
7203,10
7204,14
7205,10
7206,5
7207,18
7208,13
7209,8
7210
7211,8
7212,30
7213,20
7214,14
7215,3
7216,15
7217,14
7218,4
7219,25
7220,7
7221,4
7222,7
7223,6
7224,9
7225
7226,10
7228,11
7229,13
7230,8
7231,3
7232,9
7429
7232,11
7233,15
7234,10
7235,7
7236,13
7237
7238,6
7239,5
7240
7241
7242,6
7243,4
7244
7133
7244,4
7245,3
7246
7247,8
7248,4
7249,23
7250,16
7251
7252,4
7253,10
7254,14
7255,16
7256
7257,9
7255
7257,2
7258,10
7259,17
7260,2
7261,8
7262,15
7263
7264,6
7265,20
7266,6
7267
7669
7267,4
7268,3
7269,2
6877
7269,2
7270,10
7271
7272,14
6920
7272
7273,15
7376
7273,8
7274,5
7275,14
7276,15
7277,5
7278,5
7279,18
7280,18
7281,4
7011
7281,12
7282,11
7283,15
7284,9
7285,4
7286
7287,14
7002
7287,5
7288,18
7289
7290,23
7291,6
7292,2
7642
7292,14
7293,9
7294,21
7295,10
7296,2
7297,5
7298,8
7299,9
7300,14
7301,10
7302,13
7303,19
7304,24
7305,7
7306,7
7175
7306,7
7307,4
7308,19
7309,2
7429
7309,13
7310,5
7311,15
7312
7313,8
7314,14
7315,14
7316,4
7317,18
7318,9
7319
7320,6
7321,8
7322,8
7323
7324,5
7379
7324,7
7325,22
7326,16
7327,2
6917
7327,4
7328,4
7329,19
7330,3
7331,12
7332,5
7601
7332
7333,27
7334,15
7335,9
7336,9
7337,10
7338
7339,10
7340,5
7341,20
7342,3
7343,24
7344,14
7345,2
7498
7346,2
7347,7
7348,17
7349,6
7350,5
7226
7350
7351,8
7352,7
7353,4
6998
7353,7
7354
7355,7
7570
7355,6
7356
7357,9
7358
7359,4
7360,7
7771
7360,8
7361,5
7362,14
7363,3
7364,11
7365
7366,9
7367,6
7368,6
7369,10
7370,6
7371
7372,15
7373,13
7374,14
7375,17
7376,18
7377
7378,17
7379,13
7380,10
7381,16
7648
7381,6
7382,8
7383,14
7384,22
7385,7
7310
7385,19
7386,5
7387
7388,7
7389
7390,5
7391,4
7392,6
7393,34
7394,4
7395,6
7396,13
7397,16
7398,10
7399,11
7400,11
7534
7400,2
7401,18
7402,9
7403,8
7404,8
7405,5
7406,18
7407,2
7822
7407,11
7408,15
7409
7410,20
7411
7412,9
7413,25
7414,9
7415,4
7416,22
7417,17
7418,2
7419,9
7420,13
7421,9
7422,13
7423,6
7424,6
7425,8
7426,7
7427,10
7395
7427,7
7428,26
7429,8
7430,17
7431
7432,8
7433,3
7434,12
7509
7434,9
7435,8
7436,13
7437,10
7438,5
7439,6
7440,4
7441
7442,7
7443
7444,2
7745
7444,34
7445,24
7446,5
7447,15
7448,9
7449,13
7450,2
7451
7452,7
7453,12
7454,5
7149
7454,10
7455,3
7456,8
7457,11
7458,9
7459
7460,12
7461,15
7462
7463,12
7464,16
7465
7466,10
7467,10
7468
7469,8
7470,5
7471,16
7472
7473,9
7474,11
7475,23
7476,4
7477,3
7478,5
7479,21
7480,11
7481,8
7482,15
7483,8
7322
7483,6
7484,7
7838
7484,5
7485
7486,3
7487,6
7488
7489,2
7490,12
7491,9
7492,10
7493,7
7494,15
7495
7496
7497,18
7498,10
7579
7498
7499,19
7500
7501,8
7502,9
7503,7
7504,18
7505,6
7506,7
7507,16
7762
7507
7508,4
7900
7508,5
7509,9
7510,10
7511,17
7512,8
7513,24
7514,18
7605
7514,2
7515,22
7516,2
7108
7516,3
7861
7516,3
7517,17
7518,11
7519,15
7520,15
7521
7522,3
7523
7524,7
7525,5
7526,8
7527,7
7528,17
7529,4
7530,7
7531,9
7532,10
7533,12
7534
7300
7534,8
7535,23
7536,5
7537,14
7538,11
7539,3
7540,15
7541,15
7542,2
7379
7542,12
7543
7544
7545
7546,11
7547,2
7536
7547,11
7548,14
7549,26
7550,22
7551,5
7552,21
7553,3
7608
7553,10
7554
7555,14
7556,9
7487
7556,7
7557,12
7558,10
7559,5
7560,11
7561,8
7562,10
7385
7563,13
7564,3
7242
7564,25
7565
7566,11
7567
7568,21
7569,21
7570,13
7571,6
7572,4
7573,6
7574,5
7575,6
7576,6
7577,17
7578
7579,24
7580
7581
7582,17
7583,19
7584,3
7585,9
7586,15
7587,9
7588,6
7589,5
7590,4
7591,8
7592
7593,6
7594,3
7595,14
7596,14
7217
7596,3
7597,26
7598,16
7599,11
7600,8
7601,7
7602,17
7603,17
7604,2
7605,14
7606,4
7398
7606,9
7607,21
7608,30
7609
7610,6
7611,12
7612,18
7613,9
7614,11
7615
7616
7617
7618,4
7619,19
7620,6
7621,11
7622,9
7623
7624
7625,4
7429
7625,7
7626
7627,12
7628
7629
7630,20
7631,15
7632,8
7633,10
7634,4
7635,8
7636,11
7750
7636,8
7637,4
7638,6
7778
7638,7
7639,2
7640
7641,11
7642,20
7643,11
7644,15
7645,18
7646,8
7647,9
7648,20
7649
7650,3
7651,2
7652,12
7653,16
7654,2
7876
7654,2
7655,21
7656
7657,9
7658,18
7659,6
7660,11
7661
7313
7661,5
7662,9
7663,3
7664,2
7665,15
7666,7
7794
7666,6
7667,5
7668,7
7669,10
7670,4
7671,6
7706
7671,18
7672
7673
7674,25
7675,9
7676
7677,8
7678,25
7679,13
7739
7679,6
7680,3
7681,11
7682,7
7683,8
7684,5
7685,4
7686,3
7687,11
7688
7689
7690
7691,7
8064
7691,3
7692
7693,11
7694,5
7695,4
7696,9
7697,9
7698,2
7699
7700,13
7701,4
7702,22
7703,5
7704,15
7705,29
7706,6
8096
7706,2
7707
7708,17
8090
7708,3
7709,4
7710,2
7711
7712
7713,8
7714,11
7715
7716,8
7717
7718,6
7719,6
7720,7
7721,3
7564
7721,11
7722,22
7723,12
7724,7
7725
7726,7
7727,21
7728
7729,14
7730,8
7757
7730,4
7731,7
7967
7731,8
7732
7733,8
7734,11
7735,7
7736,4
7737
7738,2
7739,9
7740,14
7741,12
7742,22
7743,17
7744,17
8026
7744,4
7745,16
7746
7747
7748,3
7749,9
7750,23
7751,12
7752,21
7753,11
7754,2
7755,13
7756,7
7757,20
7758,11
7759
7986
7760
7761
7531
7761,14
7762,8
7763,14
7764
7765,8
7766
7767,24
7768,13
7769,2
7770,7
7771,16
7772,17
7773,6
7774
7775
7776
7478
7776,7
7777,10
7778,11
7779,8
7780,23
7781,15
7782,14
7887
7782,5
7783,16
7784,3
7785,18
7786,6
7787
7788,27
7789,6
7790,31
7791,5
7792
7793,10
7794,14
7795,7
7796,6
7797
7798,20
7799
7444
7799,6
7886
7799,2
7800,15
7801,15
7802,8
7803,6
7804,5
7805,20
7806,17
7807,8
7808
7809,7
7810,10
7811,8
7812,6
7813,6
7814,7
7815,18
7988
7815
7816
7817,11
7818,14
7819,14
7820,19
7821,4
7822,6
7893
7822,9
7823,10
7824,12
7825,10
7826,14
7827,12
7828,7
7829,11
7830
7831,15
7832,16
7833,6
7834,9
7835,14
7836,3
7837,14
7838,30
7839,17
7840,13
7841,21
7842,8
7843,17
7844,9
7845
7846,10
7847,8
7848,8
7849,15
7850,5
7851,9
7852,14
7853,7
7854,4
7855,15
7856,23
7857
7858,2
7859,23
7860,4
7861,18
7862,4
7863,20
7864,5
7865,7
7866
7867,15
7868,7
8179
7868,2
7869,8
7870,15
7871,6
7872,6
7873,15
7874,6
7875,12
7876,29
7877,14
7878,14
7879,13
7666
7879,4
7880,12
7881,8
7882,9
7883,8
7884,21
7885,20
7886,18
7887,11
7888,8
7889,8
7890
7891,3
7731
7891,5
7892,3
7893,11
7894,11
7895,12
7896
7897,4
7898,25
7899
7900,8
7901,8
7902,16
7903,8
7904,25
7905,14
7906,3
7907,5
7908,10
7638
7908,11
7909,8
7910,9
7911,15
7912,18
7913,10
7914,5
7915,12
8109
7915,7
7916,9
8005
7916,5
7917,13
7918,6
7919,9
7920
7921,3
7922,6
7923,27
7924,15
7925,9
7926,2
7927,4
7928,3
7929,2
7930,13
7931,15
7932,7
7933,13
7934
7935,21
7936
7937
7938,6
7939,31
7940,6
7878
7940,10
7941,13
7942,13
7943
7944,18
7945,13
7946,8
7947,21
7948,10
7949,28
7950,5
7951,21
7952,11
7953
7954,7
7955
7956,14
7957,21
7958
7959,6
7960,17
7961,8
7962,5
7963,8
7964,15
7965,12
7966,7
7967,9
7968
7969,12
7695
7970,6
7758
7970,11
7971,16
7972,11
7973,19
7974
7975,2
7976,16
7902
7976,16
7977,5
7846
7977,6
7978
7979,20
7980
7981,12
7982,7
7983,23
7984,17
7985,4
7986,22
7987,6
7988,17
7989,10
7990
7991,17
7992
7993,13
7994,10
7995,6
7996,9
7997,21
7998,6
7999,2
8000,13
8001,17
8002,7
8003,6
8004,8
8005,14
8006,17
8007,9
8008,15
8009,20
8010,10
8011
8012
8013,11
8014,12
8015,13
8016
8017,5
8018,8
8019,9
8020,23
8021,9
8022,8
8023,7
8024
8025,3
8026,12
8027
8028,27
8029,9
8030,20
8031,3
8032,8
8033,8
8034,9
8035,14
8036,15
8037,13
8038,9
8039,13
8040,23
8041,5
8042,14
8043
8044
8045,17
8046,7
8047,14
8048,8
8049,10
7693
8049,5
8050,9
8051,3
8052,8
8053
8054,13
8055,9
8056,8
8057,13
8058,10
8059,10
8060,14
8061
8062
8063,12
8064,12
8065,4
8066
8067,8
8068,2
8069
8070,11
8071,7
8072,28
8073,21
8074,6
8075
8076,11
8077,20
8078,18
8079,18
8080,7
8081,22
8082,8
8083
8084
8085,11
8086,3
8087,9
8088,10
8089
8090,16
8091,19
8092
8093,14
8094
8095,7
8096,23
8097
8098,9
8099,2
8003
8099,8
8100,9
8101,19
8102
8103,14
8104,19
8040
8104,3
8105,6
8106,7
8107,20
8108,21
8109,16
8110,13
8111,11
8112,20
8113,3
8114,16
8115,6
8116,15
8117,7
8118,31
8119
8120
8121,9
8122,5
8123,19
8124,8
8125,10
8126,20
8127,17
8128,19
8129,12
8130,9
8131,15
8132
8133,6
8134,9
8135,7
8136,21
8137
8138,24
8139,3
8140,10
8141,7
8142,9
8143
8101
8144,15
8145,5
7780
8145,13
8146,7
8147,2
8148,9
8149,15
8150,16
8151,14
8152,13
8153,7
8154,8
8155,8
8156,16
8157,4
8158,11
8159,6
8160,7
8161,11
8162,15
8163
8164,16
8165,15
8166,16
8167
8168,7
8169,21
8170
8171,5
8172
8173,18
8174,15
8175,2
8176,2
8177,8
8178,8
8179,4
8180,10
8181,16
8182,13
8183,7
8184,8
7840
8184
8185
8186
8187,5
8188,17
8189,9
8190,9
7859
8191,8
7986
8151
8081,2
8131
8149
7982
8109
8188
8065
8191
