1591
480
3422
1829
554
705
1656
1282
2760
1816
890
3844
1614
2073
2917
2208
114
755
1179
1163
968
1863
1191
2617
1058
788
1191
618
1100
2971
2285
142
2812
3882
1712
1380
599
959
2803
1038
147
1090
1128
2153
3725
666
1158
464
167
405
1987
1095
2121
645
51
2202
982
724
361
2266
1480
902
1397
2070
1746
496
478
160
1714
142
1568
1347
2607
9
1352
1277
804
763
1011
270
1477
1168
75
101
874
289
24
477
276
658
4013
3583
1352
1930
657
2107
1420
0,10
1,21
2,2
3,13
4,4
5,17
6,20
7,8
8,12
9,9
10,3
11,5
12,7
13
14,10
15
16,12
17,11
18
19
20,12
21,12
22,13
23,3
24,16
25,2
2013
25,3
26
27
28,9
29,6
30,6
31,11
32,5
33,10
34,10
35,26
36,13
37,4
38,9
39,2
40
41,8
42,16
43,13
44,3
45,13
46,6
2232
46
47,24
48,3
49,4
50,22
51,11
3051
51,11
52,13
53
4104
53,23
54,13
55,4
56,8
57,15
58
59,12
60,20
61,8
62,7
63,25
64,10
65,14
66,13
67,13
68,17
69,3
70,4
71,5
72
73,15
74,2
75,17
529
75,7
76,8
77
78,12
79,24
80
81,3
82,10
83,2
84,8
85,21
86,2
87,5
88
89
90,24
91,4
92,13
93,36
95,6
3346
95,5
96,9
97,16
98,10
99,12
100,9
101,11
102,9
103,8
104
105,10
106,9
107,9
4057
107,20
108,39
109
110,7
111,7
112,12
113
114,8
115,11
116
117,18
118,6
119,13
120
121
122,11
123,14
124,13
125,15
126,21
127
128,13
129,5
130,3
131,17
132,6
133,24
134,10
135,5
136,8
137,8
138
139,8
140,5
141,7
142,7
143,15
144,3
145,19
146
147,14
148
149,2
150
151,8
152,8
153
154,8
155,4
156
157,25
2723
157,10
158,14
159,4
160,18
161,3
162
163,14
164,2
165,14
166,19
167,10
168,9
169,9
170,10
171,17
172,9
173,12
174,4
770
174,6
175,13
176,3
177,13
178,16
179,2
1504
179,19
180,27
181,15
182,11
183,27
184,8
185,17
1696
186,7
187,13
188,17
189,13
190,5
191,15
192,2
193,19
194,11
195,29
196,10
197,13
198,10
199,8
200,8
201,8
202,3
203,3
3494
203,5
204,17
205,23
206,4
207,8
208,20
209,9
210,6
2987
211,2
212,8
213,13
214,11
215,8
216,8
217,13
218,9
219,4
220,5
221,21
222,20
223,16
224,8
225,10
226,9
227,4
228,9
728
228,10
229,7
230
231
232,2
233,7
234,25
235
236,23
237,13
238
239,10
240,17
241,3
242,7
243,7
244,5
1850
244,3
245,3
246,14
247,13
2456
247,9
248
249,13
250,2
251,2
252,7
253,4
254,14
255,3
256,18
257,9
258,7
259,7
260,12
261,25
262,20
1671
263
264,9
265,10
266
199
266,3
267,9
268,20
269,23
270,13
271
272,9
273,12
274,5
1013
274,3
275,19
276,12
277,12
278
279,11
280,19
281,8
282,6
283,8
284,14
285,16
286
287,13
288,4
289,7
290,15
291,6
292,11
293,7
294,8
295,9
296,8
297
298
299,16
300
301
302,3
303
2507
303,8
304,12
305,11
306,6
307,6
308,15
309,18
310,19
311
312,14
313,15
314,21
315,13
316,9
317,4
318,2
319,5
320
321,2
322,12
323,20
324,15
325,19
326,14
327,10
328,18
329,15
330,14
331,20
332,19
333,16
334,9
335,6
336
337,9
338
339,23
340,6
341
342,9
343,15
344
345,13
346,6
3415
346
347,10
348,15
349,8
350,9
351,13
352,7
353,22
354,9
355,11
356,14
357,22
358,8
359,7
360,7
361,17
362,16
363,15
364
365,5
366,13
367,6
368,15
369,14
370,4
371,6
372
373,5
374,2
375,11
376,11
377,14
378,21
379
380,2
381,8
382
383,35
384
385,10
386,4
387,8
388,5
389,23
390,6
391,5
392,6
393
394,4
395
396,21
397
398,7
399,17
400,12
401,9
402,10
403
404,20
405,11
406,35
407
408,5
409,8
410,4
411,13
412,5
413
414
415,8
416,10
417,13
418,7
419,12
420,3
421,11
422,26
423,11
424,20
425,2
426,10
427,2
428,9
2059
429,24
430,22
431,9
432,8
433,10
434,8
435,4
436,2
437,6
438
439,20
440,23
441,18
442,5
443,15
444,7
445,11
446,2
447,13
448,6
449,11
450,22
451,8
452,14
453,10
454,7
455,14
456,8
457,4
458,16
459,12
460,17
461,8
462,10
463
464
465,14
466,6
467,10
468,4
3294
468,13
469
470
471,8
472,3
473,28
474
475,9
476,4
477,16
478,17
479,7
480,7
481,6
482,12
483,9
484,9
485,9
486,5
487,11
488
489,3
2728
489,2
490,4
491
492,6
493,6
494,17
495,13
496,26
2106
496
497,6
498
499,9
500
501,9
502,7
503,18
504,9
505,5
506,7
507,15
508,13
509,23
510,11
2656
510,2
511,3
512,3
513
514,18
515,7
516,16
517,7
518,6
519,23
520,6
521
522,7
778
522,4
523
524,11
525,15
526,13
527,10
528
529,12
530
531,2
532,8
533,52
534,6
535,16
536,2
537,14
538,17
539,8
540
3269
540,5
541,5
542,3
543
544,2
545,14
546,16
547,8
548,8
549
550,12
551
552,9
553,8
554,8
555,11
556,23
557,13
558,11
559,8
2018
559,9
560,6
561,8
562,26
563,16
564
565,21
566,15
567
568
569,14
570,9
571,13
572
573,8
574,14
575,14
576,3
577,20
578,16
579,11
580,11
581,3
582,9
583,4
584,10
585,7
586,20
587,4
588,6
589,17
590,7
591,19
592,18
593,3
594,11
595,10
1636
596,8
597
598,12
599,15
600,24
601,7
602,8
603,6
604,12
605,17
606,10
607,12
608,6
609,3
610,17
611
612,12
613,11
614,2
615,26
616,16
617,19
618,19
619,6
620,7
621,9
622,19
623,12
624,16
625,10
626,5
627,13
628,8
629,7
630,18
631,4
632
633,14
634
635,4
636
637,3
638,4
639,15
640,6
641,11
1317
641,10
642,7
2743
642
643
644,21
645,18
646,5
647
648,6
649,12
650,10
651,7
652,21
653,5
654,7
655
656,22
657,7
658,3
596
658,14
659
660,22
661,12
662
663,11
664
665,15
666,11
667,3
668,3
669,21
1268
670,4
671,21
672,15
673,8
1405
673,11
674,6
675
676,3
677,17
678,15
679
680,14
681
682
683,6
1575
683,5
684
685,6
686
687,3
688,7
689,13
690,12
691,8
692,8
693,13
694,10
695,10
696,6
697,10
698,18
699,7
700,7
701,2
702,3
703
704,15
705,6
706,10
707,4
708,8
709
710,18
711,5
712,19
713
714,16
715
716
3034
716,5
717,11
718,2
719,8
720,26
721,10
722
723,10
724,16
725,25
726,22
727,6
728,5
729,16
730
731,6
732,17
733,2
734
735
736,19
737,4
738,15
3239
738,4
739,3
740,13
741,8
742,3
743,9
744,10
745,24
746,18
2040
746
747,23
748,21
749
750,8
751,15
752,7
753,15
754,12
755,17
756,17
757,6
758,10
759,12
760,24
761,15
762,13
763,16
764,5
765,2
766,12
118
766,3
767,7
768
769
770,28
771,15
772
773,7
774,7
775,9
776,7
777,8
778,20
779,9
780,14
781,13
782,5
783,11
784,17
785
786,16
787,31
788,17
789,10
790,11
791
792,23
793,9
794,10
795,17
796,3
797,7
798,12
799,5
800,6
801
802,9
803,9
804,8
805,24
806,6
807,13
808,9
809,9
810,21
811,4
812,31
813,5
814,6
815
816,10
817,7
818
819,8
820,4
821
822,20
823,17
824,3
825,2
826
827,29
828
829,14
830,2
831,3
1317
831,6
832
833,5
834,12
835,9
836,3
837,11
838,3
3862
838,15
839,35
840,11
841
842,13
843,2
844,7
845,2
846,11
847,4
848
849,2
1931
849,6
850,23
851,6
852,20
853,13
854,8
855,17
856,16
857,8
858,7
859,3
860,11
861,5
862,7
863,8
864,4
865,18
866,11
867
868,6
869
870,13
871,18
872,2
873,18
874,6
875,3
876,16
877
878,10
879,4
880,8
881,2
2703
881,13
882,16
883
884,7
885,7
1811
885
886,7
887,18
888,14
889,3
890,7
891,16
892,18
893,12
894,13
895,22
896,5
897
898,10
899,13
900,15
901,8
902,9
3405
902,2
903,10
904,8
905,7
906,10
907,4
908,9
1896
908,4
1922
909,7
910,13
911,26
912,4
913,21
914,3
915,18
916,20
917,12
918
919,8
920,8
921,11
922
923,3
924,12
925,7
926,3
927,7
928
929
930,12
931,13
932,7
4673
932,3
933,9
934,3
935,3
3524
935,8
94
935,24
936,4
937
938
939,23
940,13
941,10
2545
941,2
942,22
3510
942,9
943
944
945,4
946
947
948,2
949,8
950,3
951,5
952,19
3935
952,6
953,5
954,8
955,15
956,16
957,11
958,5
959,15
383
959,14
960,11
4476
960
961,2
962,9
963,4
964
965
966,13
967,26
968,15
969
971,18
972,7
973,22
974,12
975,9
976,5
977,3
978,12
979,9
980,3
981,13
982,12
983,6
984
985,8
986
987,12
1481
987
988,13
989,16
990,7
991,9
992,9
993,7
994,2
995,7
996
997,15
998,3
999,4
1000,12
5097
1000
1001,5
1002
1003,6
1004,6
1005,13
1006,2
1007,15
1008
1009,3
1010,11
1011,12
1012,9
1013,11
1014,2
1015
1016,15
1017
1018,15
1019,15
1020,6
1021,11
1022
3175
1022,4
1023,7
1024,18
1025,3
1026
1027,10
1028,35
1029,14
1030,9
1031,7
1032
1033,22
1034,15
1035,7
1036,2
1037,3
1038,15
1039,2
3141
1039,27
1040,5
1041,8
1042,12
1043,11
1044,7
1045,9
1046,5
1047,9
1048,16
1049,16
1050,16
1051,5
1052,4
1053,4
1054,16
1055,18
1056
1057,21
1058,15
1059,4
1060,11
1061,18
1062
1063,14
1064,11
1065,10
1066
1067,9
1068,2
1069,12
1070,5
1071,5
1072,22
1073,19
1074
3678
1074,15
1075,8
1076,9
1077,18
1078,9
1079
1080
1414
1080,5
1081,11
1082,8
1083,8
1084,7
1085
1086,13
1087,2
1088,3
1089,12
1090,13
1091,8
1092,13
1093,14
1094,15
1095,10
1096,34
1097
1098,11
1099,6
1100,22
1101,7
1102,12
1103,6
1104,15
1105,2
1106,13
1107,16
1108,5
1109
1110,16
1111,12
1112,7
968
1112,6
1113,7
1114,15
1115,18
1116,16
1117
1118,4
1119
1120,8
1121,7
1122,8
1123,5
1124,13
1125,2
1126,13
1127,16
1128,9
1129,13
1130,19
1131,8
1132
1133,6
1134
1135,5
1136,14
1137,12
1138
1139,3
1140
1141,8
1142,2
1143,5
1144
1145
1146,14
1147,13
1148,11
1149,4
1954
1149,10
1150,2
1151
1152,13
1153,10
1154,6
1155,6
1156,12
2400
1156,5
1157,9
1158,18
1159,6
1160,9
1161,11
1162,19
1163,7
1164,3
1165,2
1166,9
1167,12
1168,14
1169
941
1169,11
1170,7
1171,7
1172,7
1173,22
1174,6
1175,2
3255
1175,8
1176,14
1177,4
1178
1179,22
1180,20
1181,4
1182,8
1183,10
1184,6
1185
1186,7
1187
1188,16
1189,8
1190
1191,15
1192,6
1193,8
1194,7
1195,15
1196,17
1197
1198,24
1199,14
1200,6
1201
1202,19
1203,2
1204,11
1205,12
1206,18
1207,3
354
1207,10
1208,5
1209
1210,12
1211,6
1212,6
1213
1214,6
1215,15
1216,16
1217,7
1218,19
1219,22
1220,2
1221,31
1222
1223,4
1224,3
1225,8
1226,6
1227,8
1228,16
1229,15
1230,3
1231,5
1232,15
1233,8
1234,8
1235,11
1236,3
1237,11
1238,3
1162
1238,2
1239,8
1240,22
1241
1242,7
1243,15
1244
1245,14
1246,6
196
1246,18
1247,18
1248,7
1249,9
1250,10
1251,3
1252,9
1253,11
1254,6
1255,12
1256
1257,4
3393
1257,14
1258,12
1259,8
1260,18
1261,7
1262,6
1263,6
1264,4
1265,4
1266,16
1267,16
1268,4
1269,19
1270,23
1271,6
1272
1273,11
1274,15
1275,5
1276,6
1277,16
1278,7
1279,14
1280,14
1281,5
1282,19
1283
1284,13
1285,6
1286,9
1287,11
1288
1289,7
1290,8
1291,11
1292
1293,6
1294
1295,12
1296,2
4388
1296,11
1297,11
1298,16
1299
1300,11
1301,9
1302,13
1303,24
1304,12
1305,8
1306,5
1307,21
1308,2
1309,8
1310
1311
1312,4
1313,10
2160
1313,3
1314,17
1315,17
1316,2
1317,12
1318,4
1319,7
1320,17
1321,9
1322,15
1323
4918
1323,14
1324,6
1325,11
1326,16
1327,10
1328,3
1329,6
1330,10
1331
1332,5
1333,7
1334,6
1335,4
1336,6
1337,18
1338,7
1339,2
1340,14
1341,13
1342
1343
1344,12
1345,4
1346,18
1347,14
1348,9
1349,9
1350,7
1351,7
1352,24
1353,6
2437
1353,11
1354
1355,2
322
1355,11
1356,3
1357,13
1358,15
1359,9
1360,17
1361
1362,22
1363,5
1364
1365,5
1366
1367,12
1368
1369,12
1370
1371,6
1372,2
1373
1374,8
1375,18
1376,15
1377
1378,17
1379,13
1380,19
1381,7
1382,13
1383,10
1384,12
1385,6
1386,3
1387,20
1388,7
1389
1390,16
1391,3
1392,10
1393,2
1260
1393,2
2037
1393,2
1394,13
1395
1396,5
1397,6
1398,5
1399
1400,8
1401,23
1402,16
2834
1402,2
1403,15
1404,2
1405,10
1406,17
1407,7
1408,16
1409,3
1410,21
1411,5
1412,8
1413,15
1414,8
1415,6
1416,8
1417
1418,3
1419,2
1420,12
1421,13
1422,8
5004
1422,3
1423,24
1424,8
1425,7
1426,18
1427,8
1428,8
1429,13
1430,7
1431,3
1432,20
1433,8
1434
1435
1436,5
1437,6
1438
1439,10
1440,12
1441,11
1442,22
1443,9
1444,17
1445
1446,6
1447,3
1448,19
1449,19
1450,10
1451,9
1452,10
1453
1454,8
1455,16
1456,25
1457,15
1458,10
1459,22
1460,8
1461,22
1462,14
1463,4
1464
1465,9
1466,4
1467,8
1468,10
1469,18
1470
1471,6
1472,11
1473,5
1474,13
1475,7
1476,2
1477,22
1478,10
1479,7
1480,14
1481,7
1482
1483,5
900
1483,10
1484,21
1485
1486
1487
1488
1489,17
1490,12
1491,15
1492,6
1493,5
1494,12
1495,7
1496,9
1497,4
1498,11
1499,6
1500,6
1501,6
1502,27
1503,9
1504,19
1505,4
1506,19
1507,16
1508,12
1509,5
3350
1509,2
1510,18
1511,20
1512,8
1513,9
1514,8
1515
1516,16
1517,23
1518,14
1519,21
1520,12
1521,12
1522,24
1077
1522,2
1523,2
1524,11
1525,8
1526,13
1527,23
1528,15
1529,15
1530,8
1531,14
1532,13
1533,5
1534,15
1535,13
1536,3
1537,14
1538,6
1539,2
1540,17
1541,7
2469
1541,8
1542,13
1543
1544,12
1545
1546,6
1547,17
1548,23
1549,8
1550
1551,8
1552,9
1553,19
1554
1555,20
1556
1557
1558,5
1559,13
1560,2
1561,3
1562,6
1563,4
1564,21
1565,10
1566,2
1567,4
1568,13
1569,14
2860
1569
1570,17
1571,20
1572,17
1573
1574
1575,11
1576,10
1577,5
1578,3
1579,6
1580,15
1581,12
1582,8
1583,8
1584
1585,3
1586,5
1587,2
1588
1589,9
1590,3
1591,24
1592,10
1593,22
1594,7
4545
1594,4
1595,16
1596
1597
1598,8
1599,9
1600,10
1601,9
1602,2
1603,7
1604,5
978
1604,17
1605,17
1606,16
1607,9
1608
1609,11
1610,9
1611,9
1612
3429
1612,21
1613
1614,7
1615,19
1616
1617,12
1618,16
1619,22
1620,17
1621,9
1622,13
1623,3
1624,26
1625
1626,5
1627,16
1628,11
1629,15
1630,3
1631,2
1632,14
1633,17
1634,4
1635,4
1636,15
1637,9
1638,7
1639,18
1640
838
1640,8
1641,5
1642
1643,4
1644,7
1645
1646,2
4830
1646,11
1647,20
1648,23
1649,15
1650,10
1651,3
1652,8
1653,10
1654,3
1655,8
1656,26
1657,16
1658,5
1659,17
1660,10
1661,8
1974
1661
1662,11
1663
1664,9
1665,9
1666,3
1667
1668,2
1669,9
1670
1671,21
4741
1671,11
1672
1673,2
1674,14
1675,18
1676
1677,10
1678
1679,3
1680
1681
1682,14
1683
1684,15
1685,18
1686,10
1687
1688,11
1689
1690,10
1691,36
1692,6
1693
1694,5
1695,9
1696,7
1697,7
1698,10
1699,12
1700,6
1701,18
1702,7
1703
1704,3
1705,6
4507
1706,17
1707,17
1708
1709,7
1710,9
1711,19
5608
1711,2
1712,13
1713,11
1714,13
1715,15
1716,24
1717,10
1718,11
1719,16
1720,5
1721,16
1722,11
1723,11
1724,8
1725,2
4336
1725,8
1726,20
1727,4
1728,6
1729,8
1730,7
1731,9
1732,12
1733,6
1734,16
1735
1736,6
1737,6
1738,9
1739
1740,15
1741,6
1742,7
1743,6
1744
1745,5
1746,11
1747,23
1748,6
3511
1748
1749,12
1750
1751
1752,5
1753,19
1754,9
1755,17
1756,7
1757,13
1758
1759,9
1760,6
1761,10
1762,6
1763,3
1764,20
1765,9
1766,11
1767,4
1768
1769,9
1770
1771,12
1772,23
1773,22
1774,17
1775
1776,26
1777
1778
1779,12
1780,8
1781,18
1782
1783,15
1784,5
3900
1784,15
1785
1786,2
5140
1786,10
1787,10
1788
1789,6
1790,3
1791,11
1792,5
1793,7
1794,12
1795,8
1796,13
1797,8
1798,20
1799,6
1800,3
1801,17
1802,14
1803,16
1804,15
1805,34
1806,7
1807,23
1808,8
1809,8
1810,7
1811,20
1812,11
1813
1814,7
1815,10
1816,18
1817,13
1818,24
1819,15
1820,3
1821,11
1822,21
1823,6
1824,8
1504
1824,14
1825,23
1826,12
1827,8
1828
1829,3
1830,12
1831,9
1832,11
1833
1834,7
1835,17
1836,17
1837,4
1838,16
1839,6
1840,16
1841
1842,21
1843,14
1844,11
1845,8
1846,22
1847,22
1848,2
1849,5
1850,15
1851,20
1852
1853,8
1854,6
1250
1854,15
1855
1856
5832
1856,13
1857,2
4473
1857,8
1858,14
1859,4
1860,20
1861,9
1862,3
1863,15
1864,9
1865,4
1866,13
1867,4
1868,5
1869,14
1870,4
1871,12
1872,29
1873,17
1874,21
1875,14
1876,11
1877,11
1878,25
1879,6
1880,14
1881,21
1882,2
1883,2
1884,6
1885,6
1886,9
1887,12
1888,9
1889,2
1890,8
1891,9
1892,9
1893,20
1894
1895,24
1896,14
1897,5
1898,31
1899,3
1900
1901,7
1902,24
1903,3
1904,5
1905,6
1906,14
1907
1908,4
1909,2
1910
1911,5
1912,8
1913,4
1914
1915
1916,5
1917,17
1918,5
2386
1918,7
1919,8
3076
1919,7
1920,8
1921
1922,14
1923,7
1924,19
1925,11
1926,8
1927,14
1928,2
1929
1930,28
1931,14
1932
1933,9
1934,11
1935,6
1936,4
4186
1936,4
1937,9
1938,20
1939,4
1940,11
1941,8
1942
1943,10
1944,23
1945,25
1947,13
1948,16
1949,13
1950,14
1951,10
1952,3
1953,7
1954,14
1955,16
1956,11
1957
1958,6
296
1958,16
1959,5
1960,20
1961,17
1962,10
1963,7
1964,12
1965,13
1966
1967,14
1968,10
2746
1968,6
1969,15
1970,9
1971,10
1972,27
1973,7
1974,5
1975,2
1976,18
1977,17
1978,12
1979,3
1980
1981
1982,7
1983,3
487
1983,16
1984
1985,22
1986,18
1987,2
1988,4
1989,28
1990,19
1991,19
1992,14
323
1992,8
1993
1994,12
1995
1996,5
1997,8
1998,9
1999,2
2000,5
2001,6
2002,14
2003,4
2004,6
2005,8
2006
2007,12
2008
2009
2010,36
2011,9
2012,18
2013,18
2014,6
2015,22
2016,20
2017,13
2018,17
2019
2020
2021,15
2022,9
2023,9
2024,6
2025,13
2026,18
2027,13
2028,8
2029,9
2030
2031,10
2032,28
2033,21
2034,7
2035,21
4467
2035,2
2036,3
2037,13
2038,10
2039,8
2040,13
2041,5
2042,14
2043,3
2044,11
2045
2046,10
2047,12
2048,10
2049
1572
2050,15
2051,5
2052
2053,2
2054,16
2055
2056,2
2057,3
2058
2059,19
2060,13
2061
2062,7
2063
2064,18
2065,3
2066,27
2067,18
2068,10
2069,9
2070,30
5457
2070,2
2071,4
2072,7
2073,10
2074,13
2075
2076
2077
2078,21
2079,7
2080,5
2081,9
2082,5
2083,10
2084,9
2085,17
2086
241
2086,8
2087,13
2088,6
2089,11
2090,9
2091,5
2092,3
2093,16
2094,20
2095,3
2096,5
2097,5
2098,14
2099
2100,5
677
2100,4
2101,14
2102,18
2103,10
2104,4
2105,2
2106,9
2107,22
2108,13
2109,16
2110,4
2111,28
2112,3
2113,7
2114,15
2115,15
2116,20
2117,10
2118,10
2119,6
2120,6
2121,20
2122,7
2123,24
2124,9
2125,23
2126,7
2127,23
2128,7
2129,12
2130,12
2131,12
2132,9
2133
2134,14
2135,4
2136
2137,17
2138,9
2139,4
2140,7
2141,8
2142,8
2143,8
2144,12
2145,8
2146
2147,25
2148,14
2149,7
2150,22
2151,2
2152,2
2153,5
4335
2153,2
2154,4
2155,10
2156,14
2157,7
2158,3
2159,14
2520
2159,12
2160,13
2161,10
2162
2163,11
2164,11
2165
2166,11
2167
2168,2
2169,4
2170,2
2171,8
2172,8
2173,18
2174,4
2175,14
2176,7
2177
2178,15
2179,16
4156
2179,23
2180,13
4212
2180
2181,5
2182
2183,29
2184
2185,3
2186,13
2187,6
1098
2187,13
2188
2189,6
2190,12
2191,5
2192,11
2193,12
2194,5
2195,11
2196,5
2197,15
2198
2199
2200,19
2201
2202,5
2203,7
2204,16
2205,14
1184
2205,9
2206
2207
2208,27
2209,7
2210,36
2211,26
2212,10
2213,2
1497
2213,10
2214,2
2215,6
3361
2215,5
2216,8
2217,6
2218,8
2219,3
75
2219,12
2220,3
2221,11
2222,3
2223
2224,10
2225,15
1781
2225,2
2226,2
2227,12
2228,4
2229
2230,9
2231
2232,7
2233,7
2234,12
2235,7
2236
2237,20
2238,7
2239,8
2240,8
2241,6
2242,19
2243,2
4180
2243,16
2244,2
2245
2246,9
2247,7
2248,7
2249
2250,4
2251,19
2252,9
2253,27
2254,14
2255
2256
2257,8
2258,16
2259,2
2260,7
2261,13
2262,8
2263,11
5284
2263,7
2264,7
2265,13
2266,22
2267,5
1147
2267,2
2268,19
4501
2268,5
2269,4
3282
2269
2270,8
2271,22
2272,5
2273,23
2274,7
2275
2276,11
3808
2276
2277,14
2278
2279,8
2280,4
2281,13
2282,12
2283,13
2284
5685
2284,25
2285,16
2286,5
2287,9
2288,10
2289,20
2290,8
2291,22
2292,3
2293,10
2294,10
2295,17
2296,4
2297,8
2298,5
2299
2300,9
2301,3
2302,18
2303,7
2304,13
2305,7
2306
2307,2
2308,19
2309,6
2310,8
2311,11
2312,17
2313,11
2314,8
2315,16
2316,13
2317,17
2318,12
2319,5
2320,4
2321,6
2322,9
4318
2322,2
2323,4
2324,9
2325,13
2326,13
1581
2326,9
2327,3
2328,11
2329
2330,4
2331,9
2332,8
2333
2334,11
2335
2336,5
2337,7
2338,11
2339,2
2340
2341,17
2342,5
2343,8
2344,6
2345
2346,13
1347
2347
2348,4
2349,13
2350
2351,14
2352,9
2353,9
3639
2353,3
2354,5
2355,11
2356
2357,12
2358,9
2359,4
2360
2361,13
2362,7
2363,5
2364,13
2365,6
2366,9
2367,7
2368,5
2369,26
2370
2371,2
2372,16
2373,10
3981
2373,5
2374,9
2375,14
2376,8
2377,12
5438
2377,11
2378,4
2379
2380,11
2381,11
2382,5
1876
2382,10
2383,5
5842
2383,5
2384,25
2385
2386,11
3081
2386,23
2387
2388,5
2834
2389,5
2390,22
2391,15
2392,3
2841
2392,8
2393,15
6369
2393,8
2394,22
2395,5
2396,9
2397,3
2398,5
2399,9
2400,8
2401,21
2402,8
2403,15
2404
2405,2
2406,19
2407,8
2408
2409,5
2410,15
2411,4
2412
2413,13
2414
2415,10
2416,20
2417,3
2418,4
2419,16
2420,6
2421,23
2422
2423,16
2424,8
2425,17
2644
2425,6
2426,10
2427,4
3308
2427,10
2428
2429,19
2430,30
2431,8
2432,10
2433,10
2434,19
2435,12
2436,24
2437,7
2438,18
2439,3
2440,8
2441
2442,7
5997
2442,7
2443,17
2444,18
2445,39
2446,5
2447,4
6000
2447
2448,3
2449,8
2450,9
2451,6
2452,6
2453,14
4846
2453,6
2454,3
2455
2456,14
2457,14
2458,19
2459,6
2460
2461,19
2462,4
2463,9
2464,2
2465
2466
2778
2466,7
24
2467,12
2468,8
2469,31
2470,17
2471,5
2472,8
2473,10
2474,14
2475,6
2476,12
2923
2476,2
2477,5
2478,13
2479,5
2480,6
2481
2482,5
2483,8
2484,20
2485,8
2486,13
2487,3
2488,4
2489,6
2490,7
2491,9
2492
2493,8
2494
2495,18
2496,12
2497,4
2498,17
2499,13
2500,7
2501
2502,13
2503,6
2504,2
6257
2504,13
2505,2
2506,14
2507,18
2508,8
2509,6
2510,11
2511,12
2512,9
2513
2514,12
2515,11
2516,12
6262
2516,3
2517,8
2518,10
545
2518,7
2519,10
2520,19
2521,14
2522,19
2523,22
2524
2525
2526,3
2527,12
2528,9
2529,4
2530,12
920
2530,7
2531,4
2532,5
2533
2534,12
2535,13
5706
2535,2
2536
6585
2536,11
2537,3
2538
2539
2540,5
2541,8
2542
2543,12
2544,2
2545,5
3007
2545,4
2546,8
2547,27
2548
2549,11
2550
2551,9
2552,7
4525
2552,8
2553,7
2554,4
5002
2554,26
2555,18
2556
3917
2556,16
2557,10
2558
2559
2560,7
2561,4
2562,8
2563
2564
2565,10
2566,15
2567,12
2568
2569,15
2570
2571,15
2572,7
2573,16
2574,5
2575,6
2576,6
2577,23
2578,8
2579,20
2580
2581,10
2582,12
2583,13
2584,3
2585
2586,7
2587,5
993
2587,15
2588
2589,23
2590,5
1179
2590,10
2591,8
2592,8
2593,5
1723
2593,6
2859
2594,16
2595,9
2596,2
2597,10
2598,3
2599,9
2600,14
2601
2602,12
2603,9
2604,10
2605,14
2606
2607,16
2608,9
2609
2610
2611,3
2612,12
2613,11
2614
2615,4
2616,3
2617,19
2618,9
2619,4
2620,8
2621,14
2622,10
2623,10
2624,12
2625,22
2626,12
2627,8
666
2627
2628
2629,7
2630,4
2631,5
2632,10
2633,25
2634,8
2635,8
2636,7
2637,13
2638,15
2639,17
2640,11
2641,11
2642,11
2643
2644,13
2645,9
2646
2647,13
2648
2649,11
2650,7
2651,6
2652,7
2653,23
2654,7
2655,9
2656,14
2657,6
2658,13
2659,11
2660,18
2661,5
4136
2661,5
2662,9
2663,7
2664,10
2665,16
2666,13
2667,3
2668,13
2669,6
2670,4
2671,2
2672,15
2673,10
2674,10
2675,24
2676,8
2677,7
2678,8
2679,8
2680,9
2681,6
2682
2683,13
2684
2685,9
2686,15
2687,2
2688,2
2689,17
2690,3
3466
2690,4
2691,5
2692,11
4027
2692,2
2693,16
2694,7
2695,16
2696
2697,9
2698
2699,13
2700,6
2701
2702,11
2703,8
2704,3
5695
2704,5
1240
2704,16
2705,9
2706,2
2707,13
2708,18
2709,7
2710
2711,16
2712,4
2713,11
2714,18
2715,5
2716,15
2717,5
2718,7
2719,7
2720,8
2721,17
2722,29
2723,7
2724
2725,9
2726,7
2727,16
2728,13
2729,7
2730,11
2731
2732
2733,22
2734,2
2735,7
2736,16
2737
2738,6
5676
2738,9
2739
2740,11
2741,17
2742,16
2743,6
2744,10
2745,8
2746,8
1011
2746,13
2747,19
2748,8
2749,20
2750,6
2751,18
2752,7
2753,28
2754,8
2755,7
2756,15
1240
2756,5
2757,16
2758,16
2759,14
6337
2759
2760,16
2761,14
2762,14
2763,18
2764,7
2765,7
2766,16
2767,9
2768
2769,10
2770,2
2771,4
2772,17
2773,7
2774,6
2775,13
2776,22
2777,31
2778,10
2779,12
2780,4
2781
2782
2783,5
2784,19
2785,8
2786,6
2787,25
2788,14
2789,17
2790,6
2791,6
2792,16
932
2792,10
2793,10
2794,25
2795,17
6299
2795,3
2796,8
2797,21
2798,19
2799,11
2800,7
2801
2802,4
2803,6
2804,17
2805,8
2806,8
2807
2808,7
2809,2
4665
2809,21
2810,5
2811,19
2812,9
2813,11
2814,8
2815,6
2816
6131
2816,6
2817,12
2818,24
2819,6
2820,13
2821,17
2822,5
2823,5
2824,7
2825,7
2826
2827,18
2828,20
2829,12
2830,7
2831,3
2832,16
2833,14
2834,14
2835,7
2963
2835
2836,17
2837,13
2838,5
2839,2
2840,14
2841,9
2842
2843,3
2844,10
2845,5
2846,7
2847,4
6619
2847,5
2848,5
2849,5
2850
2851,7
2852,4
2853,11
2854,10
2855,9
2856,3
2857,5
2858,10
2859,12
2860,34
2861
2862,20
2863,16
2864,16
2865,6
6459
2865,3
2866,9
2867,9
2868,6
2869,2
1326
2869,11
2870,12
2871,24
2872,10
2873
3319
2874,2
2875,10
2876,7
2877,5
2878,5
2879,3
2880,16
2881,7
2882,14
2883,7
2884,16
2885,11
2886,18
2887,14
2888,5
2747
2888,10
2889,5
2890
2891,14
2892,12
2893,13
2894,14
2895,8
2896,14
2897,6
2898,3
6913
2898,15
2899,8
2900,7
2901,13
2902,8
2903,9
2904,11
2905,2
2906,12
2907,12
2908,7
2909,11
2910,19
2911,14
2912,3
2913,9
2914,12
2915,4
2916,5
2917,23
2918,2
2919,8
2920,15
2921
2922,18
2923,18
2924,14
2925
2926,24
2927,10
3727
2927,13
2928,15
2929,6
2930,7
2931,6
2932
2933,22
2934
2935,9
2936
2937,14
2938
2939,13
2940,19
2941,21
2942,14
2943,9
2944,12
4787
2944
2945,8
2946,11
2947,3
2948
2949
2950,10
2951,9
2952,18
2953
2954
2955,11
2956,12
2957,20
2958,24
2959,7
2960,5
2961,41
2962,13
2963
2964,2
2965,9
2966,9
2967,9
2968,9
2969,3
2970,13
2971,20
2972
2973,8
6535
2973,9
2974,7
2975,7
2976,7
2977,7
2978,7
2979,14
2980,10
2981,20
2982,8
2983,4
2984,6
2985,3
6798
2985,16
2986,19
2987,5
2988,12
2989
2990,18
2991
2992,9
2993,4
2994,3
151
2994,5
2995
1374
2995,5
6663
2995,2
2996,3
6986
2996,18
2997,8
2998,24
2999,3
575
2999,10
3000,9
3001
3002
3003,4
3004,9
3005,6
3006,5
3007,21
3008,3
3009,28
3010,8
3011,12
3012,10
3013,20
3014,16
3015,5
3016,24
3017,4
1843
3017,3
3018,15
3019,6
3020,28
3021,15
3022,18
3371
3022,9
3023,17
3024,10
4654
3024,6
3025,11
3026,9
3027,3
3028,10
3029,12
3030,7
3031,15
3032,6
3033,16
3034,6
3035,17
3036,10
3037
3038,19
3039,8
3040,10
3041,10
3042
3043,11
3044
3045,10
3046,12
1080
3046,6
3047,14
3048,38
3049,6
3050,5
3051,14
3052,6
3053,13
3054,9
3055,4
3056,9
4365
3056,15
3057,14
3058,4
3059,20
3060,7
3061,12
3062,8
3063,5
3064,3
3065,8
3066,11
3067,6
3068
3069,17
3070,9
3071,9
3072,2
3073,3
3074
3075,16
3076,4
4492
3076,10
3077,6
3078,5
3079,8
3080,5
3081,20
6086
3082,9
3083,13
3084,9
3085
3086,16
3087,14
3088,9
3089,18
3090,11
3091,5
3092,7
3971
3092,3
3093,11
3094,2
3095
3096,9
3097,15
3098,13
3099,6
3100,7
3831
3100,6
3101,19
3102,7
3103,15
3104,17
13
3104,2
3105,13
3106,9
3107,16
3108,4
3109,5
3110,5
3111,4
3112,15
3113
3114,13
3115
970
3115,8
3116,8
1242
3116,5
3117,14
1090
3117
3118,15
3119,7
3120
3121,15
7021
3122,17
3123,6
3124,12
3125,9
3126,3
3127,12
3128,4
3129,11
3130
3131,4
3132,15
3133,7
3134,3
3135,11
3136
3137,11
3138,14
3139,13
3140,5
3141,18
3142,23
3143,7
3144,10
3145,5
3146
3147
5427
3148,12
3149,5
3150,3
3151,19
3152,11
3153,13
6884
3153,6
3154,20
3155,7
3156,6
3157,11
3158,7
3159
3160,10
3161,9
3162,8
1991
3162,12
3163,13
3164,4
3165,25
3166,2
3233
3166,11
3167
3168
3169,3
3170,14
3171,12
3172,7
3173,10
1355
3173,7
3174,5
3175,14
3176,10
3177
3178,9
5066
3178,3
3179,6
3180,7
6947
5376
3181,8
3182,6
3183,8
3184,16
3185,22
5619
3185
3186,15
3187,7
3188,9
3189,15
3190,6
3191,7
3192,16
3193,13
3194,8
3195,15
3196,13
3197,18
3198,11
3199,16
3200,9
3201,22
3202,4
4239
3202,14
3203
3204,5
3205,6
3206,8
3207,11
3208,7
3209,4
3210,9
3211,4
3212,9
3213,24
3214,12
3215,9
3216,16
3217,6
3218,5
3219,3
3220
3221,4
4322
3221,16
3222,9
3223,13
3224,10
3225,20
3226,2
3227,19
3228,11
3229,9
3230,3
3231,22
3232,8
3233,12
3234
3235,6
3236,5
3237,11
3238,3
3239,14
3240,13
3241,6
3242,30
3243
3244,15
3245,15
3246,14
3247,2
3248,7
3249,14
3250,13
3251,13
3252,7
3253,9
3254,21
3255,17
3256,13
3257,4
2473
3257,12
3258,5
3259,6
3260,3
3261,4
6635
3261,14
5407
3261
3262
3263,13
3264,12
3265,9
3266,13
3267,13
3268,8
3269,8
3270,4
3271,23
3272,8
269
3272,2
3273,11
3081
3273,3
3274,7
3275,12
3276,15
3277,4
3278,5
3279,21
3280,9
3281,12
3282,23
574
3282,3
3283,9
3284,7
3285
1217
3285,2
3286,4
3287,8
3288,8
3289,15
3290,20
3291,19
3292,12
3293
3294,8
3295,13
3296,9
3297,4
3298,17
3299,14
3300,3
3301,15
3302,8
3303,9
3304,2
3305,10
3306,4
3307,7
3308,7
3309,17
3310,11
3311,8
3312,4
3313,6
3314,14
3315,3
3316,12
3317,22
3318,12
3319,22
3320,10
3321,9
3322,9
3323
3324,32
3325,3
3505
3325,4
3326,6
3327
3328,9
3329,16
3330,9
3331,3
3332,16
3333,35
3334,7
3335,5
3336,24
3337
3338
3339,16
3340
3341,22
3342,5
3343,9
3344,17
3345
3346,17
3347,5
3348,17
3349,6
3350,9
3351,8
4276
3351,15
3352,2
3353
3354,28
3355,8
3356,12
3357,9
3358,13
3359,3
3360,15
3361,10
3362,3
3363,26
3364,13
579
3364,6
3365,5
3366,6
3223
3366,15
3367,12
3368,14
5387
3368,14
5772
3368,4
3369,4
3370,8
3371,18
3372,4
3373,18
3374,7
3375,5
3376,7
3377,21
3378,12
6981
3378
3379,2
3380,14
3381
3382,21
3383,2
1972
3383,6
3384,3
3385,4
3386,6
3387,6
3388,7
3389,20
3390,11
3391,7
3392,5
3393,30
3394,13
3395,4
3396,10
3397,20
3398,13
3399
1528
3399,9
3400,14
3401
3402,5
3403,5
3404,7
6098
3405,2
177
3405,14
3406,18
3407,5
3408,2
4974
3408,7
2051
3408,11
3409,8
3410,20
3411
3412,6
3413
3414,8
3415,8
3872
3415,3
3416,6
3417,7
3418,11
3419,2
3420,31
3421,6
3422,25
3423,9
3424,11
3425,9
3426,6
3427,17
3428,12
3429,20
3430,3
6959
3431,18
3432,22
3433,8
3434,4
3435
3436,8
3437,2
3438
3439,5
3440,6
3441,16
3442,11
3443,7
3444,8
3445,7
3446,6
3447,16
3448,10
3449,9
3450,11
3451
3452,7
5195
3452
3453,17
3454,12
3455,15
3456,13
3457,6
3458,9
3459,6
3460,13
3461,15
3462,22
3463,21
3464,9
3465,14
3466,11
3467,4
790
3467,7
3468,14
3469,13
6931
3469,5
3470
3471,12
3472,2
3473
3474
3475,6
3476,8
3477,5
4550
3477,16
3478
3479,17
3480,9
3481,5
3482,13
926
3483,5
468
3483,20
3484,11
3485,19
3486,7
3487
3488
3489,2
3490,4
3491,5
3492,4
3493
3494,30
3495,12
3496,13
3497,8
3498,8
3499
3500,9
3501,7
3502,9
3503,15
3504,19
3505,10
3506,17
3507,2
3508,5
3509,9
3510,15
3511,21
455
3511,2
3512,2
66
3512,17
3513,3
3514,32
3515,5
3516,19
3517,4
3518,15
3519,5
3520
3521,17
3522,14
3523,15
3524,10
3525,25
3526,5
3527,2
3528,31
3529
3530
3531
3532,11
3533,4
7504
3533,8
3534,10
3535,11
3536,10
3101
3536
3537,4
3538,2
3539
3540
3541,4
3542
3543,5
691
3543,6
3544
3545
3546,8
3547,12
3548,7
3549,4
3550,10
3551,11
3552,10
3553,11
3554,6
3555,5
3556
3557,2
6120
3557,7
3558,19
3559,4
3560,2
3561,6
3562,19
3563,8
3564,17
3565,11
6061
3565,11
3566,12
3567,12
3568
3569,4
3570,3
3571,10
3572
3573,14
3574,7
3575,2
3576,7
3577,14
3578,28
3579
3580,25
3581
3582,6
3583,13
3584,8
3585,14
3586,6
3587,30
3588,10
5819
3589,8
6563
3589,20
3590
3591,16
3592,7
3593,8
3594,3
2534
3594
3595,6
3596,21
3597,10
3598,5
3599,15
3600
3601,5
3602,18
3603
3604,15
3605,7
3606,7
3524
3606,7
3607
3608,7
3609,7
3610,3
3611,3
3612,3
3613,8
3614,15
3615,13
4541
3615
3616,13
1946
3616,5
3617,26
3618,26
3619,7
3620,4
3621
3622,18
3623,9
3624,7
3625,9
3626,7
3627,7
3628,9
3629,9
5741
3630,5
3631,9
3632,17
3633,9
3634,13
3635
3636
3637,6
3638,15
3639,5
3640,16
3641,7
3642,8
3643,7
3644,2
3645
3646,16
3647,5
3648,20
3649,7
3650,12
90
3650,9
3651,9
3652,3
3653,10
3654,12
3655,9
3656,12
3657,8
3658,4
3659,5
3660,8
3661,7
3662,16
3663,8
3664,10
3665,10
3666,3
3667,9
3668,14
3669,18
3670,9
3671,6
3672,15
3519
3672
758
3672,6
3673,7
3674,3
6760
3675,6
3676,6
3162
3676,11
3677,4
3678,10
3679,19
3680,10
3681,12
3682
3683
3684,4
3685
3686,16
3687,8
3688,24
3689,7
3690,16
7228
3690,11
3691,15
3692,6
3693
3694,12
6968
3694,3
3695,4
3696,6
3697,8
3698,13
3699,13
3700,15
3701,14
3702,9
3703,14
3704
3705,6
3706
3707,9
3708,8
1752
3708,7
3709,13
3710,6
3711,15
3712,7
3713,5
3714
3715,6
3716,5
3717
3718,2
3719
3720,18
2541
3720,4
3721
3722,12
3723,10
3724,8
3725,25
3726,5
3727,4
3728,5
3729,2
3730,14
3731,9
3732,3
3733,5
3734,12
3735
3736,6
3737,4
3738,5
6939
3738,7
3739,17
3740,5
3741,8
1077
3741,2
3742,9
3743,9
3744,2
1492
3744,6
3745,12
3746,17
3747,13
3748,5
4429
3748
3749,5
3750,6
3751,16
3752,11
3753,10
3754,6
4025
3754,20
3755,12
3756,12
3757,7
3758,10
3759,3
3760,7
3761,9
3762,14
3763
3764,11
3765,5
3766,5
3767,13
3768,11
3769,6
3770,3
3771,17
3772
3773
3774
3775,27
178
3775
3776,4
3777,9
3778,18
5437
3778,13
3779,14
3780,23
3781,4
3782,7
3783,6
3784
1398
3784,9
3785,5
3786
3787,3
3788
3789,4
325
3789,10
3790,11
3791,6
3792,19
1843
3792
3793
3794,17
3795,22
3796,17
3797,21
3798,3
3799,13
3800,9
3801,8
3802,7
3803
3804,6
3805,9
3806,9
3807,7
3808,20
3809
3810
3811,11
3812
3813,7
3814,11
3815,8
3816,8
3817,9
3818,6
3819,9
3820,10
3821
3822,9
3823,9
3824,9
3825,3
3826
3827,7
3828
3829,11
3830,17
3831,34
3832,16
3833,10
3834,4
3117
3834,2
3835,9
3836,13
3837,16
3838,12
3839,18
3840,21
3841,5
3842
3843,11
3844,8
3845,17
3846,9
3847,7
3848,5
3849,4
3850,3
3851,8
3852,4
3853,6
483
3853,10
3854,13
3855,8
3856
3857,11
3858
3859
3860,5
363
3860,2
1429
3860,8
3861,3
3862,24
3863,13
3864,5
3865,6
3866,6
3867,5
3868,17
3869,2
3870,5
3871,16
3872,12
7474
3872,7
3873,11
3874
3875,8
3876,2
3877
3878,2
3879,5
3880,30
3881
3882,13
3883,15
3884,9
3885,7
3886,5
3887,7
3888,14
3889,5
3890,4
3891
3892,8
3893,7
3894,12
3895,6
4279
3895,9
3896,4
3897,11
3898,7
973
3898,8
3899,27
3900,28
3901,8
3902,26
3903,14
3904,6
2239
3904,2
3905
7395
3905,11
3906,4
2716
3906,2
3907,13
3908,6
2996
3908,2
2956
3908,9
3909,6
3910,2
3911,13
3912,14
3913,9
3914,13
3915,6
3916
3917,5
3918,8
3919,21
3920,15
3921
3922,17
3923,12
3924,9
3925,3
3926,11
3927,2
2179
3927,16
3928
3929
3930,2
1112
3930,7
3931,31
3932
4395
3932,8
3933,17
3934,16
3935,7
3936,18
3937,11
57
3937,5
3938,14
3939,5
3940,16
3941,4
3942,7
101
3942,11
3943,2
3944,5
3945,9
3946,10
3947,2
3948,8
3949,8
3950,6
3951,10
6853
3951,2
3952,14
3953,8
3954,14
3955,11
3956,30
3957,8
3958,3
3959,15
3960
3961,4
3962,12
3963,15
3964
3965,13
3966
3967,16
3968,9
3969,13
3970,7
3971,17
3972,6
3973
3896
3973,7
3974,12
3833
3974,8
3975,16
3976,7
3977,4
3978,2
3979,6
3980,11
3981,5
3982,10
3983,6
3984
3985,13
3986,3
7345
3986,12
3987,8
3988,11
3989
3990,22
3991,11
3992,15
3993,15
3994,14
3995,20
3996,13
3997,11
3998,5
3999,15
5919
3999,4
4000,4
4001,4
4002,8
4003,10
4004,8
4005,14
4006,16
4007,26
4008,5
4009,8
4010,9
4011,19
4012,9
4013,2
358
4013,11
4014,6
7525
4014,7
4015,7
4016,9
4017,14
1293
4018,3
4019,8
4020,2
5366
4020,13
4021,6
4022,7
1478
4022,9
4023
4621
4023,9
5863
4023,3
4024,4
4025,19
6132
4025,2
4026,12
4027,6
4028,5
4029,9
4030,21
4031,16
4032,25
4033
4034,14
4035,6
4036,6
4037,6
3604
4037,11
4038,3
4039,12
4040,6
4041,13
4042,8
4043,13
4044,2
350
4045,9
4046,7
4047,8
4048,9
4049,13
4050,3
4051
4052,7
4053,5
4054,2
4055,16
4056,6
4057,9
4058,11
4059,11
4060,3
4061,8
4062
4063,30
4064,10
4065,10
2945
4065,3
4066,8
4067,9
4068,11
4069,2
4070,19
4071,21
4072,16
4073,5
4074,12
4075,13
4076
4077,13
4078,4
4079
4080
4081,6
4082
4083,16
4084,2
4085,23
4086
4087
4088,12
6598
4088,13
4089,15
4090,14
4091,14
4092,2
7619
4092,12
4093,10
4094,8
4095,7
4096,2
4097,5
4098,6
4099,5
4100
4101,11
4102,13
4103,6
4104,20
4105,5
4106,2
4107,2
4108,12
4109,8
4110,10
4111,9
4112,6
1851
4112,2
4113,5
4114,13
4115,9
4116,13
4117,18
4118,4
4119,18
4120,10
4121,9
4122,5
4123,21
6861
4123
4124,5
4125,7
4126,5
4127,9
4128,11
4129,9
4130,12
4131,7
4132,14
4133
4134,14
4135,9
4136,14
4137,11
4138,10
4139,14
4140
4141,6
4142,7
4143
4144,2
4145,18
4146,8
4147,13
4148,5
4149,21
4150,14
4151,21
4152,9
4153,17
4154,7
4155,16
4156,6
5609
4156
4157
4158
4159,6
4160
4161
4162,9
4163,12
7501
4163
4164,5
4165
4166,7
4167
4166,3
4167,7
4168,18
4169,14
4170,9
4171,11
4172,4
3985
4172,4
4173,8
4174,14
4175,7
4176,7
4177,3
4178,9
4179,9
4180,18
4181,6
4182,15
4183,24
7997
4183
4184,3
4185,6
4186,18
2352
4186,4
4187,16
4188,6
4189,7
4190,12
4191
4192,13
4193,12
4194
4195
4196,11
4197,3
4198,25
4199,2
4200,17
4201,5
959
4202,5
4203,8
4204,21
4205,3
5702
4206,13
4207,3
4208,3
4209,6
4210,8
4211,12
5268
4211
4212,10
5086
4213
4214
4215,8
4216,7
4217,8
2834
4218,14
4219,7
4220,9
4221,17
4222,7
4223,15
4224,5
4225
4226,12
4227,14
4228
4229,3
4230
4231,10
4232,9
4233,17
4853
4233
4234
1748
4234,9
4235,8
4236,5
4237,16
4238,16
4239,24
4240,4
4241,3
4242,11
4243
4244,9
4245,8
4246,16
4247,3
7901
4247,10
3546
4247,6
4248,2
4249,19
4250,4
4777
4250,9
4251,8
4252,3
4253,16
4254,13
4255,16
4256,10
4257,24
4258,18
4259,9
4260,8
4261,10
4262,5
4263,4
4264,10
4265,4
4266,17
4267,26
4268,2
4269,12
4270,26
4271,9
4272
4273,2
4274,4
4275,27
4276,16
4277,15
4278,14
4787
4278,14
4279,7
4280,9
4281
3615
4281,9
4282,3
4283
4284,22
4285,6
4286,14
4287,24
4288,6
4289
4290,12
4291,17
4292,10
4293,5
4294,20
4295,8
4296,13
4297
4298,7
4299,17
4300,2
4301,8
4302,13
4303,23
4304,12
4305,21
4306
2658
4306,8
4307,16
4308,7
4309,8
4310,5
4311,15
4312,2
4313,27
4314,12
4315,8
4316,10
5264
4316
4317,16
4318,2
4319
4320,6
4321,25
7820
4321
4322,16
4323,6
4324,16
4325,2
4326,15
4327,3
4328
4329
4330,7
4331,4
4332,12
4333,6
4334,10
4335,15
4336,7
4337,5
4338,14
4339,14
4340,14
4341,16
4342,9
4343,10
4344,18
4345
4346,9
4347
4348
4349,11
4350,15
4351,8
4352,14
4353,6
4354
1875
4355
4356,14
4357,9
4358,19
4359,10
4360,4
4361,6
4362
4363,16
4364,5
3973
4364,13
4365,17
4366,15
4367,16
4368,23
4369,9
4370,7
4371,17
4372
4373,22
4374,10
4375,12
4376,6
4377,10
4378,7
4379,11
4380,4
4381,4
4382,6
4383,25
4384,2
4385,12
4386,5
4387,12
4388,7
4389,3
4390,9
4391,9
4392,7
2153
4392,8
4393,9
4394,22
4395,18
4396,6
4397,7
4398,12
4399,9
4400
4401,9
4402,16
4403,10
4404,8
4405,19
4406,3
4407,8
4408,24
4409,5
4410,15
4411,4
4412,10
4413,4
4414
4415,18
4416,8
4417
4418,6
4419
4420,6
4421
4422,8
4423,35
4424
4425,8
4426,26
4427,7
4428,5
1732
4428,3
4429,8
4430
4431
4432,5
4433,3
4434,9
4435,11
4436,8
4437,3
627
4437,17
4438,5
4439
4440,6
4441,3
4442,19
4443,2
4444,35
4445,10
4446,3
4447,9
4448
4449,17
939
4449,2
4450,3
4451,7
4452,6
7568
4452
3223
4452,15
4453,5
4454,9
4455,17
4456,10
4457,8
4458,7
4459,3
4460,5
4461,16
4462,7
4463,15
4464,9
4465,15
4466,10
4467,33
4468,14
4469,8
4470,3
5667
4470
4471,4
4472
5803
4472,9
4866
4472,4
4473,12
4474,14
4475,6
4476,7
8019
4476,15
4477,16
4478,14
4479,6
4480,9
4481,12
4482,7
4483,7
4484,7
4485,9
8012
4485,9
4486,8
4487,11
4488
4489,16
6046
4489,5
4490,4
4491,11
4492,15
4493
4494,9
4495,20
4496
4497,3
2860
4497,8
4498
4499,18
4500,16
4501,13
4502,2
4503,5
4504,9
4505,21
4506,6
4507,17
4508,19
4509,22
4510,9
4511,18
4512,12
4513,3
4514,7
4515,11
4516,7
4517,8
4518
4519,8
7700
4520,8
4307
4520
4521,11
4522,9
5912
4522,9
4523,22
4524,4
4525,11
4526,4
4527,12
4528,10
4529,8
4530,2
4531,19
4532,3
4533,20
4534,18
4535,5
4536
4537,20
4538,22
4539,8
663
4539,15
4540,11
4541,7
4542,2
5167
4542,7
4543,9
4544,16
4545,11
6345
4545,3
4546,9
4547,12
4548,5
4549
4550,7
4551,3
4552,20
4553,11
4554,3
4555
4556
4557,23
4558,9
4559,14
4560,4
4561,30
4562
4563,10
4564,7
4565,13
4566,11
4567,18
4568,6
4569
4570
4571,15
4572,12
4573,3
6513
4573,3
4574,7
4575
4576,7
4577,8
4578,10
4579,10
4580,15
4581,15
4582,5
4583,18
4584,11
6259
4584
4585,15
4586,10
3226
4586,4
4587,2
4588,20
4589,15
4590,21
4591
4592,16
4593,22
4594,17
4595,26
4596,4
673
4596,13
1892
4596,4
4597,2
4598,2
2067
6757
4598,16
4599,12
4600,5
4601,15
4602,13
4603
4604,6
4605
4606,21
4607,5
4608
4609,22
4610,8
4611,11
4612,7
4613,14
4614,8
4615,9
4616
4617,16
4618,19
4619,13
4620
4621,27
4622,3
4623,15
4624,2
4625,17
4626,3
4627,8
4628,2
4629,10
4630,2
4631,11
4632,11
4633,7
4634,15
4635,9
4636,13
4637,28
4638
4639,10
4640
4641,9
4642
4643,9
4644,2
2373
4644,5
4645,6
4646,5
4647,8
4648,4
4649,10
4650,8
4651,7
4652,30
4653
4654,10
4655
4656,15
4657,9
6362
4658,7
4659,18
4660,9
4661,12
4662,6
4663,12
3576
4663,17
4664,19
4665,12
4666,28
4667,15
4668,9
4669,21
4670,4
4671,2
4672,16
4673,16
4674,8
4675,12
4676,9
4677,9
4678,10
4679,2
4680,11
4681,2
4682,38
4683,4
4684,3
4685,18
4686,8
4687,6
4688,8
4689,8
4690,7
4691,6
4692,2
4693,9
4694,4
4695,7
4696,9
4697,7
4698
4699,4
1872
4700
4701,10
4702,20
4703
4704
4705
1090
4705,17
4706,16
4707
4708,17
4709,15
4710,10
4711,16
4712,12
4713,37
4714,2
4715,7
4716,25
4717,15
4718,3
4719,20
4720,3
4721,3
4722
4723,8
4724,4
2590
4724,4
4725,10
4726,9
4727
4728,12
4729,5
4730
4731,5
4732,8
4733,5
4734,19
4735,7
4736,10
4737,17
4738,3
4739
4740
4741,10
4742,5
4743
4744,10
4745
4746,2
4747,14
4748
4749,6
4750,27
4751
4752,8
4753,6
1072
4753,8
4754
4755
4756,10
4757,3
4758,8
4759,18
4760
4761,13
4762,16
6291
4762,13
6419
4762,2
4763,4
4764
4765,19
4766,5
4767,24
4768,19
3414
4768,6
4769,10
3014
4769,15
4770,2
4771,16
4772,8
4773,23
4774,12
4775,10
4776,11
4777,10
4778,5
4779,22
4780,5
4781,5
4782,15
4783,14
4784,10
4785
4786,17
3725
4786
4787,27
4788,4
4789,21
4790,3
4791,12
4792,26
4793,15
4794,2
4795,19
4796,9
4797,3
4798,4
4799,14
4800
4801,15
4802
1674
4803,17
4804,8
4805,11
4806,7
4807,8
4808,11
4809,2
1243
4809,5
4810,10
4811
4812,21
4813,2
4814,7
4815,13
4816,2
4817
4818,6
4819,8
4820,4
4821,10
4822
6540
4822
4823,7
4824,15
4825,15
4826,3
4827,13
4828,10
4829
4830,12
4831,2
6962
4831,9
4832,7
4833,2
4834,6
4835,10
4836,2
4837
4838,20
4839,8
4840,22
4841,8
4842,5
4843
4844,9
4845,2
4846,22
4847,7
4848
4849
4850,4
4851,3
4852,9
4853
3578
4853,11
4854,3
4855,20
4856,8
4857,3
4858,6
4859,8
4860,3
4861,11
4862,5
4863,14
4864,14
4865,5
4866,5
3380
4867,10
4868,12
4869,2
4870,2
4871,13
3582
4871,9
4872
4873,18
4874,16
4875,3
4876,9
4877,5
4878,14
2107
4878,5
4879,2
1804
4879,11
4880,6
5873
4880
4881,5
4996
4881,3
4882
3459
4882,10
4883
4884,10
4885,13
4886,12
4887,19
4888,14
7563
4888,7
4889,8
4890,2
4891,9
4892,2
4893,5
4894,14
6300
4894,6
4895
4896,2
4897,7
4898
4899,5
4900,7
4901,4
4902,8
4903,12
4904
4905,5
4906,31
4907,38
5477
4907,2
4908,19
4909,3
4910,13
4911,4
4912,5
4913,24
4914
4915
4916,19
4917,2
4918,8
4919
4920,7
4921,14
4922,14
4923,9
4924,7
4925,5
1873
4925,10
4926,15
4927
4928,11
4929,10
4930,5
4931,10
4932
4933,14
4934,12
4935,21
4936,14
4937
4938,5
4939
4940,26
4941,3
3609
4942,22
4943,11
4944
4945,2
4946,12
4947,7
4948,11
4949,6
4950,5
4951,9
4952,10
4953,20
4954,2
4955,13
4956,6
1203
4956,5
4957,6
4958
4959
4960,12
4961,6
4962,8
4963
4964
4965
4966
4967,14
4968,33
4969
4970,6
4971,6
4972,8
4973,8
4974,14
4975,8
4976,10
4977,15
4978,23
4979
5466
4980
4981
4982,3
4791
4982,10
4983,9
4984
4985,8
4986,15
4987
4988,3
4989,14
3501
4990,10
4991
4992,6
7965
4992,2
4993
4994,15
4995
4996,9
4997,16
4998,6
4999,14
5000,7
5001
5002,11
5003,7
5004,31
5005,5
5006
6879
5007,2
5008
5009,6
5010,13
5011,11
5012,9
5013,16
5014,11
5015,16
5016
5017,8
5018,14
5019,31
5020,14
5021
5022
5023,3
5024,11
5025,12
5026,30
5027,9
5028,4
5029,12
5030,14
6531
5030,12
5031,9
7511
5031,5
5032,3
5033,9
5034,10
5035,7
5036,8
5037,6
5038,5
1202
5038,2
5039,11
5040,12
5041,3
5042,7
5043,18
5044,16
5045,23
5046,10
5047,5
5048,24
5049
5050,9
5051
5052,5
5053,15
5054,2
5055,6
5056,9
3437
5057
5058,15
6343
5058,5
5059,10
5060,5
5061,11
5062,12
5063
5064
5065,6
5066,11
5067,8
5068
5069,7
5070,14
5071
5072,34
5073,8
5074,14
5075,8
5076,8
5077,17
6953
5077
5078,5
5079,8
5080
1164
5080,5
5081,5
3190
5081,2
5082,4
1811
5082,16
5083
5084,3
5085,14
5086,16
5087,6
5645
5087,4
5088,11
5089,20
5090,14
5091,8
5092
5093,15
5094,18
5095,20
5096,3
5097,10
5098
5099,9
5100,4
5101,3
5102,5
5103,2
5104,21
5105,4
5106,5
5107
5108,3
5109,11
5110,25
5111,7
5112,6
5113,4
5114
5115,9
5116,8
5117,13
5118,11
5119,2
5120,7
5630
5120,2
5121,4
5122
5123,14
5124,11
5125,13
5126,9
5127,5
6590
5127,3
5128,6
5129,14
5130,15
5131
5132,7
5133,10
5134,13
5135,6
5136,7
5137,15
5138,13
5139,7
5140,12
5141,23
5142,12
5143,14
5144,5
5145,7
5146,10
5147,28
5148,4
5149,16
5150,3
5151,8
5152,24
5153,2
5154,5
5155,4
3301
5155,16
5156,15
5157,4
5158,8
5159,10
5160,9
5161
5162,11
5163
5164
5165,7
5166,11
5167,11
5168,5
5169,8
5170,21
5171,6
5172
5173,9
5174,6
4172
5174,4
5175,8
5176,3
5177,6
5178,18
5179,7
5464
5179,8
5180,16
5181
5182,13
5183,22
5184,6
5185,5
5186,8
5187,10
5188,23
5189,2
5190,17
5191,4
5192,4
4550
5192,6
5193,19
5194,13
5195,13
5196
7931
5196,6
5197,7
5198,11
5199,8
5200,19
5201
5202,12
5203,15
5204,10
7470
5204
5205,8
5206,12
7096
5206,7
1114
5206
5207,8
5208
5209,13
5210,4
4666
5210,11
5211,8
5212,7
5213
5214
5215,14
5216,9
5217,11
5218,5
3390
5218,2
3510
5218,13
5219,9
5220,7
5221,20
5222,9
5223,29
5224,21
5225,20
5226,10
5227,11
5228,11
5229,5
5230,6
5231,9
5232,3
5233,15
5234,8
5235,3
5236,14
4294
5236,12
5237,3
5238,23
5239,5
5240
5241,6
5242,5
5243
5244,6
5245,23
5221
5245,5
5246,17
5247,5
7998
5247,4
4787
5247,3
5248,27
5249,5
5250,5
5251,18
5252,2
5253,3
5254,17
5255,17
5256,2
5257,8
5258
5259,17
4520
5259,2
5260,6
5261,22
5262,8
5263,4
5264,11
5265,8
5266,9
5267,7
5268,11
5269,6
5270,6
5271,9
5272,11
5273
5274,12
5275,3
7626
5275,13
5276
5277,12
6451
5277,5
5278,17
5279,21
5280,5
5281,8
5282
5283,6
5284,5
5285,7
5286
5287,10
5288,4
5289,8
5290,19
5291,8
5292,11
5293,9
5294,10
5295,4
5296,6
5297,4
5298,4
5299,7
5300,16
5301,8
5302,13
5303,2
5304,7
5305
5306,14
5307,9
5308,7
5309,7
5310
5311,16
5312
5313,34
5314,8
5315,7
5316,19
5317,21
5318
5319,13
5101
5319,6
5320,7
5321,7
5322,8
5323,20
5324
5325,8
5326,8
5327,27
5328,5
5329,16
5330,13
5331,13
5332,6
5333,11
5334,13
5335,9
5336,9
5337,3
5338,7
5339,5
5340
5341,4
5342,2
5343,16
5344
5345,5
5346
5347,13
5348,6
5349,6
5350,6
5351,10
5352,9
5353,21
5354,12
5355,8
5356
5357,14
5358,9
5359,27
5360,14
5361,2
5362,20
5363,11
5364,13
5365
5366,3
4452
5366,5
5367,22
5368,27
5369,13
5370,6
5371,5
5372,4
5373,7
5374,10
5375,10
5376,20
5377,8
5378
5379,7
5380
5381,5
5382,3
5383,10
5384
5385,10
5386,10
5387,29
5388,11
5389,9
6140
5389,3
5390,3
5391,20
5392,2
5393,19
5394,5
5395,17
5396
5397,8
5398,8
5399,4
5400
5401,6
5402,3
6171
5402,7
5403
5404,4
5405,14
5406,13
5407,16
5408
5409,14
5410,9
5411,10
5412,10
5413,5
5414
5415,11
5416,19
5417,12
5418,9
5419,3
5420,14
5421,6
5422,7
5423,8
5424,4
3438
5424,10
5425,3
5426,18
5427,17
5428,8
7333
5428
5429,20
5430
5431
5432,8
5433,8
5434,8
5435
5436,7
5437,10
5438,16
5439,5
5440,19
5441,6
5442,5
5443,10
5444,7
5445,4
5446,20
5447,18
5448,6
5449,14
5450,5
5451,12
5452,5
5453
5454,19
5455,15
5456,4
5222
5456,3
5457,14
5458,14
5459,12
5460,19
5461,8
5462,16
5463,4
5464,11
5465
5466,15
5467,32
5468,8
5469,16
5470,14
5471,23
5472,11
5473,5
1382
5473,6
5474,8
5475,10
5476,2
5477,12
5478,14
5479
5480,19
5481,5
5482,18
5483,9
5484,3
4367
5484,2
5485,10
5486,10
5487,15
5488,8
5489,15
1836
5490,7
2899
5490,10
5491,16
5492,9
5493,18
5494,2
5495,19
5496,9
5497,12
5498,21
5499
5500,8
5501,6
5502,13
5503,4
5504
5505
5506,15
6078
5506,4
5507,15
5508,13
5509
5510,3
5511
5512,8
5513,9
5514,7
5515,5
5516,7
1475
5516
5517,7
5518,4
1773
5518,2
5519,8
5520,2
5521,9
5522
5523,6
5524
5525,13
5526,8
5527,12
5715
5527,4
5528,20
5529,16
5530,21
5531
5532,10
5533,13
5534,7
5535,8
3676
5535
5536,14
5537,17
5538,13
5539,3
5540,11
5541,12
5542,6
5543,16
5544,17
5545,7
5546,26
5547,8
5548
5549,13
5550,12
5551,8
5552,9
5553,7
5554
5555,10
5556,40
5557,2
5558,8
5559,7
5560,6
5561,17
5562
4284
5562,10
5563,9
5564,7
5565,20
5566,13
5567,2
3904
5567,8
5568,13
5569,9
7972
5569
5570
5571,12
2773
5571,14
5572
5573,9
5574,11
5575,7
5576,8
5577,20
5578,19
5579,5
5580,17
5581,8
5582,10
5583,4
5584,9
5585,22
5586,13
5587,6
5588,6
5589,9
5590,13
5591,6
5592,9
5593,6
5594,8
5595,5
2733
5595,16
5596,10
5597,14
5598,9
5599
5600,18
5601,22
5602,2
5603,6
5604,7
5605,4
5606,24
5607,18
4702
5607,8
5608,10
5609,10
5610,9
5611,19
5612,18
5613,10
5614,24
5615,5
5616,4
5617,6
6543
5618,15
5619,8
5620
5621,5
5622
5623,8
2518
5623
5624,5
5625,7
5626,4
5627,15
5628
5629,8
5630,8
5631,13
5632,9
5633,6
5634,12
5635,6
5636,18
5637,8
5638,14
5639,9
5640,2
5641,12
5642
5643,3
6765
5643,2
5644,9
5645,6
5646,10
5647,10
5648,17
5649,7
5650,17
5651,2
5652,10
5653,8
5654
5655,25
6860
5656
5657,3
5658,9
5659,3
2281
5659,4
5660,3
5661,10
5662,16
5663,13
5664,16
5665,4
5666,13
5667,7
4336
5667,9
5668,28
5669,11
5670,10
5671
5672
5673,19
5674,20
5675,5
5676,20
5677,8
5678,15
5679,4
5680,20
5681,3
5682
5683,25
5684
5685,19
5686,6
5687,16
5688,3
5689,9
5690,15
5691,3
5692,3
5693,20
5694,6
5695,18
3035
5695
5696,4
5697,5
5698
5699,2
5700,11
5701,19
5702,14
5703,12
5704,2
5705,15
5706,9
5707,19
5708,15
5709,3
5710,19
5711,23
5712,3
6837
5712,3
5713,3
5714
5715,4
5716,8
5717,9
5718
5719,14
5720,10
5721,8
5722,6
5611
5722,15
5723,6
5724,7
5725,3
4280
5725,2
5726,22
5727,11
5728,8
5729,13
5730,29
5731,8
5732,17
5733,18
5734,10
5735,8
5736,13
5737,28
5738,4
5739,7
5740,10
5741,16
5742,8
5743,16
5744,11
5745,14
5746,19
5747,12
5748,14
5749,7
5750,13
5751,11
2926
5751,9
5752,3
5753,5
5754,19
5755
5756,4
5757,8
5758,8
5759
5760
5761,12
5762,20
5763
5764,7
5765
5766
5767,7
5768,15
5769,4
5770,13
5771,11
5772,16
5773,6
5774,9
5775,19
5776
5777
5778,12
5779,13
5780,5
5781,11
5782
5783,4
5784,8
5785,16
5786,3
5787,11
5788,12
5789
5790,16
5791
5792,15
5793,15
5794,6
5795,10
5796,20
5797,15
5798,9
5799,5
5800,7
5801,16
5802,7
5803,12
8008
5803,3
5804,15
5805,20
5806,9
5807,5
5808,6
5809,5
5810
5811
5812,8
5813,4
5814,9
5815,19
2025
5815
1898
5815
5816
5817,9
5818,20
5819,16
5820,7
5821,6
5822,7
5823,15
5824
5825,4
5826,16
5827,14
5828,11
5829,2
5830,2
3799
5830,13
5831,6
5832,13
4992
5832,18
5833,2
5641
5833,10
5834,9
5835,10
7253
5835,4
5836
5837,2
5838,9
5839,6
5840,13
5841
5842,7
4294
5843,10
5844,6
5845,6
5846,10
5847,9
5848,5
5849,8
5850,2
5851,3
5725
5851,6
5852,8
5853,3
5854,5
5855,6
5856
5857,16
5858,7
5859,9
5860,2
5861,11
5862
7719
5862,7
5864,3
5865,7
3181
5865
5866
5867,5
5868
3701
5868,16
5869,9
5870,6
5871,7
5872,15
5873,10
5874,9
5875
5876,4
5877,8
5878,16
5879,21
5880,5
5881,8
5882,15
5883
5884,15
5885,16
5886,11
5887,2
3669
5887,8
5888
5889,5
5890
5891,2
5892,4
5893
5894,6
5895,16
5896,12
5897,10
5898,13
5899,3
5900,2
5901,4
5902,19
5903,8
5904,4
5905,6
6191
5905,10
5906,10
5907,8
5908,26
5909,12
5910,10
5911,7
5912,16
5913,11
5914,18
5915,7
5916,13
5917,7
2699
5917,2
5918,7
5919,12
5920,13
5921,14
5922,9
5923
5924,15
5925,4
5926,2
5927,22
5928,3
5929
5930,6
5931,13
5932,12
5933,14
5934,4
4677
5934,16
5935,13
5936,18
5937,3
5938,19
5939,16
5940,18
5941,14
5942,10
3588
5943,5
5944,11
5945,11
3518
5945
5946,7
5947,9
5948,19
5949,9
5950
5951,12
5952,2
5953,7
5954,19
5955,3
5956,16
5957
3171
5957,9
5958,2
5959
5960,12
5961,9
5962,14
5963,5
6408
5963,2
5964,12
5965,6
5966,20
5967,3
6970
5968
5969
5970,14
2389
5970,5
5971,7
5972,15
5973,12
5974,6
8118
5974,7
5975,21
5976,8
5977
3155
5977,9
5978
5979,17
5980,11
5981,15
5982
5983
5984,9
5985,15
5986
5987,12
5988,12
5989,2
5990,3
5991,5
5992,3
5993,16
5994,7
5995,6
5996,20
5997,14
5998,2
5999,17
6000,24
6001,7
6002,12
6311
6003,31
6004,12
6005,9
6006,7
6007,8
6008,21
6009,5
6010,10
6011,24
6012,13
6013,9
6014,4
3627
6014,4
7217
6014
6015,3
6016,11
6017,7
6018,13
6019,19
6020,11
6021
6022,9
6023,7
6024,6
6025,12
6026,13
6027
6028,9
6029,5
6030,33
3461
6030
6031,17
6032,9
6033,2
2787
6033,8
6034,9
6035
6036,6
6037,9
6038,23
6039,6
6040,9
6041,14
6042,10
6043
6044,8
6045,17
6046,14
6047,8
6048,12
6049,10
6050,2
7402
6050,10
6051,18
6052,2
6053,9
6054,7
6055
6056,8
6057,5
6058,4
6059
6060,10
6061,8
6062,5
6063,20
6064,19
6065,11
2537
6065,3
6066,18
6067,3
6068,21
6069,8
6070,13
6071,9
6072,9
6073,5
6074
6075
6076,12
6077,24
6078,11
6079,11
6080,15
6081,4
6082,23
6083
6084,25
6085,15
6086,8
6087,9
6088,15
6089,3
6090,10
6091,14
6092,9
6093,10
6094,5
6095,32
6096,10
6097,8
6098,9
6099,10
6100,8
6101,32
3292
6101,2
6102,19
6103,12
6104
6105,20
6106,12
6107,7
6108,26
6109,28
6110,2
6111,8
6112,7
6113,15
6114,14
6115,7
6116,5
6117,12
6118,12
6119,18
6120,19
6121,5
6122,9
6123,23
6124,19
6125,2
6126,5
6127,12
6128,12
6129,8
6130
6131,10
6132,6
5801
6132,5
6133,21
6134,8
6135,14
6136
6137,10
6138,16
6139,7
6140,5
6141,6
6142,18
6143,3
6144
6145,6
6146,27
6147,8
6148,3
6149,9
6150,7
6151,17
6152,23
6153,14
6154,30
6155,28
6156,6
6722
6156,8
6157,9
6158,8
6159,8
6160,12
6161,13
6162,9
6163,10
6164,4
6165,3
6166,28
6167,29
6168,7
6169,2
6170,4
6171,34
6172,11
6173,3
6174,20
6175,24
6176,9
6177,11
6178,10
6179,22
6180,3
6181,9
2459
6182,7
6183,17
6184,12
6185,13
6186,19
6187,3
4588
6187,6
6188,4
6189,8
6190,6
6191,17
6192,21
6193
6194,8
6195,4
6356
6195,17
6684
6195,5
6196,5
4254
6196,5
6197,10
6198,14
6199,15
6200,7
6201,9
6202,22
6203,8
6204,11
6205,5
6206
6207,14
6208,5
6209,7
6210,15
7004
6210,14
6211,4
5075
6211,5
6212,11
6213,17
6214,9
6215,15
6216
6217,8
3043
6217
6218,8
6219,2
6220,3
6221,7
6222,9
6223
6224,9
6225,12
6226,5
6227,3
6228,10
6229,16
6230,15
6231,9
6232,4
6233,17
6234,8
6235,16
6236,10
6237,5
6238,13
6239,19
6240
6241,5
7224
6241,12
6242,13
6243,8
6244,8
6245,10
6246,12
6247,8
6248,20
6249,7
6250,16
6251,20
6252,9
6253
6254,5
6255,34
5750
6255,2
6256,12
6257,8
6258,18
6259,18
6260,3
6261,14
6262,12
6263,6
6264,15
6265,19
6266,5
6267,9
4789
6267
6268
6269,16
6270,8
6271,10
6272
6273,4
6274,22
6275,9
6276,22
6277,10
6278,7
6279,3
6280,6
6281,10
6282,17
6283,3
6284,8
6285,12
6286
5345
6286,7
6287
6288,7
6289,7
6290,5
6291,6
6292,14
6293,7
6294,11
6295,14
6296,8
6297,6
6298,15
6299,7
6300,6
6301
6302
6303,13
6304
6305,11
6306
6307,10
6308,14
6309
6310,24
6311,11
6312,3
6313,6
6314,16
6315,9
6316,4
6317,8
6318,11
6319,18
6320,10
6321,7
6322,8
6323,10
6324,27
6325,9
6326
6327,11
6328,12
6329,4
6330,3
8112
6330,10
6331,5
4801
6331,14
6332,15
6333,4
3860
6333,9
6334,18
6335
6336,7
4717
6336,16
7935
6336,6
6337,16
6338,3
6339,9
6340,13
6341,18
6342,9
6343,3
6344,2
6345,7
6346,5
6347
6348
6349,2
6350,14
6351,10
6352,7
6353
6354,9
6355,4
6356,34
6357,8
6358,4
6359,4
6360,8
6361,12
6362,25
6363,9
6364,8
6365,8
6366,2
6367,10
6368,6
6369,7
6370
6371,22
6372,3
6373,4
6374,15
6375
6376,3
6377,8
6378,10
6379
6380,8
6381,7
6382
6383,12
6384,8
6385,12
6386,17
6387,16
6388,9
6389,16
6390,7
6391
6392,8
6393,12
6394,10
6395,10
6396,6
4259
6396,5
6397,9
6398,10
7901
6398
6399
6400
6401,10
6402,9
6403,4
2893
6403,3
6404,17
6405,6
6406,24
6407,14
6408,37
6409,7
6410,13
6411,11
6412,9
6413,8
6414,11
6415,21
6416
6417,2
6418,9
6419,5
6420,7
6421,2
6422,27
6423,19
6424,6
6425
6426,2
6427
6371
6428,5
6429,13
6430,3
6431,10
6432
6433
6434,4
6435
6436
6437,5
6438,13
4815
6438
6439,21
6440,12
5939
6440,8
6441,24
6442,13
6443,5
6444,4
6445,4
6446,6
6447,8
6792
6447,3
8156
6447,8
6448,14
6449,11
6450,6
6451,14
6452
6453,2
2986
6453,8
2982
6453,9
6454,2
3069
6454,11
6455,9
6456,9
6457,3
6458,13
6459,11
6460,15
6461,4
6462,5
6463,2
6464,8
6465,20
6466,8
6467
6468,4
6469,19
6470,2
6471,7
6254
6472,5
6473,11
6474,9
6475,3
4782
6475,3
6476,21
6477,22
6478,9
6479,15
6480,4
6481,9
6482,13
6483
6484,16
6485,9
6486,14
6487,5
6488,11
6489,15
6490,11
6491,4
5391
6491,10
6492,6
6493,16
6494,3
6495,4
6496,15
6497,18
6498,13
6499
6500,7
6501,5
6502,16
6503,21
6504,9
6505,15
6506,22
6507,10
6508,14
6509,5
6510,22
6511,8
6512,8
6513,6
6514,6
6515,9
6516
6517,8
6518,13
6519,11
6520,15
6521,6
6522,9
6523,3
6524,5
6525,15
3778
6525,3
6526,3
6527,15
6528,9
6529,2
6530,8
6531,11
6532,13
6533,12
6534,18
6535,18
6536,18
6537,6
6538,16
6539,19
6540,22
6541,10
4805
6541,2
6542,13
6543,9
6544,4
6545,14
6546,6
6547,9
5353
6548,3
6549,15
6550,6
6551,20
6552
6553,15
6554,15
6555,7
6556,13
6557,6
6558,4
6559,11
6560,6
6561,16
6562,6
6563,12
6564,12
6565,6
6566,9
6567,17
6568,14
6569,10
6570
6571,3
6572,10
6573,9
6574,13
6575,6
6576,5
6577
5590
6577,11
6578,16
6579,6
6580,15
6581,4
6582,18
6583,13
6584,8
4215
6584,14
6585,23
6586,9
6587,14
6588,6
6589,10
6590,14
6591,2
6592,14
6593,14
3105
6593,20
6594,14
6595,9
6596,11
6597
6598,13
6599,5
6600,14
6601,12
6602
6603,10
6604,5
6605,10
6606,12
6607,15
6608,8
6609,3
6610,28
6611
6612,12
4744
6612,12
6613
6614,19
6615,9
6616,17
6617,17
6618,7
6619,9
6620
6621,13
6622,6
6623,2
6624,12
3122
6624,11
6625,5
6626,11
6627,19
6628,3
6629,8
6630,17
6631,4
6632,17
6633,18
6634,4
6635,21
6636,14
6637,10
6638,16
6639,11
6640,13
6641,8
6642,8
6643
6644,18
6645,24
6646
6647
6648,4
6649,6
6650,22
6651
6652,7
6653,13
6654
6655
6656,5
6657,24
6658
6659,19
6660,3
6661,8
6662,8
6663,13
6664,13
6665
6666,13
6667,8
6668,11
6669,5
6670
6671,8
6672,6
6673,5
6674,2
6675,7
6676,3
6677,7
6678
6679,10
6680,5
6681,4
6682,18
6683,8
6684,30
6685,22
6686,3
6687,11
6688
6689,7
6690,10
6691,12
6692,5
6693,9
6694,13
6695
6696,7
6697,10
6698,12
6699,2
6700,21
6701,8
6702,10
6703,9
6704,4
4292
6704,5
6705
6706,21
6707,9
6708,17
6709,9
6710,16
6711,5
6712,28
6713,3
6714,5
6715
6716,4
6717
6718,6
6719,15
6720,2
3339
6720,9
6721,4
6722,9
6723,13
6521
6723
6724,22
6725,7
6726,9
6727,8
6728,15
6729
6730,10
6731,7
6732,6
6733,10
6734,12
6735,6
6736,10
6737,22
6738
6739,10
6740
6741,7
6742,13
6743,12
6744
6745,5
6746,16
6747
3678
6747,6
6748,24
6749
6750,2
6751,24
6752
6753,8
6754,16
6755,13
6756,7
6757,8
6758,15
6759
6760,35
6761,8
6762,6
6763,5
6764
6765,15
6766,8
6767,20
6768,18
6501
6768,13
6769,10
6770
6771,25
6772,8
6773,11
6774,9
6775,10
6776,20
6777,25
6778
6779,9
6780,4
6781,7
6782,19
6783,11
6784,9
6785,15
6786,11
6787,19
6788,18
6789
6790,8
6791,13
6792,24
6793,6
6794
6795
6796,19
6797
6798,13
6799,9
6800,14
6801
6802,5
6803,18
6804
6805,10
6806,3
6807,4
6808,17
6809,18
6810,18
6811,7
6812,8
6813,9
6814
6815,14
6816,3
3214
6816,6
6817,11
6818,9
6819,16
6820,2
6574
6821,7
6822,5
6823,8
6824
6825,25
6826
6827,19
6828,11
6829,2
6830,5
6831
6832,11
6833
6834,19
6835,3
6836
6837,17
6838
6839,20
6840,5
6841,23
6842,11
6843,6
6844,15
6845,6
6846,5
6847
6848,5
6849,9
6850,16
6851
6852,9
6853,12
6854,10
6855,4
6856,8
6857,24
6858,17
6859,2
6860,3
7311
6860,4
6861,23
6862,23
5606
6862,5
6863,3
6864,19
6865,4
6866,4
6867,5
6868,18
6869,18
6870,7
6871
6872,5
6873,7
5173
6873,11
6874,14
6875,14
6876
6877,11
6878,6
6879,9
6880,10
6881,5
6882,19
6883,9
6884,5
6885
6886,14
6887,9
6888,10
6889,8
6890,9
5321
6890,14
6891,3
6892,12
6893,7
6894,7
8156
6895
6397
6895,22
6896,2
6897,8
6898,7
6899,11
6900,2
6901,16
6902,10
6903,27
6904,6
6905,16
6906,12
6907
6908,7
6909,11
6910,3
6911,15
6912,29
6913,15
6914,8
6915,8
6916,8
6917,3
6020
6917
6918,9
6919,9
6920,9
6921,13
6922,7
6923,17
6924,5
6925,11
6926
6927
6928,20
6218
6928,5
6929,9
7036
6930
6931,13
6932,24
6933,5
6934,3
6935,6
6936,10
6937,7
6938,12
6939,15
6940,12
6941,33
6070
6942,24
6943
6944,8
6945,8
6946,2
6947,22
6948,8
6949,5
6950,11
6951,21
6952,3
6953,17
6954,8
6955,18
6956,9
6957,3
3514
6957,2
6958,17
6959,16
6960,8
6961,17
6962,8
6963,7
6964,18
6965,18
6966,17
7358
6966,14
6967,8
6968,3
6969
6970,15
6971
5700
6971,3
6972,9
6973
6974,8
6975,4
6976,10
6977,5
6978,8
6979,3
6980,5
6981,21
6982,9
6983,14
6984,9
6985,2
6986,5
6987,12
6988,16
6989,2
6990,20
6991,11
6865
6991,3
6992,4
6993,14
6994
6995,12
6996,15
6997,9
6998,12
6999,6
7000,13
7001,15
7002,14
7003,4
7004,17
7005,24
7006,3
7007,6
7008,5
7009,12
7010,4
4929
7010,9
7011
7012,13
7013,21
7014
7015,18
7016,18
7017,5
7018,12
7019
7020,10
7021,9
7022,16
7023,8
7024,27
7025,14
7026,7
7027,7
5699
7027,14
7028,10
7029,4
7030,13
7031,10
7032,9
7033
7034,33
7035,8
7036
7037,11
7038,5
7039,16
7040,10
7041,4
7042,10
7043,16
7044
7045,21
7046,4
7047,14
7048,10
7049,23
7050,6
7051
7052,3
7053,10
7054,3
7055,32
7056,12
7057,18
7058,8
7059,7
7060,8
7638
7060,7
7061,7
7062,2
7063,16
7064
7065,3
7066,11
7067,19
7068,16
7069,14
7070,9
7071,6
7072,9
7073,11
7074
7075
7076,17
7077,19
7078
7079,8
7419
7079,3
7080,7
7081,4
7082,18
7083,14
7084,8
7085,22
7086,9
7087,20
7088,11
7089,9
7090,15
7091,3
7092
7093,15
7094,4
7095,11
7096,8
5727
7096,4
7097,15
7098,23
7099,8
7100,6
7101,8
7102,8
7103,4
7104,16
7105,18
7106,11
7107,7
7108,3
6884
7108
7109,8
6013
7109,8
7110,17
7111,9
7112,14
7113,7
7114,14
7115,6
6276
7115,3
7116,9
7117,4
7118,4
4383
7118,7
7119,21
7120
7121,6
7122,13
7123,17
7124,22
7125,3
7126
7127,7
5758
7127,4
7128,13
7129,9
7130,6
7131,5
3285
7131,8
7132,3
7133,8
7134,18
7135,13
7136,3
7137,12
7138,12
7139,15
7140
7141,18
8187
7141,14
7142,8
7143,29
7144,14
7145,6
7146,5
7147,12
7148,15
7149,9
7150,8
7151,10
7152,7
7153,15
7154,16
7155,5
7156,9
7157,2
7158,5
7159,8
7160
7161,13
7162,4
4466
7162,3
7163,8
7164,20
7165,2
7166,7
7167,4
7168
7169,8
7170,14
7171,3
7172,4
7173,8
3100
7173,26
6587
7173,2
7174,11
7175,14
7176,13
7177,30
7178,12
7179,17
7180,9
7181,9
7182
7183,8
7184,6
7185,15
7186,20
7187,7
7188,4
7189,8
7190,11
7191,17
7192,5
7193
7194,9
7195,21
7795
7195
7196,8
7197
7198,28
7199,12
7200
7201,3
7202,5
7203,9
7204,21
7205,14
7206,16
7207
7208,4
7209,21
7210,10
7211,9
7212,8
7213,9
7214,5
7215,5
4459
7215,18
7216
7217,16
7218,7
5779
7218,3
7219,7
4957
7219,3
7220
7221,5
7222,7
7223,8
7224,5
7225
7226
7227,16
7228,13
3432
7228,4
7229,20
7230,12
7231,5
7232,4
7233,13
7234,2
7235,11
7236,3
7237,12
7238,6
7239,8
7240,15
7241,12
7242,5
7243,24
7244
7245,19
7246,14
7247,5
7248,8
7249,13
7250,7
4049
7250,15
7251,7
7288
7251,5
7252,5
6277
7252,4
7253,4
7254,3
7255
7256,7
7257,8
7258,17
7259,20
7260,8
7261,10
6369
7261,21
7262,8
7263,10
7264,12
7265,14
7266,8
7267,9
7268,11
7269,3
7270,9
7271
7272,10
7273,11
7274,19
7275
7276,10
7277,14
7278,11
7279,7
7280,34
7281,9
7282,15
7283
7284,8
7285,4
7286,7
7287,18
7288,9
7289,7
7290
7291,14
7292,2
7293,20
7294,4
7295
7296,8
7297,6
3910
7297,4
7298,8
7299,13
7300
7301,2
7302,8
7303,14
7304,4
7305,14
7306,9
7307
7308,13
7309,17
7310,10
7311,18
7312
7313,20
7314
7315
7316,7
7317,28
7318
7319,16
7320,18
7321,6
7322,20
7323
7324,4
7325,12
7326,7
7327,13
7328,32
7329,8
7330,9
7331,8
7332,7
7333,4
7334,4
7335,10
7336,7
7337,25
7338,13
7339,8
7340,3
7341
7342,12
7343,12
7344
7345,22
7346,18
7347,7
7348,4
7349
7350,10
4497
7350,7
7351,6
7352,3
7353,13
7354,10
7355,8
7356,9
7357,3
7358,7
7359,24
7360,6
7361,11
7362,9
7363,7
7364,20
7365
7366,22
7367,9
7368,5
7369,18
7370,8
7371,6
7372,4
7373,3
7374,7
5233
7374,6
7375,8
7376
7377,13
7378,21
7379,7
7380,4
7381,6
7382,9
7383,3
7384,18
7385,21
7386,29
7387,9
7388,10
7389,4
7390,4
7391,16
7392,3
7393,9
7394
7395,19
7396,6
7397,9
7398,6
7399,13
6066
7399,2
7400,7
7401,16
7402,18
7403,7
7404,7
7405,2
7406
7407,3
3634
7407,8
7408
7409,9
7410
7411,30
7412,7
7413,5
7414,9
7415,13
7416,5
7417,22
7418,10
7419,20
7420
7421,11
7422
7423,11
7424,23
7425,9
7426,15
7427
7428
7429,18
7430,5
7431,8
7432,3
7433,6
7434,13
7435,16
7436
7437,3
7438,25
7439,6
4527
7439,10
7440,8
7441,19
7442,11
7443,22
7444,9
7445,7
7446,9
7447,8
7448,16
7449,15
7450,10
7451,7
7452,2
7453,5
7454,26
7455,7
7456,7
7457,6
7458,9
7459,9
7460,5
7461,12
7462,3
7463,24
7464,9
7465,5
7466,13
7467
7468,6
7469,4
7470,23
7486
7471,2
7472,2
7473
7474,28
6608
7474,10
7475,19
7476
7477,29
7478,19
7479,2
7480,9
7481,11
7482,8
7483
7484,8
7485,9
7486,5
7487,21
7488
7489,9
7490,5
7491,14
7492,16
7493,24
7494
7495,4
7496,4
7497,10
7498
7499,6
7500,16
7501,25
7502
7503,13
7504,10
7505,6
7506,30
7507,22
7508,10
7509,11
7510,7
7511,13
7512,7
7513,18
6212
7513,21
7514,4
5495
7514,8
7515,11
7516,4
4449
7516,9
7517,14
7518,2
7519
7520,3
7521,6
7522,24
7523,7
7524,15
7525,8
7526,15
7527,7
7528,14
7529,15
7530,6
7531,8
7532,13
7533
7534,4
7535
7536
7537,17
7538,13
7539,21
7540,16
7541,4
7542,22
7543,13
7544,8
7545
7546,9
7547,16
7548,4
7549
7550
7551,20
7552,11
7553,6
7554,5
7555
7556,8
7557,5
4888
7557
7558
7559,12
7560,9
7561,10
7562,12
3527
7562,14
7563,7
6961
7564,13
7565,13
7566
7567,13
7568,25
7569,10
7570,7
7571,9
7572,5
7573,23
7574,2
7575,16
7576,4
7577,6
7578,14
7579,8
7580,3
7581,4
7582,7
7583,13
7584
7585,10
7586,6
7587,18
7588,16
7589,10
7590,13
7591,12
7592,12
7593
7594
7595,15
7596,8
7597,18
7598,14
7599,15
7600,15
7601,12
7602,2
8056
7602,9
7603,17
7604
7605,10
7606,8
6145
7606,4
7607,5
7608,10
7609,20
7610,7
7611,14
7612,10
7613,21
7614,8
7615,18
7616
7617,22
7618
7619,12
7620,15
7621,13
7622,6
7623,9
7624,11
7625
7626,26
7627,4
7628,12
7629,10
7630,10
7631,16
7632,6
7633,23
7634,10
7635,6
7636,4
7637,15
7638,4
7575
7638,3
7639,8
7640,33
7641,15
7642,21
7643,12
7644
7645,8
7646,11
7647,7
7648
4734
7648,9
7649,6
7650,26
7651
7652
7653,15
7654,21
7655,15
7656,8
7657
7658,8
7659,15
7660,7
7661,21
7662,4
7663,6
7664,11
7665,12
7666,13
7667,3
7668,34
6179
7669,5
7670
7671
7672,9
7673,14
7674,13
7675,21
7676
7677,3
5236
7677,9
7678,4
7679,12
7680,21
7681,16
7682,13
7683,16
7684
7685,12
7686,20
7687,2
7688,8
7689,4
7690,9
7691,7
7692,8
7693,8
7694,23
7695,11
7696,8
7697,4
7698,11
7699,20
7700,11
7701,24
7702,9
7703,7
7704,6
7705,16
7706
7707,2
7708,5
7709,9
7710,6
7711,5
7712,8
7713,5
7714,18
7715,23
7716
7717,17
7718,4
6866
7718,3
7719,15
7720,9
7721,12
7722,13
7723,7
7724,9
7725
7726,5
7727,7
7728,8
7729,3
3817
7729,3
7730,8
7731,15
7732,10
7733,9
7734,11
7735,6
7736,20
7737,3
7738,11
7739,6
7740,17
7741
7742
7743,5
7744,11
7745,15
7746
7747,11
7748,20
7749,5
7750,5
7751,9
7752,7
7753,12
7754,10
7755,3
7756,6
7757,28
7758,4
7759,8
7760,13
7761,9
7762,4
7763,7
7764,6
7765
7766,10
7767,10
4649
7767
7768,4
7769,7
7770,19
7771,18
7772,11
7773,8
7774,8
7775,14
7776,7
7777
7778,2
7779,5
7780,3
7781,11
7782
7783,13
7784,9
7785,7
7786
7787,9
7788,13
7789,7
7790,6
7791
7792,9
7793,2
7794,4
7795,6
7796,5
7797,2
7798
7799,4
7800
7801
7802,6
7803
7804,16
7805,19
7806,9
7807,11
7808
7809,5
7810,8
7811,17
7812
7813,7
7814
7815,8
7816,12
7817
7818,5
7819,6
7820,12
7821
7822,4
7823,2
7824,14
7825
7826,8
7827
7828,2
7829,22
7830,15
7831,9
7832,5
7833,5
7834,3
7835,4
7836,3
7837,14
7838,5
7839,7
7840,13
7841,13
5962
7841,5
7842,23
7843,8
7844,14
7845,24
7846,12
7847
7848,10
7849
7850,5
7851,11
7852,4
7853,24
7854
7855,7
7856,8
7857,13
7858,13
7859,8
7771
7860,8
7861
6530
7861,12
7862,4
7863,28
7864,10
7865,21
7866,6
7867,15
7868,28
7869,4
7506
7869
7870,7
7871,7
7872,4
4125
7872,11
7873,13
7874,7
7875,3
7876,12
7877,11
7878,24
7879,12
7880,18
7881
7882,6
7883,3
7884,5
7885,13
7886,36
7887,8
7888
7889,19
7890
7891,14
7892,14
7893,12
7894
7895,20
7896,24
7897,9
7898
7899,15
7900,5
7901,15
7902,16
7903,20
7904
4783
7904,16
7905,7
7906,5
7907,2
7908,11
7909,2
7910,13
7911,19
7912,18
7913,7
7914
7915,2
7916,11
7917,21
7918
5746
7919,15
7920
7921,23
7922,10
7923,7
6274
7923,2
7924
7925
7926,10
7927,10
7928,8
7929,17
7930,14
7931,17
7932,9
7933,7
7934,13
7935
6337
7935,17
7936,9
7937,7
7938,7
7939,6
7940,5
7941
7942,3
7943
7944,5
7945,8
7946
7947,3
6334
7947,23
7948,4
7949,2
7950,21
7951,10
7952,14
7147
7953,18
7954,16
7955,9
7956
7957,7
7958,9
7959,9
7960,8
7961
7962,8
7963,12
7964,9
7965,20
7966,6
7967,4
7968
7969,5
7970
7971,24
7972,7
7973,13
7974
7975,23
7976
7977,18
7978
7979,15
7980,23
7981,4
7982
7983
7984,17
7985,10
7986,20
7987,12
7988,14
7989,15
7990,16
7991,15
7992,13
7993,10
7994,14
7995,16
7996,9
7997,11
7998,7
6593
7998,6
7999,12
8000,9
8001,19
8002,11
8003,19
7664
8003,2
8004,19
8005,4
8006,4
8007,8
8008,6
8009,8
8010,4
8011,19
8012,7
8013,8
8014,23
8015,19
8016,7
8017
8018
8019,10
8020,13
8021,9
8022
8023
8024,28
8025,5
8026
8027,4
8028,13
8029,5
8030,9
8031,5
8032,9
8033,4
8034,4
8035,9
8036,26
8037,11
8038,3
8039,8
8040,5
8041,8
8042,18
8043,4
8044,17
8045,6
8046,13
8047,16
8048,7
8049,2
8050,18
8051,5
8052,9
8053,15
8054,4
8055,10
8056,18
8057,12
8058,6
8059,12
8060,2
8061,3
8062,19
8063,5
8064,9
8065,4
8066,6
8067,4
8068,13
5444
8069,15
8070,4
8071
8072,9
8073,9
8074,5
8075,10
8076,14
8077,3
8078
8079
8080,4
8081,14
8082
8083,8
8084,24
8085,8
8086,6
8087,4
8088
8089
8090,9
8091,15
8092,8
8093,15
8094,15
8095
8096,13
8097,20
8098,25
8099,4
8100,16
8101,11
8102
8103,19
8104
8105,16
8106
8107,2
8108,3
8109,12
8110,6
8111,3
8112,22
8113,12
8114
8115,15
8116,15
8117,12
8118,29
8119,5
8120,3
8121,2
8122,13
8123,6
8124,21
8125,15
8126,8
8127,14
8128,3
8129,5
8130,5
8131,15
8132,7
8133
8134,11
8135,15
8136,13
8137
8138,9
8139,6
8140,14
8141,13
8142,17
8143,9
8144,17
8145,13
8146,8
8147,23
8148,11
8149,38
8150,6
8151
8152,8
8153,16
8154,15
8155,12
8156,15
8157,19
8158,11
8159,19
8160,2
8161,2
8162
8163,6
8164,7
8165,17
8166,9
8167,28
8168,3
8169,3
8170,11
8171,6
8172,15
8173,28
8174,4
8175,6
8176,11
8177,12
8178,13
8179,9
8180,3
8181
8182,4
8183,7
8184,6
8185,9
8186,4
8187,12
8188,21
8189,10
8190,6
8191,14
7768
7540
6118
7539
7917
8159
7474
5835
7309
7792
7094
5916
7010
7627
5232
6723
7049
7679
7675
5761
5297
7452
7916
7565
6414
7828
5820
6718
7984
6844
7493
6157
6046
7547
7899
6711
7707
7685
6369
5585
6583
6239
7953
7455
5050
7633
7620
7418
7913
5290
4435
7977
7984
7947
6056
5629
5999
5795
8148
4936
6179
8147
5932
6667
6596
7245
7369
6466
7257
4878
7715
8074
5729
7736
7464
7674
5211
4338
7873
7973
5015
5074
7448
8131
5170
6077
6663
8122
8160
7714
4910
6735
4897
7189
7517
5440
7015
8043
5993
7302
7602
8191
