5
56
91
34
10
20
23
49
63
0,8
1,8
2
3,4
4,3
5,13
6,10
7,18
8
9,25
10,13
11
12,6
13
14,15
15,3
16,3
17,24
18,11
19,3
20,6
21,3
22,22
23,44
24,8
178
24,3
25
26,15
27,2
28,17
29
30,12
31,5
32
33,10
34,16
35
36,14
37,10
38,6
39,16
40,18
41,28
42,14
43,12
44,11
45,22
46,3
47,5
48,4
49,9
50,24
51,3
52,5
53,24
54,23
55,12
56,17
57
58
59,12
60,12
61,21
62,11
63,15
64
65
66,7
67,12
68
69,14
70
204
70,16
71,9
72
73,8
9
199
73,8
74,14
60
74,2
75,4
98
75,20
76
77,3
78
166
78,9
79,14
80,11
81
82,10
83,8
84
85,21
86,10
87,11
88,10
89,32
90,18
91,14
92,11
93,2
94,16
107
94
95,13
96,8
244
97,7
238
97,12
98,3
204
98,7
99,21
100
101,9
102,6
103,6
219
104,18
105,9
106,8
108,10
109,9
110,9
111
112,12
113,6
114,6
115,12
116
117
118,8
119,13
65
119,12
120,11
121,18
122,10
123,9
124,2
125,6
126,7
30
127,12
128
129,8
130,7
131,9
132,4
238
132,2
133,11
134,4
135,9
136,2
137,4
138
139,3
140,8
141,25
142,5
143,15
144
145,2
146,10
147
148
149,18
207
150,7
197
150,8
151,7
152,7
153,5
154,4
155,9
156,12
157,2
158,12
159,6
160,7
161
162,3
163,9
164,3
165,7
20
165,10
17
165,6
166,9
167,8
168,2
169,19
170,23
171,13
172,3
173
174,17
175,20
176,17
177,4
178,4
179,2
180,9
181,5
321
181,2
182,5
183,2
184,4
175
184,5
185,7
186,20
187,10
280
187,7
188,21
189,2
235
189,8
190,18
191
192,15
193,14
194,7
120
194,4
195,7
142
195,7
196,6
197,7
198,8
199,29
200,16
201,6
262
201
202
203,9
204
212
204,12
205
206,6
207,14
319
207,2
208,4
209
210,7
211,10
212,3
213,17
214,5
346
214,15
215,9
216
217,7
218,6
219,8
194
219,18
220,15
221
222,20
223,21
224,13
225,7
226,7
227,13
228
229,15
230,7
91
230,8
231,21
232,7
233,3
234,4
235,6
236,20
237
165
237,15
238,13
239,13
240,10
241,12
242,2
243,14
169
243,6
244,2
245,8
246,7
247,10
248
249,3
250,11
251,9
252,5
253,7
141
254,7
255
256,7
257,6
360
257,6
159
257,17
258,15
159
258,3
259,15
260,13
261
283
261,8
262,14
371
262,12
263
264,11
265,2
266,22
267,29
268
269,17
270,12
271,6
272,24
273
114
273,13
274,19
275,21
276,6
277,13
278
279,14
290
279,17
280,5
281,4
282,20
283,14
284,6
285,8
286,12
287,3
199
287,11
288,9
289,6
290,14
431
290,3
291,24
292,2
293,12
294,12
295,14
296,9
297,5
298,28
299,3
300,3
301,5
428
301,2
302,23
303,3
304,3
374
304,12
305,3
214
305
306,6
307,7
308,9
309,6
244
309
181
309,5
310,8
311,5
312,17
313,19
314,5
315,16
316
317,36
318,7
319,12
320,26
321,17
322
323,3
324,5
325,18
326,11
327,4
328,3
329,15
330,14
331,2
332,19
192
333
334,5
335,9
336,10
275
336,7
337,9
338
339,5
340,9
341,8
342,14
343
259
343,7
344,11
345
346,8
370
346,14
347,9
348,19
349,2
350,7
351,12
352,9
353,13
354,14
355
356,8
357,15
358,20
359,11
277
359,10
360,20
446
360
361,10
362,9
363,9
364,17
365,7
366,19
367,3
257
367,8
368,6
386
368,18
369,15
370,2
421
370,7
371,6
372,2
373,6
375
376,7
377,9
378,8
438
378,5
379,4
380,5
381,5
382,14
383,14
391
383,4
384,14
471
384,12
385,9
386,18
387,11
388,12
389,3
390,7
391,16
392,8
393,14
394
395,10
396,4
527
396,3
397,3
398,5
399,20
400,11
359
400,6
468
400,6
401,17
402
403,9
404,16
405
417
406,11
407,11
408,6
488
408,2
409
410,30
411,5
412,19
413,6
414,5
415,16
416
417,15
418
419,8
420,6
421,8
536
421,13
422,8
423,6
424,11
422
424,11
367
424,2
425,2
426
427,21
428,13
429,17
430,17
431,15
474
431
432,7
433,13
434,25
435,4
436,4
437,19
438
488
438,14
439,21
440,20
410
440,4
441
442,4
443,9
444,7
445,20
446,13
447,10
448,15
449,8
319
450,9
384
450,12
451,3
452
453,2
454,9
455,7
456,26
457,3
458,15
459,6
417
459,4
548
460
461,10
462,7
463
464,9
506
464,4
465,10
466,19
467
468,4
490
468
469
470
468
470,12
471,18
472,6
473,10
474,11
348
474,6
475,11
476,6
477
478,12
479,3
480,8
481,8
482,6
483,8
484,6
485
486,2
551
487,10
488,45
489,7
490,7
640
491,8
350
491,2
639
491,2
492
493,2
494,2
495,14
496,16
497
498,7
499
500,6
501,12
502,3
503,6
504,15
505,5
506,16
507,4
508,3
509,6
510
511,11
512,2
513,15
514,9
515
516,12
517,8
518,4
519,16
616
519,10
520,8
521
522,4
523,5
424
523,5
524,7
525,4
421
525,5
526
527,3
472
527,17
528,20
529
530
531,13
532,21
533,3
473
533,5
534
535
388
535
608
535,7
536,4
537,6
604
538
539,10
540
379
541,6
542,16
543,15
544,3
545,5
683
545,9
678
545,2
546,4
547
456
547,11
548,3
532
548,12
549,10
550
551,10
408
551,10
552,11
553,9
554,3
555
542
556,4
557,17
558,13
559,12
560,16
561
562,11
563,7
564,12
565,20
566,12
567,15
568,7
569,17
570,12
571,24
572
573,11
690
573,2
574
575,6
576,3
577,2
578
442
578,13
579,13
580,3
581,10
582,6
583,7
584,12
585,6
586
587,10
588,11
589,16
590,16
591,16
592,19
593,15
594,6
595
594
595,25
488
595,6
596
597,16
598,28
599,7
600,2
740
600,9
601,8
602,17
603,13
606
603,3
604,14
605,19
606,5
607,6
608,8
609,2
610,7
611,5
612
613,5
614,10
615,14
616,22
617
618,13
619,16
620,7
621,20
622,16
551
622
623
624
625,3
626,21
627,14
628
629,16
630,9
631,21
632,5
633,3
634,12
635,8
636
637,13
638,23
639,11
640
558
640,11
641
722
641
642
643,13
644,5
645,2
646,9
647,9
648,4
649,7
650
651,2
591
651,5
652,19
653,20
654,5
680
654,6
655,16
656,10
657,2
658,8
659,5
660
661,12
662,2
663,21
664,4
665,13
722
665
666
542
666,10
559
666
667,8
668,9
631
668,27
669,6
670,7
671
672,8
673
674
675,17
618
675
676,9
677,17
678,18
679,4
680,5
681
682,7
683,20
684,17
685
686,8
687,11
789
687,18
688,3
689,23
690,9
691,12
692,13
693,4
587
693,5
694
695,4
696,7
717
696,11
697,5
698,4
640
699,5
700,8
701,7
702,9
703,22
704,8
705,3
706,15
707,23
708,8
709
710
711,14
712,5
713,17
879
713,13
714,14
715,14
716,3
717,20
744
717,2
718
720,13
721
722,14
618
722,14
723
890
828
723,8
724,12
725
726,8
727,3
728,2
729,9
730,6
731,6
732,9
733,9
753
734
735,14
647
735,6
736,6
737
641
737,3
738,8
739,6
740,3
622
740,11
741,19
742,4
743,14
744,5
745,15
746
747,9
748,23
632
748
749,16
750,9
751
752,9
753,4
754,17
755,8
756,2
757,14
758,9
759,6
760,7
761,7
762,9
763,15
764,17
765,9
766,6
767,10
768,11
769,10
770,17
771,2
772,5
773,13
774,2
775,10
776,14
777,3
778,9
779,6
780,6
781,6
782
783,4
784,7
785,7
786,16
787,9
788,17
789,10
790,18
791,19
792
793,6
794,8
795,12
815
795,2
796
797,3
909
797,2
798,7
799,11
936
800,18
801,12
678
801
802,6
803,5
804,2
805
806,17
807,10
808,3
809,15
810,5
820
810,20
811,17
812,9
813,2
812
813,7
814,13
815,13
816,12
817,7
818,8
810
818,5
819,2
719
819,20
820,20
821,11
920
821
822,13
743
822,15
823
824,12
825
826
827
961
827,11
828,20
829,6
830,8
831,5
832,4
833,3
834
835,21
836,5
837,23
838
829
838,5
839,9
840
841,7
783
841,9
842,25
843
844,3
784
844,13
845,6
846
847,15
848,11
849,14
850,12
851
852,22
853,17
854,10
855,12
856
857,14
858,5
859,17
860,5
861
862
824
862,6
863,5
864,10
865,10
866
867,14
868,2
869,10
870,14
818
870,3
871,2
872,6
873,10
973
873,2
874,8
875,2
876,10
1033
876,3
877,2
878,12
879,19
880,6
733
880,6
881,5
948
881,13
882
726
882
886
882,4
883,3
884,14
885,12
886,6
819
886,13
887,6
888,7
889,9
890,6
891,7
892,16
790
892,8
893,2
894,10
895,8
896,8
897
898,6
899,23
900,17
901,12
902,5
903,14
904,7
905,4
936
905,9
906,6
907
908,8
909,3
910,14
911,12
912,6
913,5
914,11
915
916,4
917,7
918,5
919,10
920,3
936
920
1025
920,3
921,15
922
995
922,4
923,16
924,12
879
924,12
925
926,17
927,9
928
929,11
930,17
931,3
932,9
933,9
934,7
935,14
936,17
937
938,19
853
938,7
939,2
940,4
941,7
942,6
943,22
944
945
946,7
947,3
943
947
948,5
1113
948,15
949
950
951,6
952,13
953,25
954,35
812
954,13
955,7
956,12
957,9
958
959,11
960
961,14
962,5
819
962,6
963,7
964,9
965,11
966,6
967,15
968
969,16
970,8
971,6
972
933
972
973,12
974
975,15
976
977,5
978,6
979
980
981
982,27
983,5
831
983,2
984
985,8
986,9
987
988,12
1098
988,2
989,14
990,27
991,15
992
993,11
994,3
995,7
996
997,8
998,5
1055
998,9
1139
998,2
999,8
1000,9
1001,2
1002,8
1003
1116
1003,8
1004,8
1005,3
1006,11
1007,6
990
1007,12
1008,2
1009
1010,9
1011,5
1012,8
1013,12
1014,17
1015,9
1016,8
1017,8
1018,5
1019,5
1020,3
1021,3
873
1021,3
1022
1023,13
1024
1025,15
954
1025,3
1026,2
1027
881
1028,2
1029,8
1030,8
1031,5
1032,23
1033,7
1034,10
978
1007
1034,11
1035,9
1036,4
1037,5
1038,3
1039,4
1040,10
1041,7
1042,6
1043,2
971
1043,5
1044,7
1120
1044,6
1045,13
1163
1045,3
1046
869
1046,5
1047,6
1048,7
1049,11
1050,16
1051,22
1052
1053,8
1054
1055,6
1056
1057,16
1058,12
1059,13
905
1059,3
1060,8
1062,6
1063,9
1064,7
1065,4
1066,8
977
1067,27
1068,9
969
1068
1069,9
1070,3
1071,13
1072
1073,4
1074
1075,12
1076,17
1077,5
1078
1079,10
1080,5
924
1080,3
1081,2
1082,9
1083,8
1084,19
1061
1084
977
1085,2
1211
1085,2
1086,3
1087,11
1088,17
1089,8
1090,3
1058
1090,4
1091,26
1092,34
1093
1094,24
1095
1096
1097,25
1098,18
1099,10
1100,23
1101,3
1102,2
963
1102,20
1103,2
1050
1103,3
1104,12
1105,10
1106,2
1107,14
1108,7
1109,4
1110,9
1111,9
1112
1113,25
1114,9
1115,8
1116,9
1117
1118,16
1119,3
1120,6
1121,16
1122,2
1123,6
1124,20
1125,8
1126
1127,4
1107
1127,11
1128,20
1129,15
1130,3
1131,2
1132,18
1133,10
990
1133,3
1134,10
1135,7
1174
1100
1135,4
1136,5
1137,5
1138,5
1139,8
1140,2
1141
1142
1143,12
982
1143,9
1144,11
1145
1146,12
1147,14
1148,5
1149,2
1150,9
1151,21
1152,12
1153,17
1154,14
1155,15
1156,8
1157
1158,24
1071
1158
1159
1160,4
1138
1160,12
1161,3
1162,13
1163,15
1164,3
1205
1164,12
1165,15
1166
1167,6
1151
1167,5
1168,11
1169,4
1170,16
1171,10
1008
1171,4
1172,9
1173,9
1174,12
1115
1174,3
1264
1174,3
1175,13
1176,7
1267
1176,10
1177,12
1178,7
1290
1179,24
1180,8
1181,13
1211
1181
1182,8
1183,8
1184,18
1185
1186,19
1187,7
1188
1189,13
1190
1191,3
1228
1191,13
1192,4
1193,10
1194,17
1195,7
1196,11
1197,7
1198,19
1324
1198,5
1199
1200,7
1335
1200,5
1201
1202,10
1331
1202
1203,5
1204,7
1205,12
1206,8
1207,9
1208,17
1209,3
1210,6
1192
1210,7
1211,3
1259
1211,6
1310
1211,8
1212,3
1213
1300
1213,14
1214,10
1215,16
1216,12
1217,7
1218,5
1219,11
1220,8
1222,7
1223
1224,2
1225,11
1226,9
1227,7
1228,12
1229,14
1230,9
1231,20
1232,6
1245
1232,9
1233,15
1328
1233,11
1234,18
1235,3
1236
1237
1288
1237
1238,8
1239,9
1240,8
1241,10
1242,27
1243,9
1244
1245,9
1246
1247,4
1248,2
1249,8
1250,25
1251,5
1252,11
1253,24
1254,17
1255
1175
1255,3
1256,7
1257,8
1258
1259,14
1260,8
1261,24
1262,16
1263,14
1264,11
1221
1264,14
1265,11
1266
1267,8
1342
1267
1268,12
1330
1268,4
1269,10
1270,13
1407
1270,6
1311
1270,7
1271,7
1272,5
1273
1274,7
1275,19
1276,14
1233
1276,7
1277,10
1278,5
1279,8
1280,12
1324
1280,10
1281,10
1282,5
1316
1282,7
1283,11
1284,6
1285,9
1286,12
1287,12
1288,17
1289,23
1216
1289
1290,34
1291,9
1292,3
1293
1294,10
1295,8
1296,6
1399
1296,2
1297,16
1298,6
1299,16
1300,10
1301,8
1302
1189
1303,8
1304,7
1305
1306,12
1334
1306
1307,15
1308,9
1309
1310,8
1311,14
1312,11
1313
1255
1313,7
1314
1315
1316,11
1317
1318,4
1319,4
1320,14
1321,13
1367
1321,5
1322,3
1323,9
1324,3
1373
1324,8
1483
1324,14
1325
1326,5
1327
1328,3
1329,7
1330,9
1331,26
1332,7
1333,3
1334,2
1335,14
1336,13
1337
1338
1264
1339,10
1340,9
1341,14
1250
1341
1342,28
1343,8
1250
1343,6
1344,13
1345,4
1346
1347,11
1348,3
1497
1348,3
1349,3
1350,10
1351,16
1352,6
1262
1352,3
1353,8
1354,27
1355,15
1474
1355,3
1356,13
1357,7
1358
1359,2
1360,4
1228
1360
1361,5
1362,6
1250
1362,7
1363,14
1364,15
1483
1365
1366,5
1344
1366,9
1367,26
1368
1215
1368,11
1369,3
1377
1369,13
1370,8
1371,14
1372,4
1373,11
1271
1373,12
1374,5
1375,2
1307
1375,3
1376,4
1377,11
1378,11
1379,10
1380
1381
1382,17
1383,7
1384,11
1385,4
1425
1385,9
1455
1386,4
1467
1386,2
1387,5
1388,10
1389
1390,12
1292
1390,4
1391,9
1413
1392,2
1354
1392
1533
1502
1392,10
1393
1394,2
1356
1394,13
1395
1396,14
1397,26
1398,9
1399,9
1400,13
1401,8
1402,11
1403,6
1404,3
1405,7
1406,5
1407,4
1408
1409,10
1410,5
1540
1410,8
1411,12
1412,4
1413,20
1414,4
1415,3
1255
1415
1334
1415,18
1416,12
1417
1418,8
1419,5
1524
1419,3
1384
1419,6
1420,14
1421,2
1422,5
1487
1422
1423,9
1424,7
1425,13
1426,22
1301
1426,3
1427
1428,5
1404
1428
1539
1428,7
1429,15
1430,19
1431,15
1432,9
1433,4
1434
1435,4
1436,10
1437,34
1438,21
1439,2
1364
1439,2
1520
1439,5
1440
1441,11
1442,23
1443,4
1423
1443
1444,8
1445
1446,10
1447,9
1534
1448,6
1449,19
1450,11
1451,10
1363
1451,13
1452,14
1388
1452,4
1453,23
1454,14
1455,19
1456,10
1457,4
1458,3
1459,5
1460,4
1475
1460,10
1461,4
1586
1461,9
1462,2
1463,16
1464,9
1465,2
1466,12
1467,5
1468
1469,8
1470,2
1627
1470,5
1471,6
1472,23
1473,6
1474,11
1475,15
1476,11
1477,6
1478,5
1479,10
1489
1479,3
1480,13
1481,2
1482
1483,16
1484,14
1485,13
1486,17
1487,13
1488,5
1489,5
1490
1491,7
1492,5
1493,8
1494,23
1495
1496,3
1497,12
1498
1499,2
1562
1499
1595
1499,6
1500
1501,15
1502,13
1503,20
1437
1504,11
1505
1506,7
1507,10
1508,7
1388
1508,6
1509,12
1510,9
1425
1510,3
1593
1510,8
1511,2
1512,2
1513,17
1514,19
1515,4
1516,16
1517,2
1518,2
1519,3
1591
1519,4
1520,3
1521,7
1522
1415
1522,11
1523,2
1524,15
1525,5
1558
1525,11
1526,11
1527,3
1528
1529,29
1530
1531,35
1532,6
1576
1533,6
1600
1533,5
1534,15
1535,26
1536,9
1537,9
1538
1539,14
1540,7
1541,10
1542,9
1543,3
1544,16
1545,14
1546,3
1547
1548,12
1549,16
1550
1551,10
1552,13
1553,3
1554,34
1667
1554
1454
1555,2
1556,3
1557
1604
1557,3
1558,8
1559,3
1560,11
1561,2
1609
1561,8
1562,13
1563,12
1564,17
1565
1615
1566,5
1567,8
1717
1567,9
1568,7
1569,9
1570,6
1571
1572,6
1573,5
1574
1575,6
1476
1575,4
1480
1575,5
1576
1542
1576,9
1577,17
1578,5
1579,22
1580,3
1510
1580,7
1581,9
1573
1581,12
1582,9
1583,3
1584,3
1585
1586,14
1587,18
1588,8
1475
1589,10
1590,3
1515
1590,6
1591,3
1592,4
1593,8
1594,12
1595,12
1596,11
1597
1603
1597
1673
1597,20
1598,8
1599,7
1600,9
1601,16
1608
1602,4
1718
1602,3
1537
1602
1736
1602,6
1603,8
1604,13
1605
1606,21
1465
1606,15
1607,17
1608,15
1609,6
1610,18
1532
1610,6
1611,7
1612
1613,10
1614
1615,15
1616,10
1617,24
1618,2
1498
1499
1618,11
1619,10
1620,7
1621
1622,19
1623,15
1624,17
1773
1624,7
1625,6
1513
1625
1626,7
1627,29
1628,7
1602
1628,7
1629
1630,17
1631,5
1680
1631,8
1632,8
1625
1632,4
1633,4
1719
1633,6
1610
1633
1634,7
1635
1636,3
1637,11
1638,9
1639,6
1640,8
1641,7
1642,9
1643,21
1644,8
1645,10
1646,2
1647,4
1579
1647
1648
1573
1648,17
1726
1648
1649,10
1637
1649
1818
1649,3
1650,2
1531
1650,5
1651,21
1652,4
1653,9
1654,5
1655,10
1656,4
1657,14
1658,4
1659,7
1660,27
1661,8
1662,6
1806
1662,23
1663
1620
1665,15
1721
1665
1666,9
1667,13
1668
1634
1668,9
1669,5
1816
1669,19
1670,3
1671,5
1672
1673,2
1818
1673,5
1674,3
1675,4
1676,11
1677,12
1678
1567
1678,7
1763
1678
1679,7
1680,8
1681,5
1682,15
1683,3
1684,4
1685,3
1686,6
1577
1686,5
1687
1688,21
1665
1688,3
1689,3
1690
1691
1692
1693,7
1694,15
1695,11
1696,6
1865
1697
1698,2
1699,4
1755
1699,12
1588
1699
1700,5
1701,18
1702
1703,4
1704,3
1705,5
1706,8
1707,21
1853
1707
1708,10
1709
1710,9
1711,5
1712,7
1713
1714
1715,13
1716,11
1717,13
1578
1717,3
1718,8
1664
1718,7
1719,8
1720
1721,19
1722,8
1723,16
1724,16
1725
1686
1725,3
1726,27
1727,4
1728,15
1729,12
1638
1729,3
1834
1729
1730,4
1866
1730,9
1676
1731,5
1732,2
1733,8
1734,9
1735,12
1736,7
1808
1736
1737,18
1738
1739,14
1740,17
1741
1742
1743,8
1744,20
1745,5
1746,20
1747,2
1748,8
1749
1750,24
1751,11
1694
1751
1752,9
1753
1754
1755,5
1756,21
1757,3
1758,27
1759
1760
1761,9
1717
1761
1762,7
1763,15
1764,21
1765,24
1766,7
1767,16
1768,4
1867
1768,7
1769
1770,13
1771,10
1772,17
1773,5
1774,4
1775
1722
1776,3
1777,5
1778,2
1779,4
1780,30
1781,2
1782
1783,18
1784,11
1785
1786
1727
1786,15
1787,4
1788,8
1789,7
1790,6
1637
1790,25
1791,11
1792,4
1793,6
1794,5
1783
1794
1795,2
1639
1795,11
1796,7
1797,13
1798,10
1799,13
1800
1801,14
1802,14
1803,8
1804,2
1805
1807,8
1808,11
1809,3
1810
1811,12
1812,5
1813,4
1689
1813,4
1814,2
1915
1814,9
1815,8
1816,10
1845
1816,9
1817,2
1920
1817,10
1818,12
1819
1820,22
1821,5
1822,7
1985
1822,15
1823
1824,19
1825,8
1826,9
1827,5
1966
1827,5
1828,2
1829,5
1830,2
1831,10
1767
1831,13
1832,7
1833,10
1834,19
1835,5
1858
1835,4
1836,7
1837
1662
1837,14
1838,6
1839
1840
1841,9
1842,5
1843,9
1844,7
1845,3
1758
1845,7
1846,3
1820
1846,12
1847,12
1848,10
1849,16
1850,33
1851,12
1852,7
1842
1852,2
1853,11
1854,3
1855,9
2024
1855,3
1856,2
1857,9
1858,12
1859
1860,6
1861,13
1862,5
1863,8
1864,9
1865,13
1866,20
1867,9
1868,6
1869,5
1871,7
1872,2
2039
1872,6
1873,8
1870
1873,2
1874
1875,10
1876,14
1877,13
1878,8
1879,6
1758
1879,2
1880,2
1881,2
1882
1883
1952
1883,12
1884,17
1885,10
1886,4
1887,11
1888,13
1889,6
1831
1889,7
1890,6
1891,7
1892,9
1893,14
1894,5
1976
1894
1895,9
1896
1897,8
1898,15
1899,3
1958
1899,7
1900,6
1901,26
1902,8
1903,9
1904,24
1905,4
1786
1905,5
1906,13
1907,7
1908
1909
1910,15
1911,16
1912,18
1913,9
1914,10
1915,12
1916,23
1917
1918,23
1919,11
1920,15
1921,16
1922,3
1923
1924,6
1925
1776
1925,5
1926,9
1927,8
1928,7
2084
1928,3
1929,6
1930,23
1931,3
1932,13
1933,28
1934,14
1935
1936,8
1937,7
1938,8
2007
1938,11
1939
1933
1939
1940
1941,3
1942,8
1943,8
1944,9
1945,9
1946,8
1947,7
1948,4
1847
1948,4
1949,7
1950,7
1951,5
1952,3
1953,6
1954,26
1955,8
1956,11
1957,6
1958,16
1959,9
1960,10
1961,10
1962,8
1963,6
1964,7
1965,3
1966,4
2046
1966,11
1967,13
1834
1967
1968,2
1969,11
1970,22
1971,9
2067
1971,4
1972
1973
1974,6
1975,5
1976,6
1852
1977,18
1978,12
1979,7
1954
1918
1979,10
1818
1980
1831
1980,16
1981,7
1982,8
2122
1982
1983,4
1984,10
1985,9
1986,3
1876
1986,4
1987,16
1988,4
2084
1988,12
1989,10
1990,13
1991,3
1992,2
2041
1992,18
1993
1994,3
1995,4
1996,27
1997
1998,5
1999,11
2000,9
2001,4
2002,9
2003,12
2004,24
2005
2006,8
2007,2
1905
2007,6
2008,9
2009,3
2010
2111
2010,5
2011,2
2012,6
2013,26
2014,14
1936
2014,2
2015,3
1954
2015,6
2016,3
2017,7
2018,11
2019,7
2020,12
2021,8
2022,8
2023,9
2024,6
2025
2026,11
2027,11
2028,9
2149
2028,4
2029,12
2030,12
2031
2032,3
1938
2032,7
2033,27
2034,7
2035,14
2036,2
2037,11
2038
2039,14
2040
2041,9
2042,3
2043,9
2044
2045,17
2046,9
2047,9
2048,8
2049,9
2189
2049
2050,19
2051,7
2052,14
2053,20
2054,6
1992
2054,2
2055,11
2056,9
1905
2056
2057,10
2058,19
2059
2060,2
1925
2060,6
2061,9
2062
2063
2064,2
2065,21
2030
2065,4
2066,9
2067,21
2068,14
1946
1944
2068
2069
2070,2
2071,16
2072,9
2073,5
2074,4
2075,13
2076,7
2077,5
2078,3
2079,22
2080,9
2081,10
2082,13
2083,13
1954
2083,8
2084,13
2085,16
2086,2
2087,18
2088,15
2089,7
2090,2
2226
2090,2
2091,11
2092,22
2093,23
2094,15
2095,4
2096,3
2097,14
2003
2097,4
2098,2
2099,25
2160
2099
2100,2
2088
2100,2
2101,10
2102,13
2103
2056
2103,27
2104,23
2105
2106
2263
2106,2
2107
2108,2
2109,5
2124
2109,17
2110,10
2111,6
2112,22
2113,9
2114,14
2115,13
2116,5
2101
2116,3
2117
2118,15
2119,21
2120,2
2121
2122,8
2123
2124
2128
2124,13
2125
2181
2125,4
2126,7
2127,8
2128,8
2206
2128,8
2179
2129,7
2130
2131,7
2132,7
2104
2132,17
2133,5
2134,13
2135,12
2136,8
2137,14
2138,8
2139,8
2140,9
2141,12
2142
2143,18
2144,14
2145,3
2146,6
2147,17
2173
2147,10
2057
2147
2148,8
2149,11
2009
2149,9
2150,6
2151,6
2152,8
2153,8
2057
2154
2155,6
2156,8
2157
2158,3
2159,8
2055
2159,11
2160
2161,14
2162,15
2163,7
2164,7
2162
2164,4
2165,16
2166,7
2167,10
2168
2169,4
2170,23
2171
2172
2173,3
2166
2173,13
2174,18
2175,17
2176,10
2177
2198
2177,9
2178,16
2179,15
2180,21
2181,8
2182,17
2183,17
2298
2184
2185,22
2186,9
2187,21
2188,6
2189,19
2190,3
2191,3
2192,10
2193,10
2307
2193,2
2194,13
2195,16
2196,13
2197,6
2198,23
2199,11
2092
2199,3
2200
2201,12
2202,10
2203,15
2204,8
2205
2206,10
2322
2207,20
2208,3
2209,6
2210,19
2211,10
2212,8
2213,2
2214
2215,9
2216,2
2217,16
2218
2219
2220,24
2221,6
2222,7
2223,5
2224,19
2225
2226,7
2227,18
2228
2229
2230,10
2231,7
2232,18
2233,17
2234,6
2235,11
2236,19
2237,13
2238
2239,9
2240,6
2241
2242,14
2243
2244,21
2245,24
2246,10
2247,9
2248,21
2249,13
2250,5
2355
2250,6
2251,10
2252,27
2253
2254,9
2255,4
2352
2255,13
2256,7
2285
2256
2257,3
2258,5
2259,7
2260,21
2261
2262,9
2263,7
2266
2263,9
2264,18
2265,18
2266,16
2267,5
2268,14
2269,13
2270,15
2271,16
2272,18
2273,11
2274,11
2275,2
2276,9
2277,13
2278
2279,8
2280,6
2281,8
2282,4
2283
2284,14
2285,11
2286,10
2245
2286,16
2287,8
2335
2287,8
2288,7
2289,6
2397
2290,8
2217
2290,10
2291,5
2292,8
2282
2292,8
2293,11
2294,3
2295,6
2296,4
2297,13
2298,22
2299,2
2300,6
2301,4
2302,3
2303
2304,22
2305
2335
2305,11
2306,13
2307,9
2308,12
2309,5
2469
2309,2
2310,7
2386
2310,2
2311,6
2312,19
2313,3
2167
2313,2
2314,5
2315,16
2316,5
2317,14
2472
2318,2
2319,7
2320,3
2321
2424
2321,7
2252
2322,7
2323
2324,9
2325,8
2326,3
2327,8
2223
2327,6
2328,4
2329
2330,8
2331,18
2332,21
2333
2334,27
2335,10
2336
2337,19
2338,9
2339,3
2185
2339,6
2340,14
2341,21
2342,4
2343,21
2344,14
2345
2346,17
2347,6
2348,22
2419
2348,4
2349,13
2350,7
2351,9
2352,9
2353,3
2232
2353
2354,11
2355,10
2356,20
2357,15
2358,2
2359,9
2360,10
2361,9
2362,11
2363,14
2364,4
2365,6
2366,35
2367,4
2368,16
2369,17
2370,11
2532
2371,3
2372
2373
2374,6
2471
2374,8
2375
2376,7
2364
2376,6
2377,9
2430
2377
2378,24
2513
2378,4
2379,4
2380,6
2381,15
2382
2496
2382
2383,18
2384,4
2385,5
2386,6
2387,11
2308
2388
2389,9
2390,5
2340
2390
2391,14
2392,3
2413
2392,4
2393
2394,16
2395,2
2396,23
2397,12
2285
2397,3
2398,10
2399,13
2400
2401,2
2402,4
2403,8
2404,8
2405,4
2406,11
2407
2408
2409,8
2410
2297
2410,8
2411,15
2412,8
2413,10
2414,3
2415,11
2416
2383
2416,6
2417,4
2418
2419,17
2420,24
2421,12
2422,16
2423,3
2424,7
2425,6
2426,22
2427,25
2428,21
2429
2430,8
2431,13
2432,17
2433,13
2434,3
2331
2435,2
2335
2435,3
2587
2435,8
2436,14
2437,15
2438
2439
2440
2441,14
2442,3
2443,9
2534
2443
2444,5
2445,6
2446
2447,6
2448,4
2449,9
2450,8
2451,5
2452,5
2453,7
2454,11
2455,4
2495
2455,3
2456
2457,10
2458
2491
2459
2460
2461,14
2462,3
2463,9
2464,6
2465
2466,19
2467,10
2468
2469,15
2470,10
2471,13
2472,7
2473,4
2545
2473,22
2474
2475,5
2497
2475,12
2476,3
2477,15
2478,7
2607
2478,16
2479,3
2480
2481,7
2482
2352
2482,6
2449
2482,5
2483,4
2484,26
2485,9
2486,9
2487,7
2488
2496
2488,21
2489,9
2490,5
2491,13
2492,21
2493,18
2494,4
2331
2494,4
2495,8
2496,27
2497,6
2444
2497,13
2498,12
2499,8
2500,7
2501,5
2650
2501,2
2502
2503,3
2504,3
2505,14
2506,2
2507,3
2508,23
2509,5
2523
2509,8
2510,14
2511,7
2512
2513,7
2514,8
2515,11
2516,17
2517
2518,14
2519,4
2520
2521,17
2522,7
2523,5
2524
2525,19
2526,18
2649
2526,9
2527,10
2528,2
2529,10
2530,9
2531,10
2532
2533,25
2534,23
2535
2536,12
2366
2536,6
2537
2538,15
2539,26
2540,9
2541,3
2451
2541,2
2542
2543,7
2544,5
2545,23
2546
2547,9
2548,16
2549,18
2496
2549
2550
2551,16
2552,14
2553
2554,3
2555,12
2556
2557,9
2558,7
2559,2
2560,15
2561,4
2562,3
2405
2562,6
2563
2564,15
2565
2566,21
2567,9
2568
2599
2568,23
2569,5
2570,4
2571,9
2572,11
2573
2574,6
2575,13
2576,13
2577,9
2578,18
2579,7
2580,16
2581,14
2582,10
2583,8
2584,8
2585
2586,5
2587,4
2588,6
2589,9
2590,4
2591,6
2592
2593,9
2594,5
2595,6
2564
2595,3
2596,4
2534
2596,2
2597,3
2598,5
2618
2598,17
2599,27
2600
2601,11
2602
2603
2604,10
2605,23
2606,30
2607,11
2608
2609,8
2610
2611,15
2612,17
2613,8
2614,5
2615,2
2552
2616,17
2617,5
2505
2617,5
2649
2618,7
2619,19
2620,10
2621,12
2721
2622
2623
2564
2623,13
2624,4
2625,2
2471
2626,15
2627,5
2628
2718
2628,7
2629,4
2630,4
2631,11
2632,6
2692
2632,5
2633,14
2634,10
2635,9
2636
2637,4
2638,13
2639
2640,2
2713
2640,14
2641,13
2642,14
2643,2
2644,8
2645,4
2646,12
2505
2646,12
2647
2648,3
2539
2648,3
2649,18
2650,6
2651,3
2652,19
2653,16
2654,46
2655,5
2656,15
2657,11
2658,6
2525
2658
2659,6
2660,2
2661,12
2662,8
2663,13
2664,16
2548
2664,11
2665,8
2666
2667,11
2668,8
2669,3
2670,8
2671,3
2672,5
2673,10
2674,7
2675,8
2676,5
2677
2680
2677,5
2678
2679,4
2680,19
2681,26
2682,29
2683,14
2684,14
2685,16
2686,8
2687,17
2688,5
2689,9
2690,12
2691,15
2692,21
2693,8
2694,25
2695,19
2845
2695,4
2696,4
2697,17
2864
2697
2698
2699,6
2700
2818
2700,3
2701,13
2702,8
2703,12
2714
2703,4
2704,2
2705
2706
2707,10
2708,20
2799
2708,4
2552
2708,6
2709
2710,32
2711,15
2712,9
2713,15
2714,6
2715,10
2875
2715
2716,7
2840
2716,2
2717,12
2718,23
2719,11
2720,3
2721,9
2722,11
2723,2
2724,7
2725,13
2726,8
2663
2726
2727,10
2728,3
2729,10
2730,5
2731,6
2732,6
2733,22
2734,5
2735,9
2736,7
2822
2736
2737,13
2695
2737,5
2738,5
2739,9
2740,27
2741,7
2742,15
2743
2744,4
2745,31
2715
2745,2
2746
2740
2746,18
2747,31
2738
2748,9
2749
2750,14
2751,4
2752,12
2753,15
2754,5
2755,13
2756
2757,6
2722
2757,3
2758
2759,3
2760,13
2761,10
2762,8
2763
2764
2765,9
2804
2765,7
2766,17
2767,9
2785
2767,2
2768,3
2769,2
2770,4
2771,9
2772
2773,8
2774,9
2775,2
2760
2775
2776,6
2935
2776,3
2777
2778,13
2719
2778,4
2629
2778
2779,2
2780,7
2781,7
2782,6
2783,5
2718
2783,10
2784,15
2785,32
2786,18
2987
2786,15
2787,12
2788,20
2789,14
2790,16
2791,7
2792
2793,10
2794,11
2795,14
2796
2797,2
2798
2799
2800,12
2801,16
2802,25
2803,4
2804,22
2805,3
2806
2807,5
2808,11
2809,15
2810
2811,15
2812,9
2813,3
2715
2814
2815,10
2816,7
2817,12
2818,12
2819,3
2820,7
2977
2820,27
2821,4
2822,10
2823
2824,2
2870
2824,13
2825,9
2826
2827,12
2828,23
2829,4
2830,10
2831,7
2832,10
2833
2834,3
2685
2834
2835,6
2836,8
2837,10
2838
2944
2838,5
2839,2
2862
2839,9
2840,13
2841,18
2842
2843,16
2844
2845,12
2846,5
2847,10
2848,7
2849,7
2850,13
2851,9
2852
2853,2
2710
2853,10
2920
2853,3
2827
2853,3
2854,12
2855,8
2856,9
2857,20
2858,2
2859
2860
2830
2860,2
2861,4
2862,20
2863
2864
2978
2864,15
2846
2864,2
2865,6
2866
2867,18
2868,11
2869,15
2870,11
2871,2
2872,6
2873
2765
2873,11
2941
2873,7
2874,13
2875,28
2876,9
2877,13
2878,2
2879,18
2880,7
2881
2882,14
2883,8
2884,13
2789
2884,7
2885,8
2886,4
2887,15
2888
2889,8
2766
2889,2
2890,3
2891,21
2892
2893,10
2894
2895,6
2932
2895,8
2896,3
2897,16
2898,12
2899,12
2900
2901,5
2902
2903,12
2904,12
2905
2906,2
2907,5
2908,17
2909,3
2910,16
2911,11
2912,3
2913,17
2914,11
2915,8
2916,9
2917
2918
2919,2
2920
2919,12
2920,23
2921,26
2978
2921,5
2922,12
2923,5
2924,9
2832
2924,9
2925
2926,7
2927,9
2928,29
2929,3
2930,8
2931,17
2932,16
2933,5
2934,15
2935,6
2936,5
2937,15
2938,12
3036
2938,2
2939,7
2940,11
2941,15
3014
2941,9
2942,4
2943,6
2944,12
2945,7
2946
2947,15
2948,9
2949
2950,6
2951,3
2952,7
2953,6
3009
2953,7
2954,14
2955,10
2956,7
2957,19
2958,14
2993
2958,6
2959,3
2927
2959,9
2960,3
2961,6
2962,21
2963,2
2964,8
2965,8
2966,5
2967,9
2968
2969,4
3119
2969
3015
2969,4
2970,4
2971,7
2972
2973,5
2974
2975,6
2956
2975,8
2976,5
2977,4
2978,24
2979,7
2980,5
2981
2982,11
2983,7
2984,3
2985,17
2986
3093
2986,7
2987,31
2889
2987,9
2988,6
2989
2990,18
2991,10
2992,10
2993,19
2994,8
2995,4
2996,4
2997,2
2998,13
2999,19
3033
2999,7
3000,11
3001,13
3002,17
3003,16
3004,11
2993
3004,2
3005
3006,11
3068
3006,2
3007,2
3010
3007,17
3008,19
3009,17
3010,6
3011,16
3012,2
2958
3012,7
3013,19
3014,24
3015,7
3016,5
3017,13
3018,6
3019,13
3020,9
3021
3176
3021,10
3022,17
3062
3022
3023,17
3024,12
3025,3
3026,7
3027,10
3028,2
3029,10
3030,9
3031,5
3032,15
3033,16
3034
3035,4
3036,6
3037,3
3038
3039,11
3040
3013
3040,4
3041,5
3042,7
3043,19
3044,5
3045,5
3046,8
3047,3
3048
3049,7
3050,2
3168
3050
2920
3050,4
3051,2
3052,34
3053,7
3054,14
3136
3054,5
3055,5
3056,20
3094
3056,8
3057,8
3058
3059,10
3060,5
3061,11
3062,8
3063,17
3064,18
3065,9
3066,7
3067,13
3013
3067,6
3068,23
2975
3068,13
3069,5
3105
3069,4
3070,5
2922
3070,17
3071,7
3072,5
3073,9
3074,11
3075,13
3076,7
3077
3040
3077,3
3078,8
3079,9
3080,7
3081,8
3082
3083
3084,6
3163
3109
3084,7
2931
2928
2998
3084,8
3085,11
3086,15
3087
3088,22
3089
3090,12
3091,7
3092,2
2987
3092,15
3195
3092,3
3093,6
3094,25
3095
3096,3
3097,2
3098,3
3099,15
3100,8
3046
3100,2
3101,15
3102,3
3103,11
3104,7
3105,12
3106,2
3107,10
3101
3107,12
3209
3107,2
3234
3107
3108,8
3109,4
3110,6
3111,5
3112,13
3113
3114,8
3115,2
3116,23
3117,9
3118,18
3176
3119,9
3271
3119,4
3120,22
3121,6
3122
3123,5
2994
3123
3124,14
3238
3124,12
3125
3126,14
3127,10
3128,7
3129,12
2975
3129,7
3130,15
3131,7
3132,14
3133,10
3134
3135,11
3136,15
3137,8
3138
3139,3
3254
3139,7
3033
3139
3140,5
3141
3142,4
3143,5
3144,5
3145
3146,7
3147,15
3148,19
3149
3150,9
3064
3150,4
3151,12
3152,7
3153,2
3154,9
3155,14
3156
3157,8
3158
3159,4
3160
3161,6
3162,16
3163,16
3164,10
3042
3164,5
3165,3
3037
3165,4
3166,5
3167,3
3168,6
3169
3170,26
3171
3172,16
3173,8
3174,8
3239
3174,10
3175,9
3176,15
3177,9
3178,29
3085
3178,5
3179,5
3180,14
3181
3182,22
3183,7
3152
3183,13
3184,12
3185,20
3186,13
3187,10
3188,10
3189,17
3190,7
3191,7
3192,3
3200
3192,9
3193,9
3194,9
3195,4
3196,10
3283
3196,8
3197,7
3055
3197,4
3198,4
3199,12
3200,7
3048
3200
3201,2
3202,14
3203,4
3256
3203,4
3204,22
3205,15
3132
3205
3052
3205,5
3206
3207,4
3208,6
3209,6
3075
3209,9
3210,17
3211,5
3212,14
3213,2
3214,9
3293
3214,2
3215,10
3216,3
3217,7
3218,17
3219
3220
3221,5
3222,2
3223,3
3224
3225,12
3226,15
3238
3226
3227,10
3264
3227,13
3228,5
3229,15
3230,20
3231,3
3232,6
3165
3232,5
3233,3
3234,5
3235,9
3236
3237,3
3238,16
3282
3238,6
3239,18
3240,14
3241,5
3242,20
3243
3244,6
3245,3
3246
3247,10
3248,6
3249,7
3250,11
3251,6
3252,12
3253,6
3254,8
3255,7
3283
3255,3
3256,14
3327
3256,5
3257
3258,11
3259,6
3260,10
3261,15
3262,8
3263,7
3264,21
3265,15
3266,2
3267
3268,5
3161
3268,2
3269,7
3270
3271,9
3272,2
3273,5
3274,6
3275,5
3276,20
3277,8
3278,6
3279,12
3280,13
3281
3282,10
3387
3282,10
3283,8
3284,8
3285,6
3286,2
3186
3286,11
3287,3
3288,7
3289,12
3290
3393
3290,15
3291,20
3292,4
3293,25
3294,12
3295,9
3296,7
3297,13
3298,13
3299,3
3300,9
3301,13
3302,17
3303,21
3304
3305,13
3306,4
3307,9
3308,10
3309,14
3310,6
3311,13
3330
3311,3
3312,9
3313,11
3314,5
3235
3314,5
3315
3316
3317,7
3318,11
3157
3318,9
3225
3318,3
3319,20
3320,11
3449
3320,2
3321,5
3410
3321,5
3322,8
3323,12
3324,23
3325
3326,6
3327,26
3328,22
3329,25
3197
3330,25
3331,7
3332,16
3333
3334,10
3225
3334,10
3335,3
3410
3335,13
3336,16
3337,11
3338
3339,14
3340,2
3319
3340,14
3327
3340,3
3242
3340,7
3341,12
3342,11
3343
3344,2
3345,8
3346,6
3438
3346,10
3347,12
3348,18
3405
3348,3
3349
3350
3351,4
3352,5
3185
3352,2
3353,10
3354
3355,5
3356,5
3283
3356,18
3357,21
3358,5
3359,3
3360,4
3361,19
3362,8
3449
3362,22
3363,3
3402
3363
3364,10
3400
3364
3365,13
3366,32
3367,8
3368,14
3369,19
3370,2
3419
3370,22
3371,3
3372,10
3373,16
3374
3375,4
3276
3375,5
3510
3375,8
3376
3377,26
3378
3379,4
3380,9
3381,9
3382
3383,11
3384,9
3385,4
3386,7
3387,15
3388,6
3389,7
3390,8
3391,9
3392,9
3393,12
3273
3393,7
3394,16
3395
3396
3397,13
3398,15
3399,18
3400,5
3428
3400,7
3401
3402,9
3403,14
3404,19
3405,14
3420
3405,7
3406,4
3489
3406,6
3418
3406,6
3407,16
3559
3407,7
3408,7
3409,8
3426
3409,26
3410,2
3480
3410,5
3411,5
3412,8
3413
3414
3415,14
3416,14
3417,18
3562
3417,4
3418,6
3290
3418,2
3419,6
3495
3419
3420,15
3421,8
3422,3
3423,2
3424,6
3431
3424,12
3425,13
3426,19
3427,9
3428,4
3332
3428,9
3429,26
3430
3431,11
3393
3431,2
3432,9
3433,3
3434
3435,17
3436,4
3437
3438,10
3439,4
3440,10
3441
3442,4
3443,6
3444,22
3445,14
3446,6
3495
3446,13
3447,7
3448,21
3449,10
3450,22
3451,3
3452,8
3453
3454,2
3455,20
3456,7
3457,15
3458,13
3459,17
3460,3
3572
3460,6
3461,10
3462
3463,7
3464,17
3465,6
3466
3406
3466,23
3467,5
3468,8
3469,4
3470,7
3471,17
3472,8
3473,10
3474,14
3475,11
3476,21
3477,11
3478,20
3479,17
3480,24
3481,3
3482,2
3483,18
3398
3483,11
3548
3483,3
3484,4
3557
3484,8
3485,8
3486,10
3487,12
3348
3487,15
3488
3489,13
3490,10
3491,4
3405
3491,4
3492,7
3493,13
3494,15
3495,11
3496
3497,9
3498,4
3499,5
3500,18
3501,7
3502,11
3503,3
3504,8
3505,7
3506,10
3507
3508,10
3509,3
3493
3509,3
3569
3510,4
3511,10
3612
3511,7
3512,2
3549
3512,5
3513,8
3514
3515,12
3516,8
3517,6
3518
3519,7
3520
3521,9
3522,12
3523,15
3524
3525,10
3526,6
3527,25
3528
3529
3530,11
3574
3530,11
3531,8
3532,3
3533,8
3534
3535,3
3504
3535,10
3536,6
3537,5
3538,6
3539,14
3540,15
3541,16
3425
3541,3
3542,6
3543,3
3579
3543,4
3544
3545,9
3546,8
3547,4
3548,14
3390
3548,7
3549,27
3550,9
3683
3551,10
3552,18
3553
3554,3
3555,8
3556,10
3557,13
3558,9
3559,20
3560,13
3561,14
3562,8
3563,16
3564,3
3565,6
3485
3565,11
3566,8
3567,7
3568,7
3569,12
3570,12
3571,2
3572,14
3573,3
3574,14
3558
3574,5
3575,7
3576,16
3577,9
3578
3565
3579
3539
3579,11
3672
3579,2
3580,11
3581,6
3582,14
3486
3583,5
3584,6
3635
3584,8
3585,3
3600
3585,10
3586,10
3587,11
3588,11
3589,3
3590,4
3591,8
3592,7
3593,10
3594,5
3685
3594,8
3595,5
3596,8
3597,8
3598,14
3599
3600,6
3601,14
3602,10
3700
3602
3603,23
3604,22
3635
3604,4
3605,5
3606,4
3607,15
3608,17
3456
3608,3
3609,26
3575
3609,5
3610,3
3611,4
3728
3611
3612,22
3477
3612
3751
3613,10
3614,2
3562
3614,7
3615,5
3616,5
3617,4
3618,4
3619,4
3620,15
3621,7
3535
3621,5
3622,11
3623,6
3624,7
3625
3626,18
3627,5
3628
3629,16
3490
3629,22
3630,4
3631,13
3632,26
3633,5
3632
3633,4
3634,13
3635,21
3636,12
3607
3637,24
3638,6
3734
3638,13
3639,17
3640,12
3641,11
3742
3641
3642,3
3754
3642,5
3643,6
3644,7
3645,9
3646,6
3647,13
3648
3649,7
3650,9
3748
3650,9
3651
3652,2
3491
3653,4
3654,2
3655,23
3656,14
3657,15
3658,7
3659,3
3660,19
3661,5
3662,6
3663,8
3664,24
3665,17
3666,19
3701
3666,4
3667,18
3668,3
3669,7
3670,24
3671,9
3672,10
3673,8
3674,23
3675,9
3676
3677,20
3678,3
3786
3678,2
3679,9
3680
3681,12
3753
3681,2
3682,6
3572
3682,21
3683,25
3684,19
3685,5
3686,9
3687,6
3688,21
3689,7
3690,8
3691,8
3692
3693,3
3694,6
3695,5
3696,9
3697,9
3698,8
3699,7
3700,16
3701,13
3832
3701
3749
3701,7
3702,2
3703,11
3704
3705,8
3706
3707,18
3708,27
3709,9
3710,2
3711,12
3712,11
3713,10
3682
3713,6
3714,2
3715
3716,16
3717,12
3718
3853
3717
3718
3730
3718,8
3719,6
3720,16
3721,6
3750
3721,2
3722,9
3723,13
3724,8
3725,12
3764
3725
3726,13
3727,12
3789
3727
3728,17
3729,4
3730,4
3731,11
3732,14
3733,7
3734,13
3735,12
3736,9
3737
3738,12
3739
3740,8
3741,5
3742,20
3743,5
3613
3743,3
3744,4
3745,14
3746,10
3747,24
3748,18
3749,7
3750,18
3751,11
3752,22
3753,14
3769
3753,3
3674
3753,4
3754,36
3755
3756,3
3757,9
3758,8
3759
3760
3761
3762,7
3763,5
3764,4
3747
3764,17
3765,17
3766
3767,2
3768
3769,5
3770,12
3771,20
3772,6
3782
3772,3
3773
3914
3773,6
3774,17
3775,12
3932
3776,19
3777,5
3778,13
3779,14
3780,6
3781,5
3782,9
3783,6
3784,8
3785
3786,7
3787,2
3788,5
3733
3788,11
3789,3
3901
3789,11
3790,23
3791
3659
3791,14
3792,2
3793,8
3794,2
3944
3794,4
3844
3794
3795,8
3919
3795,6
3796,21
3797,12
3798,5
3799,10
3800,32
3801,3
3802,10
3803,13
3804
3805,9
3806,7
3807,27
3808
3809,4
3810,5
3811,9
3827
3811,10
3812,11
3813,11
3835
3813,4
3955
3814
3800
3814,11
3815,12
3816,15
3817,3
3818,8
3819,8
3762
3819,2
3820,7
3895
3820,12
3821
3822,5
3823
3824,3
3825,7
3826,8
3827,11
3828,7
3829,10
3868
3829,6
3830,13
3831,5
3832,5
3833,4
3834,5
3835,12
3836,10
3837,16
3838,26
3839,10
3840
3841,2
3750
3841,9
3842,5
3843,16
3844,6
3845,29
3846,20
3847
3848
3816
3848,7
3849
3850,7
3851,18
3852,6
3853,6
3706
3853,8
3854,8
3855,4
3856
3857
3858,9
3859,9
4002
3859,4
3860,8
3861,11
3862
3863,18
3864,9
3865,13
3866,32
3867,3
3868,11
3869,15
3870,5
3871,16
3872,7
3727
3872,2
3873,7
4008
3873,11
3874,7
3875,37
3876,14
3877
3878,12
3879,10
3880
3881,2
3882,12
3883,6
3884
3885
3886,3
3753
3886,14
3887,16
3888,14
3889,9
3890,7
3891,17
3892,7
3893,7
3894,11
3895,14
3896,7
3897,21
3898,16
3899,5
3900
3901,11
3902,14
3848
3902,2
3903,15
3904,8
3905,8
3814
3905,2
3906,9
3907,2
3752
3907,2
3908,2
3909
3910
3911,17
3912,4
3913,8
3914,15
3915
3916,6
3800
3916,5
3917,7
3918,6
3919,8
3920,7
3921,31
3922,8
3923,7
3875
3924,11
3925
3926,10
3896
3926,6
3927,15
3928,3
3929,8
3878
3929,13
3930,11
3931,8
3932,6
3784
3933,2
3814
3933,17
3934,8
3786
3934
3935,9
3936,17
3937,11
3938,4
3839
3938,12
3924
3938
3939,9
3940,7
3941,2
3942,7
3943,2
3920
3943,3
3944,24
3945,6
3946,14
3947,10
3948,8
3949
4097
3950,9
3951,14
3952
4043
3952,14
3953,15
3954,7
3955,20
3956,2
3957
3958,12
3959,3
4005
3959,11
4068
3960,9
3961
3962,13
3963,4
3964,22
3965,9
3966,8
3967,17
3968
3969,14
3970,2
3971,9
4054
3971,6
3972,4
3973,9
3974,3
3975,2
3976,11
4106
3976,8
3977,24
3978,17
3979,27
3980,3
3851
3980,6
3981,6
3982,11
3983,13
3845
3983,9
3984,8
3985
3986,22
3987,11
4128
3987,8
3988
3989,3
3990
3991,9
3992
3993,12
3994,16
3995,6
3996,8
3997,6
3998,11
3999,6
4000,11
4001,6
4002,5
4122
4002,2
4003,17
4004,21
4005,20
4006,24
4007,5
4008,3
4136
4008,9
4009,8
4010,7
4011
4012
4013
4014,15
4015,4
4016,8
4017,15
4018,5
4019,4
4025
3978
4019,3
4020,12
4021,9
4022,6
3936
4022,12
4023,8
4024,4
4025,12
4162
4025,11
3994
4025
4026,8
4027,8
4028,7
4029,9
4030,2
4032
4030,14
4031,9
4032,7
4033,2
4034
4035,17
3888
4035,3
4036,8
4037,7
4038,4
4039,6
4040
4041,8
4042,3
4043,26
4044,7
4045,3
4008
4045,6
4046,12
4047,3
4048,13
4049,7
4050
4051,2
4052,16
4076
4053
4054,8
4055,10
4056,19
4057,4
4058,5
4059,8
4060,2
4061,17
4062,11
4063,5
3959
4063
4064,10
4065,14
4066,22
4067
4068,5
4069,3
4070
4071
4072,8
4073,2
3987
4073,8
4074
4075,9
4076,15
4077,3
4078,4
3987
4078,8
4079,6
4080,13
4081
4082,7
4083,6
4084
4085,13
4086,13
4087,17
4088,6
4089
4090,8
4091,5
4092,9
4149
4092,18
4093,13
4094,28
4095
4096
4097,2
4107
4097,12
4098,15
4099,2
4246
4099,24
4100,8
4003
4100
4101,6
4102
4103,16
4104,10
4001
4104,6
4105,11
4106,10
4107,14
4108,13
4109,15
4110,8
3948
4110,3
4111,8
4128
4112
4113,21
4114,3
4115,13
4116,11
4117,3
4118,6
4119
4120
4121
4122,21
4123,7
4124,2
4125
4126,10
4127,6
4128,11
4129,16
4130,14
4111
4130,8
4131,4
4132,11
4133,3
4134,10
4135
4136,2
4057
4136,23
4137,10
4138,11
4139,20
4140,6
4130
4140,4
4141
4142,3
4143,3
4144,15
4145
4014
4145,11
4146,20
4147,5
4148
4149,21
4150,6
4151,9
4152,9
4153,2
4154,3
4025
4154,16
4155,16
4156,4
4066
4156,14
4157,8
4158,6
4159,9
4160,18
4161,3
4162,11
4163,3
4164,9
4165,2
4030
4165,12
4166,9
4167,2
4003
4167,25
4300
4167,10
4168,15
4169,8
4170,4
4171
4172,8
4291
4172,11
4173,9
4174
4222
4174,9
4175,9
4176
4177,18
4077
4177,2
4178,2
4179
4180,16
4177
4181,8
4182,4
4183,3
4046
4183,12
4184
4185,7
4186,9
4259
4186,6
4262
4186,10
4187,15
4332
4187,11
4188,8
4189,4
4190,2
4191,14
4192
4123
4192,12
4193,4
4025
4193,5
4194,6
4195,7
4187
4195,10
4193
4195,4
4196,9
4197,7
4198,13
4199
4283
4199,3
4290
4199,7
4200,5
4201,4
4363
4201,8
4202,4
4275
4202,3
4203,6
4204
4113
4204,11
4205,7
4065
4205,9
4206
4207,9
4208,14
4209,8
4210,8
4211,9
4275
4212,2
4073
4212,4
4213,8
4332
4213,11
4214
4215,2
4167
4215,15
4216,6
4242
4217,5
4218,9
4219,4
4220
4221
4312
4221,6
4222,12
4223,5
4224,10
4225
4226,20
4128
4226
4227
4228,9
4229,8
4242
4229,16
4230,4
4231
4232
4233,2
4267
4233,12
4234,23
4235,17
4236,3
4237
4238,8
4239,8
4240,3
4241,7
4242,11
4243,14
4244,9
4368
4244,5
4418
4244,5
4392
4244,4
4245,10
4246,5
4247,9
4248,2
4249,6
4250,9
4251,2
4252,4
4253,19
4254,14
4414
4254,4
4205
4254,6
4255,9
4256
4257,7
4258,8
4259,5
4139
4259,16
4260,3
4270
4260,8
4428
4260,5
4420
4260,8
4261,7
4262,27
4263,3
4226
4263,14
4264,2
4265,17
4266,8
4267
4158
4267,17
4268
4269,27
4270,7
4271,11
4272,4
4273,8
4274,2
4275,8
4276,6
4277,3
4278,6
4279
4357
4279,5
4280,8
4281,2
4282,14
4283,8
4284,9
4285,7
4286
4287
4288,17
4289,8
4290,12
4291,10
4292,6
4311
4292,6
4363
4292,3
4293,20
4294,7
4295,15
4257
4295,3
4296,12
4297,12
4298,7
4446
4298,7
4299,13
4300,27
4301,24
4186
4301,7
4302,9
4303,9
4304,4
4305,7
4306,14
4435
4306,9
4307,18
4308,7
4309,2
4310,17
4311,5
4312,4
4313,13
4314,17
4315,16
4316,6
4441
4316,2
4317,13
4359
4318,14
4319,7
4320,8
4321,9
4497
4321,8
4322,11
4323,8
4324
4325,25
4326
4327
4328,20
4329,5
4330
4331
4332,6
4333,5
4334,20
4335,2
4336,4
4337,2
4338,11
4339,2
4340,14
4341
4342,15
4343,7
4344,8
4345,2
4346,10
4347
4253
4348
4349,7
4350,9
4351,21
4263
4351
4352
4353,6
4354,6
4355,5
4356
4357,12
4358
4359,17
4360,13
4361
4362,19
4363,26
4364,7
4365,14
4366,5
4276
4366
4451
4366,4
4367,7
4368
4296
4368,3
4369,8
4370,4
4371,2
4372,7
4339
4373,11
4374,10
4375,10
4376,6
4377,8
4378,7
4379,20
4380,5
4381,16
4382,3
4383,9
4384,2
4369
4384,5
4385,2
4386,7
4387,2
4388
4389,6
4390,12
4391
4392,5
4393,15
4394,4
4395,4
4396,20
4397,3
4398,7
4399,7
4400
4401,3
4542
4401
4402,9
4403,4
4404,9
4405,7
4406,13
4407
4408,8
4409,12
4410,12
4411,10
4412,13
4413,8
4440
4413,6
4401
4413,2
4414,8
4415,3
4416
4417,3
4293
4417,6
4418,13
4478
4418,4
4419
4420,12
4421,4
4325
4421,3
4401
4421,9
4422,16
4317
4423,5
4424
4425,23
4426,13
4303
4426,3
4427,10
4428,5
4429,6
4492
4430,4
4431,6
4432,5
4437
4432,6
4433,17
4434,28
4435,7
4436
4293
4436,25
4437
4332
4437,7
4422
4425
4437,5
4438
4549
4438,10
4439,8
4440,9
4427
4440
4441,13
4442,15
4443,2
4444
4445,15
4310
4446,6
4447,16
4448,9
4449,14
4450,4
4451,22
4452,9
4453,20
4454
4455,6
4456
4457,8
4458,10
4459,26
4460,5
4461,18
4462,37
4463
4464
4465,8
4466
4467,17
4468,7
4301
4468,9
4469,4
4470,11
4404
4470,6
4471,17
4472,7
4473,9
4474,7
4556
4474,6
4475,3
4612
4475,16
4476,3
4477,2
4474
4477,9
4478,5
4332
4478,9
4479,6
4480,12
4389
4480,4
4481,9
4482
4483,7
4484,4
4485,12
4366
4486,2
4487,6
4488,15
4489,11
4490,5
4449
4490,3
4491,2
4412
4491,2
4492,11
4493
4494,2
4495,19
4496,8
4497,3
4426
4497,9
4328
4498,26
4499,13
4500,22
4501
4502
4503,14
4637
4503,4
4504,2
4505,11
4506,7
4507,7
4508,3
4509
4510,4
4511,4
4512,8
4513
4621
4513,11
4514
4515
4516,12
4517,9
4518,12
4519
4520,7
4521,12
4584
4521,2
4522,4
4523,27
4524,15
4525,17
4526,21
4527,5
4528,10
4498
4528,18
4529,3
4530
4473
4530,8
4531,18
4532
4533,10
4534,12
4535
4536,9
4537,9
4538,5
4539,5
4638
4539,2
4540
4541,8
4543
4541,3
4542,10
4543,20
4544,11
4545,7
4546,8
4547,14
4548,5
4549,15
4550,6
4551
4552,18
4693
4552,4
4553
4554,2
4591
4554,18
4555,14
4556,19
4557,3
4683
4557,9
4558,10
4559
4646
4559,11
4560
4561,4
4562,10
4563
4564,9
4565,6
4566,11
4567,7
4568
4724
4568,19
4569,7
4570,18
4571,11
4572,14
4573
4574,8
4575,11
4576,7
4577,3
4462
4577,4
4578,20
4547
4579,10
4580
4581,15
4582,3
4583,8
4584,22
4585,4
4586
4587,38
4588,7
4589,9
4590,7
4591,28
4592,2
4730
4592,18
4593,6
4594,5
4719
4594
4595
4503
4595
4596,22
4597,5
4762
4597,14
4598
4599,11
4600,13
4601,5
4602
4603,22
4604,2
4605,7
4606,10
4607,2
4608,15
4609,17
4610,19
4611,14
4613,21
4614
4615,19
4616,8
4640
4616,2
4617,18
4618
4572
4618,14
4619,10
4627
4619
4620,3
4621
4472
4621,13
4622,2
4623,15
4624,10
4757
4624,4
4709
4625
4626,18
4550
4626,2
4627,4
4626
4627,11
4628,5
4629
4630,10
4755
4630,16
4631
4632,16
4475
4632,5
4633,24
4634,15
4635
4636,10
4637,4
4758
4637,22
4638,13
4639,10
4640,3
4534
4640,32
4641,7
4642,23
4626
4642,6
4643,2
4644,19
4645,6
4646,8
4559
4646,9
4647,5
4648,9
4649,6
4545
4610
4649,4
4650
4651,7
4652,16
4653,4
4654,5
4655,23
4656,13
4657
4658,2
4799
4658,27
4659,3
4660,15
4661,4
4662,11
4663
4664,17
4665
4666,4
4667,27
4668,3
4713
4668
4669,16
4670
4671,20
4672,2
4673,11
4674,20
4675,6
4676
4677,8
4678,5
4642
4679,13
4680,7
4681
4682,5
4683,10
4684,2
4829
4684
4685,3
4686,9
4687,6
4688,4
4689,4
4690,8
4797
4690,7
4691,12
4775
4691,18
4692,2
4693,17
4571
4693,4
4694
4695,19
4858
4802
4695,8
4696,6
4697,7
4698
4699,21
4700
4701,2
4702,7
4771
4702,2
4703,22
4704,7
4705,16
4706
4707,5
4708,5
4709,7
4710,4
4711
4712,2
4713,10
4714,4
4715,10
4716
4717
4718,11
4719
4720,8
4828
4720
4721,3
4722,6
4723,13
4724,8
4725,9
4726
4727,2
4728,7
4885
4728,4
4729,13
4730,17
4731,13
4732,15
4733,4
4734,5
4735,5
4736,2
4737,6
4738,11
4739,10
4740,4
4741,16
4742
4743
4744,11
4745,7
4746,2
4747,6
4748,13
4749,12
4750,6
4751,3
4752,7
4753,7
4754
4755,19
4756,14
4757,8
4758,13
4759,8
4760,12
4695
4761
4762,20
4763,26
4764,7
4713
4764,8
4765
4766
4767,3
4768,8
4769
4608
4769,22
4770
4737
4770,6
4771,21
4772,11
4773
4774,5
4775,17
4776,10
4777,6
4778,13
4779,5
4793
4779,8
4780,5
4793
4780
4781
4782
4783,13
4784,6
4785,9
4632
4785,4
4786,14
4641
4786
4787
4788,13
4789,13
4790,17
4791,3
4792
4793
4634
4793,23
4842
4793,10
4794,13
4795,11
4796,22
4797,6
4798
4799,6
4800,7
4904
4800,9
4801,20
4802,12
4803,9
4804,4
4805,17
4806,6
4807,8
4681
4807
4808,3
4809,4
4810,6
4811,23
4812
4813,14
4814,6
4815
4816,5
4813
4816,10
4817,12
4818,10
4819,23
4820
4821
4822,15
4823,13
4824,18
4825,8
4826,14
4827,6
4956
4827,5
4828,7
4829,10
4830,2
4831,11
4957
4831,17
4832,7
4833,10
4729
4833,17
4834,6
4929
4834,4
4835,7
4836,11
4837,10
4838,9
4839,10
4840,5
4841
4842,4
4993
4842,8
4843,5
4844,16
4845,4
4955
4845,8
4846,10
4847,10
4861
4847
4848
4849,6
4850
4851
4938
4851,20
4852,23
4853,6
4854
4855,9
4856,10
4857,20
4858,11
4859,9
4860
4861,17
4862,9
4863,11
4864,7
4865,20
4866
4867,10
4868,3
4873
5024
4869
4870,20
4871,20
4872,6
4873
4874,2
4958
4874,5
4875
4876,5
4877,11
4878,12
4879
4880,11
4715
4880,8
4881,7
4882,19
4883,13
4884,4
4885,32
4886,2
4887
4888,4
4889,9
4890,2
4891,7
4892,23
4893
4894,14
4895
4896,6
4897,3
4898,7
4899,11
4900,8
4901,5
4824
4901,3
4902,6
4903,13
4904,25
4905,16
4906
4772
4906,13
4907
4908,8
4909,8
5013
4909,9
4910,9
4911,6
4749
4911,8
4912,9
4866
4913,7
4914
4915,6
4916,19
4917
4918
5045
4919
4920,12
4921
4800
4921,8
4922
4923
4845
4923,21
4924
4925,3
4899
4925,16
4926,8
4927,11
4928,8
4929,7
4930,19
4931,10
4932,5
4814
4932,15
4933,14
4934,11
4935,6
4833
4935,4
4936,10
4937,24
4938,7
4939,5
4906
4990
4939
4940,7
4936
4940,7
4941,12
4942,5
5022
4943,12
4944,4
4945
4944,5
4945,10
4946,12
4947,5
4940
4947,5
4948,4
5048
4948,6
4949,7
4950,9
4951,16
4952,13
4953
4954
4955,12
4903
4955
4911
4955,3
4956
4955
4956,11
5094
4956,2
5039
4956,5
4957,8
4958,13
4959,14
4960
4961
4962,28
4963,14
4828
4963
4964,4
4965,13
4966,16
4967,21
4968,22
4969,5
4970,11
4971,4
4972,3
4973,6
5116
4973,2
5127
4973
4974,10
4975,6
5101
4975,2
4976,3
4977,5
4978
4979,3
4980,3
5144
4980,5
4981,18
5074
4981,12
4982,6
4983,13
4984,2
4929
4984,8
4985,13
4986,6
5054
4986,2
4987
4988,5
4989,11
4948
4989,13
4867
4989
4990,18
4991,6
4992,9
4993,9
4994,8
4995,9
4996,21
4997,9
4998,13
4999,20
5000,8
5001
5002,3
5003,9
5004,9
5005
5006
5007,15
5008,3
5009,17
5010,9
5011
5012,7
5013,14
5014,2
5015,7
5004
5015,3
4916
5015,14
5016,5
4867
5016,18
5017,6
5018
5019
5020,2
5021,10
5022,23
5023,7
5147
5023,2
5024,8
5025,9
5026,8
5160
5026
5027,5
5028
5029,16
5030
5031,9
4921
5031,2
5032,15
5033,19
5034
5035,5
5036,7
5037,23
5038,16
5039,3
5182
5039,12
5045
5039,5
5040,12
5041,4
5042,12
5043,4
5044,26
5045,19
5046,6
5059
5046,2
5047
5048,7
5049,16
5050,2
5051,6
5052,21
5077
5052,5
5053
5054,6
5133
5054,9
5055,6
5056,11
5057,8
5058,7
5059,15
5060,17
5061
5062,15
5063,11
5064
5065,6
5066,4
5067,7
5068,13
5069,10
5070,4
5071,5
5072
5073,2
5074,16
5075
5190
5075,2
5076,10
5077,9
5078
5197
5078,3
5041
5078,8
5079
5080,10
5081,12
5082
5083
4839
5083,9
5084,8
5085
5086,7
5087,20
5088,9
5089,3
5090
5091,2
5207
5091,10
5092,18
5093,20
5094,22
5095,5
5096,8
5097,3
5098,2
4981
5098,6
5263
5098,4
5099,2
5100
5224
5101,20
5102
5103,8
5104,9
5105
5106,4
5185
5106,2
5107,9
5108
5109,16
5110,7
5111
5112,17
5113,26
5114
5115,6
5116,15
5117
5118,24
5119,3
5120,5
5121,13
5122,10
5123,3
5124,34
5125,14
5126,8
5273
5126,10
5252
5127,23
5128
5129,2
5130,2
5131,4
4970
5131,16
5132,9
5133,28
5134,10
5135
5136,9
5137,8
5138,9
5139
5140,16
5141,20
5223
5142,9
5143,13
5144,2
5145,12
5146,3
5147,9
5239
5147,5
5148,14
5149,15
5150
5151,3
5152,3
5153,4
5154,13
5155,8
5156,13
5157,9
5158,11
5159,10
5160
5237
5160,2
5161,6
5190
5161,12
5162
5163,7
5052
5164,3
5165,33
5166
5167
5168,11
5169,8
5170,30
5171,5
5172
5119
5172,2
5173,11
5174
5175,15
5176,9
5198
5176,2
5177,15
5178,5
5077
5178,9
5179,13
5180,2
5181,20
5035
5181,5
5182,12
5183
5160
5184,8
5185,18
5186,20
5187,10
5188,17
5189,8
5190,32
5191,4
5192
5193,22
5194,19
5195,9
5196,17
5197,12
5198,20
5199,10
5200,5
5201,12
5202,8
5203,8
5204,16
5205,13
5131
5205
5206
5207,10
5208,3
5209,5
5210,9
5211,12
5088
5212,7
5213,12
5214,11
5215,5
5066
5215,5
5216,9
5217
5218,3
5285
5218,4
5219
5220,3
5221,6
5362
5221,6
5222,5
5223,5
5224,21
5225,4
5226,9
5227,8
5228
5229,5
5230,29
5231,6
5232
5233,8
5234
5235,16
5236,13
5237,12
5238,2
5239,15
5240,9
5241,15
5242
5243,7
5244,8
5245,12
5246
5247,10
5248,10
5249,4
5250,4
5251,9
5252,14
5253,4
5254
5255,11
5256,2
5319
5256,9
5094
5256,3
5257,7
5258,12
5140
5258
5259,6
5260,3
5261,8
5262,5
5263,3
5131
5263,9
5264,2
5265,16
5266,12
5267
5268,9
5269
5300
5269,4
5329
5269
5270,3
5271
5272,10
5273,24
5274,12
5275,12
5263
5275,20
5276,10
5277,9
5278,11
5279,22
5280,16
5281,20
5282,7
5283,12
5284
5316
5284,4
5285,8
5286,8
5287,4
5369
5287,3
5288,3
5193
5288,18
5289,9
5290,4
5291
5437
5291,14
5292,9
5293,16
5294,4
5295,3
5296
5297
5298,11
5299
5300,2
5221
5300,13
5301,6
5302,5
5365
5302,3
5303,14
5304,8
5305
5306,14
5307,4
5334
5307,5
5308,8
5252
5308,14
5391
5308,3
5309,2
5153
5309,9
5310
5311,10
5312,13
5313,11
5314,9
5265
5315,33
5316,6
5317,10
5318
5319,9
5421
5319,5
5320,15
5212
5320
5321,8
5322,16
5323,10
5324,9
5325,14
5326,10
5278
5326,3
5327,5
5328,21
5329,5
5230
5329,6
5330,11
5328
5330,2
5331,17
5332,3
5333,16
5334,2
5285
5334,14
5335
5336,6
5430
5336
5337
5338,8
5339,15
5340,11
5341,17
5342
5214
5342,5
5343,22
5344,11
5345,18
5346,17
5347
5348
5349,4
5350,7
5351,9
5352,9
5476
5352,5
5353,12
5354,17
5355,8
5356,4
5357,6
5358,4
5359,9
5409
5359,3
5360,30
5361
5362,15
5363,8
5364,5
5365,5
5534
5365,18
5366,8
5367,4
5368,8
5369,17
5370,22
5371
5260
5371,7
5372,5
5438
5514
5372,10
5373,12
5374
5375,8
5376,3
5377,9
5378,12
5379
5380,9
5381,4
5382
5477
5382,13
5383,10
5384,18
5385
5344
5385,5
5386
5387,9
5502
5387,4
5388,4
5389,7
5390,9
5391,29
5392,10
5457
5392,15
5393,7
5394,4
5395,10
5396,10
5397,4
5398
5399,4
5408
5399,8
5400,10
5401,6
5402,11
5403,3
5404,9
5405,5
5406,6
5407,8
5408,7
5532
5408,11
5409,14
5410,9
5411
5412,6
5413,10
5414,22
5415
5416,7
5417,11
5418,7
5419,8
5420,6
5421,15
5422,5
5423,8
5424,15
5425,5
5426,12
5427,3
5546
5427,4
5428,6
5429,9
5430,4
5311
5430,12
5436
5431,3
5432,8
5281
5432,2
5433
5434,8
5435,20
5436,4
5437,6
5438,3
5380
5438,8
5439,15
5440
5428
5441,8
5442,9
5443,6
5444,5
5445
5446,5
5447,12
5448
5449,14
5450,5
5451,8
5452,8
5453,6
5454,6
5455,10
5456,3
5443
5456,5
5457,7
5458
5459,8
5460,6
5501
5460,14
5461,12
5462,29
5463,2
5464,11
5465,3
5575
5465,7
5466,10
5467,11
5581
5467,6
5468,7
5469
5470,3
5471,14
5472
5473
5474,10
5475
5476,2
5531
5476,8
5598
5476,7
5477,3
5571
5477,3
5478,15
5479
5480,17
5481,16
5482,7
5483,5
5484,13
5435
5484,18
5485,4
5486,17
5487,9
5488,2
5489
5490,20
5491,22
5492,8
5493,8
5494,6
5495,7
5496,10
5497,6
5498,6
5499,14
5500,10
5501,4
5502,3
5532
5502,4
5503
5537
5503
5504,8
5505,7
5506,17
5507,7
5508,13
5509
5510,11
5462
5510,6
5511,12
5553
5511,7
5512,21
5513,12
5514,5
5352
5514,13
5515,5
5516,2
5421
5516,2
5517,28
5518,2
5519,4
5520,2
5521,15
5522,9
5523
5524,8
5525,4
5430
5525,5
5526,14
5527,17
5528,18
5529,2
5530,2
5666
5530,15
5531,14
5532,14
5533,8
5534,12
5535,11
5536,26
5537,7
5538,3
5539,2
5540,3
5541,3
5542,11
5543,12
5544,11
5545,18
5546,11
5547,3
5380
5547,3
5548,10
5549,15
5550,2
5629
5550
5551,8
5552
5553,22
5554,12
5650
5554
5555,15
5556,5
5572
5556,7
5557,15
5558,7
5559,2
5560,7
5507
5560,17
5561,13
5562,18
5563,15
5564,3
5565,15
5566,19
5567,4
5568
5569,8
5570,12
5571,2
5572,14
5566
5572,2
5573,7
5523
5573,13
5574,16
5575,21
5576,16
5577,11
5578,16
5579,2
5580,9
5581,14
5582
5583,4
5456
5583,10
5584,12
5585,8
5586,6
5587,6
5588
5589,10
5660
5589,4
5590,5
5426
5590,10
5591,14
5592
5593,28
5594,5
5595,8
5596
5597,9
5598,11
5599,8
5600
5601,3
5602,11
5603,10
5743
5603,3
5604,5
5605,7
5606
5607,6
5608,7
5609,5
5610,4
5611,13
5612,8
5613,3
5614,14
5615,2
5616
5617
5618,19
5647
5618
5619,7
5620,6
5621,8
5622,17
5623,6
5624,17
5625,10
5626,9
5627,15
5628,18
5629,10
5630,8
5631
5632
5633,13
5634,21
5635,4
5636
5637,6
5638,10
5639,10
5640,7
5641,13
5642,4
5643,11
5644,30
5645,27
5646,6
5647,10
5648
5649,10
5812
5650,10
5651
5722
5651,2
5594
5651,6
5652,6
5653,8
5654,7
5655,2
5768
5655,16
5656,22
5657,2
5658
5659
5660,20
5661,4
5662
5663,2
5664,6
5665,28
5690
5665,6
5666,8
5667,5
5668,23
5669
5670,9
5671,6
5672,17
5673,6
5674,3
5675,7
5676,9
5677,14
5678,3
5679,2
5680,28
5681,7
5817
5681,19
5682,2
5683,19
5575
5683,7
5684,8
5685,17
5686,13
5687,4
5688,24
5551
5688,6
5689
5690,6
5691
5692,8
5693,5
5694
5695,2
5696,3
5697,9
5698,6
5699,5
5704
5699,13
5700,16
5701
5702,10
5703,4
5737
5703
5704,11
5705,10
5735
5705
5706,2
5707,22
5708,5
5709
5665
5709,11
5710,13
5711,12
5712,9
5865
5713,5
5735
5713,9
5714,3
5787
5618
5714,10
5715,8
5716,13
5858
5716,4
5717,19
5718,8
5719,13
5720,5
5721
5760
5721,21
5722,20
5723,2
5724,10
5725
5726,9
5727,13
5728,6
5729,5
5730,9
5731,9
5732,7
5733
5734,13
5735,6
5736,6
5737,26
5738,8
5739,20
5740,10
5741
5742,5
5787
5742,4
5743,12
5682
5743,12
5753
5743,8
5744
5745,4
5864
5745,9
5746,5
5747,24
5748,2
5749
5750
5751,11
5752,10
5753,8
5754,5
5755,25
5756,7
5757,3
5758,11
5759,16
5760,13
5761,2
5595
5761,6
5762,18
5763,9
5764,3
5627
5764,14
5765
5766,3
5767,17
5768,9
5769,5
5770,19
5771,5
5872
5772
5773,11
5774
5931
5774,8
5775,2
5776,18
5777,5
5778,6
5802
5778
5779,14
5780,32
5781,13
5782,7
5783
5784,18
5785,9
5786,2
5495
5786,9
5787,7
5788
5789,3
5790,10
5791,12
5792
5793
5794
5795,16
5796,13
5797,4
5798,7
5799,7
5710
5799,13
5800,21
5801,7
5835
5649
5801,14
5802,17
5803,3
5804,4
5805,15
5806,9
5807,3
5808,8
5809,6
5810,9
5811
5812,8
5781
5812,5
5958
5812
5813,10
5743
5813,8
5814,22
5815,14
5816,16
5962
5816,14
5817,4
5906
5817,12
5818,8
5819,8
5820,4
5821,11
5822,19
5823,23
5862
5823,6
5824,7
5825
5826,5
5827,11
5828,7
5800
5829,11
5830,12
5831,5
5832,8
5775
5833,16
5834,7
5835,24
5836,2
5683
5836,11
5837
5838,3
5839,8
5840,5
5841,7
5850
5841,4
5842,2
5843,23
5844
5845,14
5743
5845,7
5846,9
5847,16
5848,10
5791
5848,9
5849,7
5850,5
5851
5852
5853,6
5854,8
5855
5856,9
5857,2
5858,13
5760
5858,4
5859
5860,9
5861
5885
5862,12
5863
5864,12
5922
5864,14
5865,14
5866,5
5867,12
5868,16
5869,26
5870,9
5871,8
5872,14
5873
5874
5875,10
5876,12
5877
5878,9
5879,2
5987
5880,5
5881,13
5882,2
5921
5882,4
5883,11
5784
5883,6
5884,16
5885,17
5886,7
5760
5887,10
5888,6
5889,19
5890
5891,2
5892
6023
5892,2
5893,6
5894,5
5895,4
5896,11
5897,4
5769
5898,6
5899,6
5900
5901,4
5902,23
5903,6
5904
5827
5904,8
5905,4
5906,6
5907,15
5908,13
5902
5908,5
5909,5
5910,7
5911,6
5912,9
5913,10
5914,6
5915,13
5916,4
5909
5917
5918,13
5919,2
5920
5921,3
5795
5921,12
5979
5921,7
5922,5
5923,5
5933
5923
6029
5923,10
5924
5925,28
5926,20
5927,14
5998
5927,2
5928,8
5929,8
5930
5931,16
5932,4
5933
5934
5935,8
5936,8
5937,16
5938,4
5939,13
5853
5939,6
5940,8
5941,16
5888
5941
5942,9
5943,2
5944,9
5886
5944,6
5895
5944,5
5907
5944
5945,8
5946,5
5947,3
5948,18
5949,10
5950,13
5951,3
5952
5953,21
5954,18
5955,4
6121
5955,9
5956
5957
5958,3
5959,13
5960,2
5961,6
5962,8
5963,14
5964,9
5965,8
5801
5965,8
5966,17
5967,16
5968
5969,12
5970
5971,3
5974
5971,6
5972,14
5973,4
5974,12
5975,28
5976,4
5977,10
5978,11
5979,9
5980
5981
5982,8
5983
5984,7
5985,7
5986,13
5987,8
5988
5989,3
5990,17
5991
5992,11
5993
5994,7
5995,8
5996,20
5997
5841
5998,17
5999,8
6000,8
6012
6000
6001,6
6002,10
6003,14
6004,7
5829
6004,10
6005,18
6006,5
6007,27
6008,8
6009,3
6142
6009,6
6010,13
6011,24
6012,6
6013,9
6014,9
6015,4
6016,9
5884
6016,3
6017,12
6018
6019,12
6020,7
6021,3
6127
6021,5
6022
6023,9
6024,10
6025,13
6026,24
6027,13
6028,5
6165
6028,7
6029,4
6030,4
6031,6
6032,7
6033,2
6034
6093
6034,2
6108
6034,18
6035,15
6036,16
6037,6
5986
6037
6038
6108
6038,5
6039,9
6146
6039,10
5977
6039
6155
6039,5
6040,2
5883
6040,3
6041,7
6042,5
6043,3
6044,13
6045,7
6046
6047
6048,21
6049
6093
6049,2
5987
6049,8
6050,12
6051
6052,10
6053
6054,6
6055
6056,16
6057,9
6058
6059,27
6060,3
6061,7
6062
6063
6064,11
6142
6065,17
6066,13
6067,2
6068,3
6069,8
6070,6
6071,26
6073,2
6074,18
6149
6074
6075,15
6076,4
6077,12
6078,7
6079,16
6080,3
6081,12
6082,11
6083
6208
6083,19
6084,23
6085,19
6086,2
5998
6086,4
6087,12
6088
6089,7
6079
6026
6089
6186
6089,24
6090,3
6091,12
6189
6091
6092
6093,17
6094
6095,4
6096,3
6097,26
6098,9
6099,18
6100
6101,4
6235
6101,12
6102,6
6103,4
6083
6103,6
6104,25
6105,15
6106,6
6107,7
6108,11
6109,15
6110,3
6111,9
6112,4
6243
6072
6112,7
6113,11
6114,6
6105
6114,3
6084
6114,2
6115,9
6116,19
6117,2
6118,14
6119,6
6118
6120,10
6121,11
6177
6121,6
6122
6123,3
6124,11
6125
6126,13
6127,17
6128,16
6129,21
6130,3
6126
6130,5
6131,5
6132,27
6133,18
6134,2
6113
6134,6
6135,13
6203
6136,14
6137,6
6138
6302
6138,15
6139,4
6140,24
6141,11
6142,23
6126
6142,3
6107
6142
6143,4
6144,15
6145,6
6146,13
6147,16
6021
6147,7
6148,18
6149,7
6150,7
6151,13
6152,2
6153,9
6154,8
6155,7
6314
6155,22
6156,12
6157,7
6142
6157
6158,11
6337
6158,2
6093
6158,2
6159,12
6160,23
6161,2
6162,5
6163,3
6164,17
6165,8
6422
6165
6166,5
6167,2
6168,10
6169,26
6170,20
6171,14
6172,16
6173,9
6174,5
6175,12
6176
6177,7
6178,16
6179,6
6180
6330
6180,18
6181,4
6182,11
6183,22
6184
6310
6184,7
6185
6186,13
6187,3
6142
6187,9
6188,3
6189,18
6190,8
6191,3
6192,16
6193,13
6194,8
6195,6
6196,11
6197,3
6143
6197,12
6198,12
6199
6200,11
6201,10
6202
6203,14
6204,3
6205
6206,3
6207,3
6208,7
6209
6210
6211,4
6212
6213,7
6214,8
6215,10
6216,13
6217,6
6218,2
6107
6219
6220
6221,6
6222,13
6223,15
6224,18
6225,3
6126
6225,6
6226,12
6227,5
6228,5
6229,9
6230
6231,8
6232,7
6233,3
6234,29
6235,26
6236,2
6237,6
6139
6237
6238,2
6239,5
6240,4
6241,3
6224
6241,3
6242,17
6390
6242,14
6243,10
6244,8
6318
6244,6
6245,2
6246
6201
6246,16
6247
6248,2
6249,5
6250,20
6251
6252,3
6233
6252,4
6253,7
6254,13
6255,10
6256,5
6257,2
6258,2
6259,9
6260,4
6261,22
6262,7
6263,2
6264,4
6265
6266,6
6267,21
6268,17
6269,6
6270
6271,6
6272,19
6273,22
6378
6273,2
6274,23
6275,9
6276,13
6277,26
6278
6279,13
6280,21
6281,3
6303
6281,7
6282
6180
6283,3
6319
6283,8
6211
6283,3
6284,16
6285,4
6286
6155
6286,8
6287,11
6288
6289,11
6290,5
6291
6292,4
6293,4
6294,25
6295,4
6296,8
6297,20
6298,13
6299,9
6300,6
6137
6300,8
6301,21
6302,5
6303,11
6304,19
6305,9
6306
6307,8
6308,14
6309,7
6310,6
6311,13
6312,6
6313,15
6214
6313,5
6402
6313,5
6314,4
6315,5
6316,7
6317,9
6318,6
6320,17
6321,12
6322,7
6323,2
6324
6325,5
6326,9
6327
6328,23
6329,9
6330,4
6331
6332
6333,3
6293
6333,2
6334,7
6335,2
6447
6335,2
6336
6337,2
6193
6337,10
6338,4
6241
6338,5
6339,11
6340,7
6416
6340,4
6341,4
6421
6342,10
6343,7
6344,16
6345,6
6346,23
6347,9
6348,4
6349,6
6350,17
6351,11
6352,17
6353,6
6056
6353,7
6272
6353,9
6354,5
6355,3
6356,8
6357,35
6358,9
6359,3
6490
6359,10
6360,11
6361,7
6362,12
6363,6
6364,13
6365,10
6366,5
6367,8
6368,7
6369
6391
6369,13
6370,7
6371,12
6372
6341
6372,13
6373,3
6466
6373
6374,9
6375,8
6376,23
6377,10
6378,11
6379
6487
6379,4
6380,25
6381,10
6382,15
6383,2
6384
6385,4
6386,8
6387
6311
6387,8
6388,6
6389,15
6390,22
6391,10
6392,8
6393,3
6362
6393,9
6394,9
6395
6396,4
6397,16
6398,12
6515
6398,4
6399,16
6402
6400,7
6401
6402,27
6403,4
6404,16
6364
6404,4
6307
6404
6405,3
6406,11
6407,3
6408,5
6519
6408,2
6534
6408,10
6409,3
6357
6409,2
6410,13
6411,6
6412
6413
6414,6
6415,2
6416,19
6417,19
6418,3
6419,19
6420,3
6421,4
6422,12
6423
6424,18
6425,9
6426,10
6538
6426,7
6427
6428,22
6429,2
6530
6429,8
6430,8
6431,9
6300
6431,8
6432,4
6433,6
6503
6434,9
6435
6436,6
6551
6437,15
6438,12
6439,3
6481
6439,15
6485
6439,3
6440,24
6441,15
6442,11
6443
6444,15
6445
6446,5
6447,15
6448
6449
6450,7
6592
6451,11
6452,2
6453,6
6329
6454
6455,8
6456,8
6457,9
6458,11
6386
6459,8
6452
6460,3
6461,3
6311
6461,11
6462,4
6463,4
6481
6463,18
6464,16
6465,15
6466,7
6467,11
6587
6467,8
6468,5
6469,5
6470,10
6471,18
6472,14
6473,12
6474,7
6475,9
6476,2
6463
6476,15
6477
6478,11
6537
6478,15
6479,9
6480,9
6481,15
6482,2
6444
6482,5
6483,14
6484,3
6598
6484,5
6485
6606
6485,34
6486,9
6590
6486,9
6389
6486,10
6488,15
6489
6490,8
6463
6490,6
6488
6490,7
6491,9
6492
6493,16
6553
6494,18
6524
6494,2
6495
6496,2
6497,8
6498,10
6499,10
6505
6500,8
6501,8
6502,9
6503,13
6504,6
6505,16
6506,4
6507
6508
6509,9
6510,5
6511,3
6512,3
6513,14
6402
6513,2
6461
6513,9
6514,19
6515
6657
6515,14
6516,5
6517
6518,8
6519,14
6520,5
6635
6504
6520,21
6521,12
6522
6523,5
6524,13
6525,6
6463
6525,5
6393
6525,2
6526,13
6527,5
6581
6528,7
6529,5
6657
6529,16
6530,9
6531
6532,2
6559
6532,9
6533,2
6534,4
6393
6534,7
6535,4
6534
6535,2
6536,11
6417
6536,4
6537,15
6538,13
6539,22
6540,18
6541,8
6542
6647
6542,15
6543,5
6544,4
6545,9
6546,20
6547,4
6548,19
6549,10
6550,4
6551,9
6552,8
6496
6556
6553,13
6554,6
6555
6478
6555
6656
6555,6
6556,12
6441
6556,10
6557,14
6558,10
6559,31
6469
6559
6560,16
6561,9
6562,4
6563,9
6564
6565,7
6566
6567,4
6568,11
6569,22
6570,7
6571,11
6572,3
6569
6572,8
6573,6
6574,13
6575,5
6576,11
6577
6578,8
6555
6578,6
6579,10
6580,12
6739
6581,14
6582
6583,20
6584,5
6585,11
6586,16
6587,23
6588,13
6589,8
6590,11
6591,4
6592,4
6593,8
6594,15
6595,5
6596,3
6597,10
6598,13
6599,13
6600,2
6601,29
6602,10
6603,7
6604
6606
6604,14
6605,11
6606,7
6721
6606,6
6607,8
6608
6609,7
6610,6
6611,27
6767
6611,3
6612,7
6613,12
6614,3
6615,3
6616,3
6554
6616,2
6617,6
6731
6617,8
6618,16
6619,7
6620,6
6621,9
6622,8
6678
6622,2
6623,13
6624
6625,4
6626
6627,8
6628,4
6764
6628,13
6629,9
6630,5
6631,12
6737
6631
6574
6631
6632,7
6633,15
6634,7
6635,12
6636,13
6637,8
6638,3
6639,27
6640
6641,12
6642,6
6643,5
6644,16
6645,14
6646,9
6587
6646,10
6647,19
6648,3
6649,10
6650
6526
6650,3
6651,7
6515
6651,5
6652,10
6653,3
6654,7
6655
6757
6655,2
6641
6655,8
6656,8
6657,24
6658,16
6748
6658,2
6659,4
6664
6659,30
6660,2
6661,6
6662,10
6706
6662,12
6663,5
6664,7
6665,15
6666,24
6667,7
6668,9
6697
6668,9
6669,5
6670,28
6671,8
6672,10
6673,3
6655
6673,10
6674,17
6675,2
6620
6675,17
6676
6700
6677,4
6678,5
6529
6678,13
6679,10
6680,2
6681,2
6682,8
6683,21
6684,18
6685,3
6686,6
6687
6688,8
6689,9
6690,8
6691,19
6692,10
6693,19
6694,6
6695
6696,18
6697,14
6698
6699,11
6701,11
6702,3
6572
6702,2
6703,8
6704
6705
6706,13
6707,2
6708
6709,3
6710
6711,7
6668
6711,4
6712,4
6713,9
6714,4
6715,5
6832
6715,5
6716,9
6717,4
6718,3
6849
6718,6
6719,3
6681
6719,2
6675
6719,7
6720,8
6721,9
6722
6723,14
6724,11
6725,11
6726
6727,3
6658
6727,17
6728,13
6729,6
6644
6729,2
6730
6587
6730,7
6731,6
6732,9
6733,18
6734,6
6735,2
6736,8
6737,13
6738,9
6739,9
6729
6739,9
6740
6741,6
6742,7
6743,20
6744,13
6745,12
6746,14
6747,8
6748,3
6659
6748,10
6749,15
6750,10
6751,7
6752,16
6753,27
6754,11
6755
6756,7
6757,16
6758,10
6692
6758,6
6759,9
6833
6759,6
6760,4
6727
6760,2
6848
6760,8
6761
6762,5
6763,8
6655
6763,4
6764,17
6765,19
6806
6765,5
6766
6767,7
6768,10
6769,6
6770,3
6881
6770,11
6771
6772,11
6857
6772,17
6773
6774,11
6804
6774,19
6775,3
6776,9
6777
6778,11
6779,5
6780,13
6684
6780
6742
6780,5
6781,3
6627
6781,12
6782
6783,7
6778
6783
6784,25
6785,3
6786,6
6787,13
6798
6787,3
6752
6787,23
6788,9
6789,7
6790,8
6791,7
6792,5
6793,14
6794,3
6795,2
6796
6797,9
6798,7
6799,8
6800,14
6801
6802,13
6803
6804,10
6805
6736
6805,14
6783
6805,10
6806,5
6807,6
6808,14
6809,14
6810,6
6811,8
6812,2
6728
6812,4
6753
6812
6813,9
6957
6657
6813,17
6814,4
6931
6814,2
6854
6814,5
6815,12
6816,12
6841
6816
6817
6818,8
6800
6818,2
6819,6
6820
6821,18
6822
6823,4
6824,4
6948
6824,5
6825,15
6826,6
6827,14
6828
6829,9
6830
6831,12
6832,2
6833,13
6834
6671
6834,4
6835,2
6836,11
6837,16
6838,7
6839,6
6840,15
6781
6841,7
6991
6841,18
6842
6843,15
6844,9
6845,16
6846,5
6847,6
6848,10
6849,6
6870
6849,3
6895
6849,8
6850,19
6851,7
6793
6851,6
6852,9
6853,8
6854,7
6855,3
6931
6855,7
6856,4
6857,11
6858,6
6859
6860,14
6861
6862
6863,8
6864,17
6865,9
6866,5
6867,7
6888
6867,2
6868,3
6869
6870,17
6871
6872,14
6873,23
6874,4
6875,6
6746
6875,11
6876,3
7019
6876,15
6877,2
6878,12
6879,4
6880,18
7021
6880,8
6881,7
6882,8
6935
6882
6883,16
6884,3
6885,11
6886,15
6887,11
7012
6887,5
6888,11
6889
6890
6805
6890,3
6891,16
6892,12
6893,2
6894,9
6895,7
6896,3
6897
6898,34
6899,2
6749
6899,3
6900,3
7058
6900,2
6901
6902,19
6903,2
6904,4
6905,7
6906,10
6912
6906,10
6907,8
6908,6
6909,8
6910,4
6911,15
6912,17
6913,8
6914,4
6915,17
7055
6915,3
6916,6
6917,11
6918,8
6919,7
6920
6921,14
6922,4
6921
6922,9
6923,15
6924,7
6925,6
6922
6925,10
6926,19
6927,12
6928,9
7004
6928,5
6929,3
6921
6929,3
6930
6971
6930,29
6931,3
6814
6931,16
6932,2
6790
6932,13
6933,6
6934,8
6907
6935,8
6936,15
6937,10
6938,6
7122
6938,9
6939,4
6940,7
6941,15
6942,6
6943,8
6944,6
6945
6946,6
6821
6946,6
6947,9
6911
6947,3
6948,11
7083
6948
6949
6950,13
6951
6952,15
6953
6954,22
6955,10
6956,3
6957,14
6958,12
6959,4
6960,3
7069
6960
7046
6960,9
6961,11
6962,10
6963,5
6964,9
6965,6
6966,7
6967,2
6968,5
6969,9
6970,13
6971,4
7034
6971,10
6972,6
6973,13
6974,17
6975,9
6976,5
7126
6976,4
6977,9
6978,13
7015
6978,8
6979,5
6980,9
6981
6982,8
6983,2
7121
6983,10
6984,10
6985
6986,16
6987
6988,7
6989,17
6990
6991,9
6860
6991,12
6992,7
6993,15
6994,8
6995,16
6996,3
6997
6998,8
6999
7000,21
7001,4
7002
7003,11
7004,17
7005,13
7006,9
7007
7008
7009,10
7010,4
7011,9
7012,7
7013,13
7070
7013,2
7014,5
7015,4
7016,5
7017,12
7030
7017,3
7018,8
7135
7018,13
7019
7020,13
7173
7020,3
7021,7
6925
7021,3
6914
7021,7
6973
7021,12
7022
7023,7
7024
7025,6
7026,3
7027,11
7188
7027
7028,8
7029,17
7030,9
7031
7032,12
7033,6
7034,12
7035,2
7036,11
7037,15
7038
6886
7038,9
7017
7039,2
6878
7039,12
7040,12
7041,14
7042,3
7043,7
7160
7043,12
7044
7045,5
7046,12
6909
7046,2
7047,2
7048,19
7049,4
6932
7049,11
7050
7051,15
7052,2
7053
7054,9
7055,11
7056,13
7057,7
7153
7057,3
7058,10
7059,7
7060,5
7061,4
7029
7061,5
7062,8
7063,9
7064
7065,4
7066
6917
7066,5
7021
7066,6
7067,15
7068,10
7207
7068,7
7069,3
7224
7069,13
7070,7
7071,11
7072,6
7073,2
7074
7075
7076,6
7077,4
7078,5
7079,13
7080,18
7081
7082,2
6997
7082,10
7083,13
7084
7085,4
7086,9
7116
7086,6
7087,5
7088,5
7138
7088,2
7234
7089,14
7090
7091,14
7092,3
7093,7
7094,9
7095
7096
7097,12
7110
7097,3
7098,3
7099,4
7197
7099,9
7100,3
7243
7100,6
7101
7102
7103,3
7104,4
7105,15
7106
7107,4
7108,2
7214
7108,18
7109
7110,24
7111,8
7112,2
7113,6
7114,8
7115,8
7116,22
6991
7117,8
7118,4
7119
7120,8
7204
7120
7201
7120
7121,3
7122,14
7123,6
7124
7125,17
7126,16
7127,5
7018
7127,9
7128,2
7129,9
7130,5
7131
6980
7131,13
7132,9
7133,4
7134,3
7041
7134,8
7135,15
7284
7135,6
7160
7135,4
7136,9
7137,37
7138,7
7139
7140,19
7141,3
7142,8
7143,2
7144,6
7145
7146,9
7147
7148,12
7149,12
7150
7151,13
7152
7153,17
7154
7155,17
7156,5
7157,2
7254
7157,7
7158,16
7159
7160,28
7161,6
7166
7161,5
7162,17
7163,10
7164,2
7165
7166,11
7167,16
7168,7
7169,15
7170,5
7171,9
7172,5
7173,6
7174,4
7175,8
7176,12
7076
7176,9
7177,12
7178,13
7179,8
7180,7
7181,8
7182,3
7183,19
7184,12
7260
7184,2
7185,13
7186,20
7187,11
7188,7
7189
7190
7126
7190,7
7191,4
7026
7191,16
7192,18
7193
7194,4
7195,7
7196,12
7320
7196,11
7197,12
7198
7199,13
7200,4
7201,15
7202,12
7239
7202,15
7203
7204,14
7205,13
7225
7205,10
7122
7205,4
7206,8
7207
7208,3
7209,5
7210
7211,9
7212,4
7213,16
7214,8
7287
7215,17
7216,8
7217,18
7063
7217,4
7218,12
7219,5
7057
7219,3
7220,3
7221,14
7222,6
7223,11
7224,2
7206
7224,6
7225,6
7226,2
7227,2
7228,16
7229,23
7230,10
7231,2
7232,23
7233,10
7234,6
7235
7236,9
7237,6
7238,12
7239,9
7240,3
7316
7240,11
7241,24
7242,7
7243,7
7244,18
7245,10
7246,11
7247,15
7248,5
7249,2
7261
7249,15
7250,10
7251,10
7252,8
7253,8
7254,10
7255
7256,15
7257,7
7258,17
7259
7260,12
7148
7260,2
7345
7260
7261,16
7262,8
7263,17
7264
7265,7
7266,7
7267,10
7268,8
7269,20
7270
7271
7272,9
7273,7
7274,9
7275,7
7276,6
7277,8
7247
7277,13
7278,14
7279,28
7280,2
7281,3
7282
7283,12
7284,5
7285,13
7286,8
7287
7201
7287
7288
7289,9
7290,17
7405
7290,6
7291,7
7292
7293,17
7294,15
7295,13
7296,7
7297,16
7334
7297,7
7298,3
7299,8
7300,8
7301
7302,17
7303,14
7304,12
7306,10
7307
7308,17
7309,6
7310,9
7311,4
7351
7311,10
7312,4
7313,11
7314,7
7315
7316,17
7317,10
7318,24
7319,10
7320,5
7321,2
7322,25
7323,12
7324,3
7325,17
7326,12
7327,5
7328,22
7329
7330,18
7331,6
7332,7
7333,7
7490
7333,21
7334,9
7335,16
7336,23
7337,19
7338
7339,8
7340,4
7263
7340,7
7341,21
7342,7
7343
7344
7345,6
7346
7347
7348,15
7463
7348,3
7349,9
7350,8
7351,20
7379
7351
7352,4
7353,9
7354,2
7355,15
7356,2
7475
7356,9
7357,14
7262
7357,8
7358,10
7359,11
7360,10
7361,9
7339
7361,2
7362,11
7363,12
7364,10
7233
7364,7
7365,32
7366,7
7367,3
7238
7367,12
7368,9
7254
7368,9
7369,2
7219
7369,5
7370,3
7371
7372
7427
7372,6
7373,8
7374,11
7375,4
7376,14
7377,3
7378,14
7379,16
7380
7373
7380,6
7416
7380,4
7381,8
7382,4
7383,6
7384,7
7397
7384
7385,2
7386,14
7387,15
7388,5
7389,4
7390,6
7249
7390,3
7391,5
7392,9
7393,12
7394,2
7395,12
7263
7395,2
7396,3
7397,7
7398
7399,7
7400
7401,10
7402,6
7403,6
7404,8
7406,10
7407
7408,17
7409,11
7410,2
7411
7412,9
7413,3
7453
7413,13
7414
7404
7414,13
7415,10
7416,19
7387
7416,17
7417,9
7305
7417,2
7418,17
7419,3
7429
7419,2
7420,15
7421,9
7422,12
7434
7422,7
7423,13
7424,4
7425,4
7426,14
7427,3
7516
7427,13
7428,26
7429,21
7430,9
7431,13
7432,8
7433,7
7434,13
7435,8
7534
7435,15
7436,8
7437,17
7438,8
7439,3
7440,14
7441,6
7442,11
7443
7444,5
7445
7446,11
7447
7448,12
7449,16
7450,5
7451,6
7452,8
7453,13
7454,3
7455
7456,8
7457,9
7458,8
7459,5
7460,21
7461,11
7462,8
7463
7373
7463,6
7464,2
7465,5
7466,7
7467,6
7468,9
7426
7468,3
7438
7468,7
7469
7470,8
7471,4
7472,10
7473
7474,2
7416
7474,12
7475,2
7476,7
7477,20
7478,13
7369
7478,11
7479,9
7480
7481,2
7482,4
7483
7484,14
7485,6
7486,13
7487,4
7488,7
7414
7488,13
7489,4
7341
7490,9
7491,6
7492,4
7393
7492,5
7493,15
7494,3
7490
7494,4
7417
7494,3
7639
7495,21
7496,22
7497,22
7498,2
7499,4
7500,5
7531
7500,2
7501,8
7502,14
7503,14
7387
7503,3
7504,19
7505,15
7506,11
7507
7508,16
7509,3
7510,11
7511,2
7512,5
7513,2
7613
7513,5
7514
7515,13
7516,25
7517
7518,11
7538
7518,5
7639
7518,7
7536
7518
7519,5
7520,8
7521
7522,7
7523
7524,5
7525
7526,15
7591
7526,2
7527,3
7597
7527,3
7528,23
7529,14
7530
7531,24
7532,23
7533,2
7534,18
7535,12
7536,19
7537,7
7538,11
7539,3
7540,7
7541,3
7542,6
7543
7544,4
7545,2
7393
7545,10
7546,6
7547,7
7548,6
7549,7
7550,14
7551,16
7434
7551,9
7552
7553,15
7554,13
7555
7556,8
7557,19
7558,4
7591
7558,4
7559
7560,19
7561,12
7562,7
7563,13
7666
7563,20
7564,6
7565,18
7566,10
7567,3
7406
7567,6
7568,7
7535
7568,2
7569,6
7570,3
7715
7570,16
7571,8
7478
7571,19
7572,8
7573
7574
7575,6
7493
7575,17
7576,9
7577,25
7472
7577,3
7578
7579,7
7580,13
7581,3
7582,12
7583,19
7584,9
7585,16
7586,3
7587,8
7588,4
7589,3
7595
7589,5
7590
7591
7724
7591,3
7606
7591,16
7592,23
7593,2
7594
7617
7594,9
7595,13
7596,9
7597,10
7598,8
7599
7600
7601,2
7602,10
7603,2
7460
7603,22
7604,9
7605,21
7606,7
7607,6
7608,13
7688
7608,4
7609,16
7610,18
7611,10
7612,19
7613,6
7614,7
7615
7616,3
7617,4
7506
7617,8
7618,3
7619,14
7620
7621,2
7622
7623
7624,5
7625,17
7626
7627,14
7628,25
7629,3
7630,13
7631,8
7632,4
7633,10
7634,3
7635
7636,7
7637,3
7638,6
7639,5
7608
7639,2
7640,8
7641,6
7642,19
7643,20
7644,10
7753
7644,7
7645
7646,9
7647,9
7648,6
7649,13
7650,8
7651
7652,2
7653,9
7654,7
7655,2
7656,12
7657,3
7658,9
7659
7660,18
7627
7660,4
7661,2
7654
7661,12
7675
7661,7
7662,9
7663,11
7664,10
7665,8
7666,7
7667,8
7602
7667,2
7668
7669,5
7778
7669,14
7749
7670,8
7671,19
7672,8
7673,4
7674,15
7675,6
7676,13
7677,3
7732
7678
7679,6
7680,16
7681,11
7682
7681
7682,10
7683,14
7684,6
7685,6
7686,11
7687,15
7688,7
7689,11
7690,18
7691
7692,3
7693,2
7694,23
7695,9
7696,4
7697,3
7755
7697,9
7698,7
7699
7700,24
7701,7
7650
7701,9
7702
7703,10
7704,4
7705,12
7706,7
7707
7708,9
7709,8
7710,3
7711,2
7712,8
7798
7712,18
7713,22
7714,6
7715,3
7661
7715,12
7716
7717,20
7718,5
7719,7
7720,17
7721,7
7722,20
7723,8
7603
7723,3
7640
7723
7724,15
7725,11
7726,28
7727,6
7728,20
7729
7730,4
7731,20
7732,11
7733,11
7734,16
7735,3
7736,5
7737,5
7681
7737
7714
7737,2
7738,10
7739,2
7811
7739,22
7740
7741,24
7742,4
7743,10
7744
7745,4
7746,4
7741
7746,3
7747,9
7748
7749,6
7750,6
7751
7752,9
7753,3
7754,17
7755,24
7592
7755,9
7756,6
7757,11
7672
7758
7759,15
7760,17
7907
7760,4
7761,10
7853
7761,5
7762,10
7684
7762,4
7763
7764,20
7765,12
7766,8
7767,9
7768,11
7769,5
7770,15
7771,3
7772,6
7876
7772,16
7773,14
7774,14
7775,12
7741
7775,3
7776,14
7777,16
7778,19
7779,8
7780,5
7781,9
7782,5
7619
7782,8
7783,11
7784,2
7785,9
7786,8
7841
7786,10
7787,9
7726
7788,5
7789
7854
7789
7790,7
7791,8
7792,7
7793,28
7794,5
7795,13
7796,6
7797,5
7798,21
7799,9
7800
7801,5
7802,15
7813
7802,6
7803,15
7804,12
7805,3
7806
7807,9
7808,13
7809,12
7810
7811,29
7812,5
7813,8
7814,12
7815,16
7816,11
7817,2
7961
7817,6
7818,2
7819,4
7852
7819,8
7820,11
7821,10
7822,15
7823,2
7824
7901
7824,16
7825,6
7826,29
7827,10
7849
7827,5
7828,3
7829,23
7830,11
7832,7
7930
7832,5
7833,14
7834,2
7835
7836,13
7837
7838,4
7839,27
7840,5
7841,12
7842,8
7843,11
7844,21
7845,3
7730
7845,4
7846,6
7847,19
7848,8
7849,8
7850,15
7851,18
7852,4
7853,3
7732
7853,8
7854,6
7705
7854,6
7855,8
7743
7855,8
7856
7820
7856,4
7857,3
7858,5
7859,12
7860,11
7790
7860,5
7861,13
7862,7
7863,18
7864,10
7865,19
7866,10
7867,9
7868
7869,17
7870,7
7871,13
7872,9
7873,25
7874,11
7875,4
7876,16
7877,9
7878,11
8024
7878,10
7866
7878
7879,12
7887
7879
8021
7879,4
7880
7881,12
7882,7
7883,5
7884
7885,7
7886,13
7887,8
7888
7889,5
7890,23
7891,8
7892,13
7893,14
7894
7895,2
7896,10
7826
7896,7
7897,5
7898,15
7899
7900,7
7901,5
8024
7901,3
7902
7816
7902,2
7903,5
7904,3
7905,3
7906,10
7907,13
7908
7803
7908,2
8060
7908,3
7909,17
7910,39
7911,11
7912,2
7913,6
7914,2
7915,25
7916
7851
7916,12
7917,5
7918,4
7919,11
7920,15
7921,3
7922,13
7923,10
7924,20
7925,11
7926,9
7927,4
7928,2
7929,9
7930,4
7931
7932
7933,19
7934,4
7935,14
7936,11
7937
7938
7939,10
7940,26
7849
7941,6
7942,8
7943,17
7944,13
7945,6
8105
7945,11
7946,18
7947,12
7948,10
7949
7950,6
7831
7950,6
7951,9
7952,9
8027
7952
7953,3
8111
7953,3
7954,7
7955,14
7956,11
7957,12
7958,4
7959,10
8042
7959,6
7960
7961,18
7962,5
7963,4
7964,5
7965,21
7966,9
7967,10
7968,5
7969,6
7970,7
7971,4
7972,3
7973,10
8099
7973
8067
7973,2
7974,14
7975,5
7976,14
7977,7
7978,5
8092
7978,6
7979,4
7980,7
7981,4
7827
7981,8
8114
7981,6
7982,9
7983,20
7984
7985,3
8117
7985,2
7986,15
7987,8
7988,7
7989,6
7990
7991,3
7992,8
7993,3
8118
7993,16
7994,7
7995,9
7996,10
7997,6
7998,15
7999,12
8000
8001,10
8002
8121
8003,3
8151
8004,8
8005,7
7862
8005
8006,2
8007,15
7887
8007
8008,10
8009
8010
8011,4
8012,11
8013,7
8014,6
8015,9
8016,9
8017,5
8018,9
8019,12
8020,12
7954
8039
8020,5
8021,5
8022
8023,7
8024,6
8025,32
8026,12
8027,16
8028,18
8029,15
8101
8029,3
8030,9
8043
8030,9
8031,5
8180
8031,20
8032,3
8033,23
8034,4
8035,10
8036
8037,15
8038,10
8039,7
8040,16
8041,10
8042,9
8043,17
8044,7
8045,2
8046,7
8047,29
8048,10
8049,8
8050,2
8067
8050
8051,15
8052,12
8053
8054,9
8055,8
8056,8
8057,3
8058,9
8059,4
8055
8059,7
8060,8
8061,23
8062,13
8063,4
8064,8
8065,11
8066,9
8067
7964
8067,6
8068,4
8069,8
8070,2
8071,12
8072,11
8073,3
8074,13
8075,11
8076,13
8077
8078,6
8079,2
8116
8079,2
8080
8081,6
8082,4
8083,12
8084,10
7976
8084,2
8085,6
8086,4
8087,10
8088,19
8089,7
8004
8089,6
8090,5
8091,12
8092,19
8093,2
7980
8093,5
8094,17
8095,3
8096,21
8097,8
8098,20
8099,14
8100,14
8101,10
8102,2
8103,4
7947
8103,5
8023
8104,11
8103
8104,5
8105,5
8106
8107,10
8108,15
8109,34
8110,12
8111,4
8112
8113,20
8114,28
8115,21
8116,5
8117,7
8118,20
8119,4
8120,14
8121,5
8122,16
8123
8124,5
8125,15
8126,6
7988
8126,4
8127,9
8128,15
8129,8
8130,2
8131,10
8132,17
8133,4
8134
8135
8136,15
8137,4
8138,2
8139,7
8140,23
8141,18
8142,10
8143,20
8144,10
8145,7
8146
8147,12
8148,15
8149
8150,7
8151,4
8152,4
8153,12
8128
8153,5
8154,18
8155,5
8156,7
8157,6
8158,13
8159,8
8160,9
8161,13
8114
8161,7
8162,16
8163,11
8164
8165,5
8166,27
8167,7
8168,10
8169,24
8170,6
8125
8170,15
8171,2
8172
8173,31
8174,5
8175,12
8176,16
8177,8
8178,12
8179,14
8180,8
8181,14
8182,8
8183,17
8184,8
8185
8138
8185,9
8186
8187,6
8188,9
8126
8188
8189,14
8190,6
8191,10
8109
8145
8179
8108
8163
8061
8059
8167
8191
