23
3
22
24
49
16
35
45
50
22
0,7
32
0,8
1,18
2,11
3,12
4
5,8
6,8
63
7,9
8
9,6
10
11,12
12,18
13
14,3
15,15
16,5
17,6
18,14
19,10
20,4
98
20,6
42
20,2
21,5
16
21,13
22,21
23,3
24,13
94
24,8
25,11
26
25,3
26,12
27,7
58
28,4
29,3
30,3
107
30,3
31,7
32,4
33,6
34,13
35,4
50
35,6
36,10
37,9
38,8
93
38,11
39,5
41,14
51
41
42,4
3
42,3
43,3
50
43,10
35
43,10
44
45,13
46,8
47
43
47,7
48,7
49,9
50,12
51
79
51,13
52
53
54,13
55,20
21
105
55,3
56,14
57,3
120
57,2
58,12
59
60,7
61,4
62,13
63,9
115
63,9
64,9
65
66
67,5
84
67,11
40
67,5
68,11
69,17
70,2
77
70,4
71,7
72,13
73,4
74,4
75,9
76
72
76,12
77,9
78,7
79,10
135
79,2
80
104
80,2
106
80,5
81,5
82,7
83,2
117
83,19
84,16
85,13
86,8
88,4
16
88,10
89,11
115
89,3
80
89,13
90
91,19
92,13
93,13
94,5
95,7
96,4
97,8
98,18
99
100,5
169
100
101,14
164
101,2
164
101,5
102,7
103,4
104,8
105,11
183
105
106,18
107,4
147
107,10
33
107,3
108,8
109,7
110,5
111,11
112,9
113,5
114,18
67
114,2
115,18
116,2
117,2
118,9
168
118,7
119,16
120,2
194
120,17
121,4
144
121,8
197
121,6
122,4
123
185
123,5
107
123,5
124,5
125,8
155
125
126,10
127,28
128,4
111
128,15
129,3
130
131,3
132,9
133,7
134
153
135,12
136,7
137,4
105
137,5
144
137,3
138,12
196
138,3
139
140,2
98
141
142,7
143,4
144,19
145,2
187
145
146,2
118
146,15
147,20
148
149,9
150,7
151,2
83
151
152,5
153,9
154,9
155,6
156,16
157
158,4
159,16
160,7
161,2
162,9
163,18
87
164,4
126
164,14
165,8
169
165,2
242
165,5
166,9
167,15
168,26
169
168
169,9
170,9
197
170,3
171,19
172,7
173
174,5
161
121
174,5
175,18
247
176
177
249
177,5
178,7
179,15
180,15
181,6
182
183,9
168
183,4
160
183
184
107
184,17
185,10
186,8
187,5
188,20
189,20
190,15
208
190
191
192,5
155
192,4
193,2
164
193,3
194,12
195,6
238
195,7
196,14
261
196,4
169
196,7
197,17
198
199,2
200
201,14
202,17
203,13
171
203,3
204,7
205,5
206,11
207,4
231
172
207,9
276
208,7
209,8
265
209,8
210
211,6
212,8
213,2
137
213,6
214,9
215
216,14
217
218,3
219,6
238
219,9
220,2
221,9
222
223
224,2
261
224
225
226
227,3
228,5
229,9
230
168
230,15
231,22
232,8
202
232
233,9
234,6
235,3
236
248
236,15
237,6
196
238
240
238,5
171
238,23
239,6
240,15
241
188
241,5
242,16
243,12
244,13
245,2
169
245,10
246,3
247,8
248,2
203
248,8
249,12
321
286
249,4
250,14
251,9
252,16
253,7
254,6
255,13
253
255,8
219
279
255,2
256,16
257,15
258
259,8
260,15
261,10
231
261,3
262,9
263,13
264,8
265,5
266,2
311
266,10
267,27
268
269,6
270,9
271,6
272,5
273,4
211
273,6
274,4
275,18
276,18
277,4
278
279
205
279,13
280
281,17
282,4
283,7
216
283,15
221
283
284,14
285,2
238
285,3
219
285,4
286,8
298
286,3
287,10
288,6
271
288,11
289,8
290,9
291,6
292,5
293,9
320
293,3
234
293,3
294,2
295,21
296
231
296,3
297,5
299
297,2
298,9
299,6
300,6
301,7
302
303,8
304,14
305,7
306,31
307,5
314
307,2
308,16
309,7
310,8
311,16
256
311
312,7
313,5
314,6
350
314,11
315,2
370
315,5
316
318
316,6
400
316,2
369
317,6
372
317,15
318,20
319,8
320,8
267
320,5
321,14
322,12
323,18
275
323,2
277
324,8
325,5
315
325
326,10
327
328,5
295
329,10
381
329,5
330,2
331,13
332,10
266
332,4
333,2
334,5
335,11
423
335
384
335,17
336,12
337
338,7
310
338,9
339,6
340
341,15
342,2
325
342,3
343,11
344,3
368
344,7
345,12
346,14
347
348,13
349
361
349,6
329
349,7
350,10
351,6
352
353,2
354,10
355,4
356
357,7
440
418
358,3
359,14
360,12
361,13
362,8
363,5
344
363,4
364,4
318
364,9
365,4
366,6
414
366,5
367
328
367
368,4
369,7
370,15
371,8
372,18
373,3
374
375,4
376,9
377,8
378,5
397
378,6
379,2
380,16
381,9
382,5
383,3
384,6
385,4
382
385,5
386,7
387
388,5
389,4
440
389,6
390,8
391,8
392,2
466
392,15
393,5
458
393,10
394,4
317
394,2
401
378
394,7
395,6
396,8
397,15
398,4
417
399,8
400,10
343
400,8
401,21
402
428
402,12
403,14
404,17
405,8
406,8
332
406,4
407
408,6
409,4
410,3
460
410,4
411
412
413,6
414,9
415,8
335
415,5
416,3
417,11
418,5
473
418,6
496
418,10
442
418,5
419,11
420
421
446
422,5
423,13
424,5
425,2
426,14
361
426
427
390
427,17
428,19
417
497
454
428,2
432
428,4
429,9
430,2
465
430,6
431,12
400
431,3
432,5
503
432,3
433,7
434,3
469
434,5
435,7
436,6
435
396
436,8
437,13
438,4
439,10
456
439,17
453
439
463
439,8
440,17
441
442,8
394
442,8
443
444,16
445,7
446,3
447,9
448
495
448,4
449
386
449,7
450
371
450,6
451
452
453,5
454,5
452
454,6
458
454,15
455,28
456,6
457,4
483
457,6
458,5
422
458,7
459,8
520
459,9
460,10
461
462,8
463,8
392
463,8
464,9
465,5
548
545
465,5
466,9
467,10
468,9
469,17
545
470,4
471,14
542
471,3
468
471
472,9
437
472,6
473,9
474,2
398
474
439
474,7
475
476,10
477
478
479,6
521
479,2
474
480,11
481,10
482,3
498
482,4
459
482,7
483,3
491
483,2
529
483,12
484,4
485,10
486,8
553
486,4
487,3
453
487,2
488,5
489,4
490,10
467
490,6
491,5
499
491,3
492,2
493
494
495,3
567
495,3
496,5
497,11
469
497,14
498,17
549
498,4
499,10
500,13
501,12
502,14
497
545
502,3
503,2
504,14
505,2
454
505
572
505,2
506
507,5
508,3
442
508,21
509
510,15
511,2
552
511,3
552
511
508
511,7
486
511,6
512
513,6
514,7
471
514,2
586
515,16
516,6
517
518,6
519,5
520,5
522,4
523,5
524,4
547
524,11
525,2
503
525,8
594
525,2
526
527
528,17
529,22
530,4
490
531,7
532,6
590
532,4
533,9
455
533,6
534,2
535,7
536,7
477
537,2
538,11
539
540,10
620
540,8
499
541,7
542,15
543,3
469
543,5
544,4
545,8
542
545
609
545,4
546,13
547,21
497
547,2
616
547,2
576
547
548,6
545
548,4
549,11
550,4
610
550,15
551,8
552
625
552,13
553,11
554,5
621
554,4
555,2
545
555,2
556,6
557,7
558,8
635
559,2
640
559,7
560,9
561,5
562,11
563,8
551
563,2
564,2
565,4
566,4
496
566,3
567,13
568,9
625
568,5
587
568
569,5
570,13
571,3
572,4
573,25
574,3
580
574,5
557
575,2
576,5
495
576,3
577
578,9
579,3
492
579,8
580,5
587
580
581,5
535
581,10
582,12
637
582
583
584,8
628
584
585,8
586,19
587,4
588
589,18
590,8
548
600
590,3
591,2
522
591,7
560
591,4
592
593,9
594,8
595
596,9
597,25
598,9
552
596
598,8
599,5
600
552
600,2
601
602
603
604
605,4
563
605,3
634
605,12
606,2
616
606,9
584
606,4
607
608,10
676
609,6
610,9
533
610,18
611
612,2
613
676
613,6
610
614,16
676
615,6
686
606
615,8
616,3
540
610
616
617,4
562
649
617
591
617,7
646
617,13
627
617,4
618,2
621
619
620,15
555
620,15
621,13
622,5
623,7
624,6
663
625,17
626,3
627,2
637
627,13
628,12
629,8
630,15
661
631,13
632,9
663
632,2
633,8
634,6
570
635,10
636,3
637,10
691
637,9
638
639,2
635
639,6
640,5
641
642
615
642,13
643,7
644,2
563
644
645,11
633
645,2
646
614
620
646,7
647,11
663
647,5
648,2
649,12
650,10
651
606
651,12
625
651,17
652,7
653,6
654,7
655,7
656,2
657,9
658,3
715
658,3
744
658,2
711
658,7
728
658,2
659,2
729
659,2
582
659,9
660,12
661,2
691
661,4
662,5
663,27
590
663
664,2
655
664,32
665,10
666,6
667
668
631
668,9
669
670,2
721
670,4
671,3
664
671,6
716
671,7
672,5
673,5
674,6
675,11
659
675,2
676,13
677,10
678,6
727
679,10
680
681,3
682,8
683,15
684,8
685,8
769
685,3
686,31
646
686
687,8
688,14
690,10
691,19
692,5
693,3
694,7
728
694,2
695,9
696,16
697,4
745
697,2
717
697,11
698,5
699
686
699,3
700,4
701,7
702,11
703,4
689
703,5
693
741
703,4
704,9
705,13
706
707,7
708
709,3
710,3
628
710,3
711,8
712
659
713,9
714,7
715,8
716,7
717,20
718,9
719,2
720
721,17
722,10
723,5
724,5
725,8
726,2
790
726,3
721
726,3
727,6
655
727,3
728,11
729,7
730,4
731,8
732
733
734,7
786
734,2
803
734,7
735
736,4
737,25
738,4
739
740,9
741,10
737
741,3
742,12
743,6
744,11
745,2
699
745,5
677
745,3
798
745,4
810
745,10
785
745,3
746,4
747,13
803
747
778
747,2
680
748,2
744
748,5
749,6
750
751,9
752,11
753
754,13
755,7
756,10
757,7
758,2
682
758,8
679
758,6
759
760
761,5
830
761,17
762,4
763,11
764,7
721
764,3
762
764,6
765,6
710
765,4
766,6
767
768,10
769,2
828
769,5
770,13
777
771,21
772,4
705
797
772,6
773
774,6
810
774,6
775,9
776,10
777,3
706
777,8
768
777,10
826
777,2
778,4
777
778
779,10
780
781,3
782,6
783,3
784,5
785,18
710
785,5
786,10
787,10
768
787,4
788,2
789,10
790,15
791
731
791,7
850
791,13
861
791,3
792
745
792,7
793,8
727
794,7
795,16
796,13
797,7
873
797,7
798,8
826
798
872
799,12
800,3
851
800,11
801,18
802
803,16
804,4
808
804,3
805,2
810
805,10
768
805,4
806,4
858
806,4
807,7
809
807,2
808,5
810
808,2
819
809,16
810,7
817
810,4
757
810,6
811,9
812,15
813,8
814,7
815,7
816,6
897
816,4
817,8
818,13
819,3
779
819,8
890
819,4
820,7
827
820,2
873
821,7
822,2
790
822,8
806
822,11
823,2
824,2
825,6
826,7
844
826,14
827,8
769
828,5
829,6
830,8
839
830,2
895
830,5
831,8
832,8
786
832,8
833,12
834
835,6
836,8
837,3
838,8
839,8
840,7
841,15
842,4
801
842,4
830
843,4
861
843
888
843,2
844,3
795
844,13
845,2
886
845,8
846
847,8
848,3
849,3
873
849,4
850,5
819
850,11
799
850,6
851,8
852
826
852,3
853,9
854,16
855
856
857,6
858,2
860
858,8
859,8
860,8
797
860
841
860
861,14
862,8
863,5
864,7
926
864,10
865,16
895
865,2
866,12
895
866,3
867
868,8
869,5
927
869
907
869,19
934
869
942
869,3
799
864
869,3
870,4
871,22
872,15
853
872
943
872,9
873,18
874,15
875,4
946
875,4
876,2
877,10
947
878,2
879,11
880,7
881,2
891
881
861
881,7
882,6
887
882,3
883
884,8
885,6
886,6
887
869
887,6
888,4
861
888
844
885
888,10
889,6
890,8
891,13
884
891
892,5
893
920
893,3
897
893,3
894,5
895,9
888
895,17
896,8
897,13
898
897,4
898,14
899
900,10
901,7
902,2
926
903,22
904,7
828
904,2
917
905,9
906
932
906,7
907,6
908
859
908,3
909,2
910,9
895
910,2
911,6
838
912,8
969
912,2
913,5
932
913,2
914
915,14
969
915,21
916,13
917,9
918,4
919,3
920
991
920,7
916
920,18
921,13
922,7
923,11
924,9
925,13
912
925,5
926,10
927,9
928,12
929,7
858
872
929,4
930,8
931,22
932,23
933,7
934,12
931
934,3
935,7
936,8
937,6
938,3
964
938,4
939
940,7
941,2
874
941,2
978
897
941,5
1021
942,6
943,2
944,6
945,5
946,4
947,15
948,5
949
950,4
907
950
951,5
982
951,3
952
953,8
954,3
960
954,3
955,4
956
957
958,2
978
958,7
959
960,4
961,5
962
963,6
964,16
965,9
1019
965,3
980
965,19
966,9
967,5
968,9
969,7
994
969,6
970
971,8
972,2
1048
972,2
973,15
974
975,9
1029
975,17
976,3
977,11
978,6
979,7
980,13
981,3
982,10
983,10
984,2
947
984,10
951
984,17
985,7
1036
985,5
986,3
987,7
973
1048
987,5
988,3
934
988
989,5
998
989,6
990
991,8
995
991,5
1005
991,11
992,12
993,7
994,12
918
994,7
995,12
1022
995,5
996,5
997,12
998
1069
998,2
1016
998,4
1064
998,10
980
998,7
999,5
1000,3
933
1000,9
1001,4
1002,17
932
1003
988
1003,19
1004,25
1005
1002
1005,4
1006,2
1007,13
1017
1007,3
1008
932
1008,4
1068
1008,9
1009,12
1010
1011,11
1012,11
1013,15
1061
1013
1087
1013,5
1014,3
1037
1015
1016,6
968
1016,5
1002
1016,10
1087
1016,4
1017,10
1018,12
1019,9
1084
1018
1019,13
1020,2
1021,9
1022,6
1023
1024,11
1025,4
1026,10
1081
1027,8
1028,9
1012
1028
1033
973
1028,11
1029,6
1030,5
1031,13
1032
1033,3
1034
1035
1036,11
1089
1037,16
1038,9
1039,7
1040,4
1002
1040
1111
1040,8
994
1040,11
1024
1040,2
1121
1040
1041
1042
1043,7
1081
1043,3
1037
1043,7
1044,2
1045,2
1067
1045,6
1046,15
1047,3
1021
1047,2
1048,30
1049,6
1050,13
1051,11
1052,5
1053
982
1054,6
1055,6
1056,2
1016
1056,24
1057,9
994
1057,2
1058,9
1059,2
1007
1059,5
1060
1004
1060,4
984
1060,4
1061,5
1062,4
1074
1062,7
1085
1062,2
1063,8
1064,11
1065
1066,10
1067,4
1068,14
1069,7
1062
1069,11
1070,9
1071,10
1072,19
1073
1074,4
1075,7
1076
1077
1078
1079
1080,5
1040
1080,3
1081,11
1117
1081,9
1013
1081
1082,14
1083
1084,9
1120
1084,8
1086,3
1154
1086,13
1087,10
1024
1087,10
1088,9
1028
1089,2
1059
1089,11
1090,21
1091,2
1092,15
1093
1094,9
1095,3
1096,6
1164
1096,2
1097
1098
1099,12
1092
1100,7
1017
1048
1100,2
1101,7
1102
1103,7
1104,7
1152
1104,24
1105,15
1106,7
1107
1108,13
1109,2
1110,9
1132
1110,4
1140
1110,19
1111,6
1165
1111,6
1112,4
1113,15
1177
1113,7
1114
1115,7
1121
1115,7
1116,7
1117,16
1225
1117,10
1121
1118,4
1119,5
1120,9
1121,5
1122,2
1123,3
1124,25
1125,3
1126
1127,6
1128,27
1129,2
1056
1129,9
1124
1129,11
1130,6
1131,12
1132,2
1157
1132,6
1161
1132,5
1173
1133,9
1165
1133
1134,5
1135,10
1136
1137,8
1138,8
1139,3
1063
1139,10
1140,7
1141,16
1152
1141
1142,4
1143,8
1144,3
1084
1144,5
1145,7
1119
1145,2
1146,7
1147
1148,2
1149,4
1150,13
1151,9
1179
1151,15
1152,10
1153,8
1154,11
1198
1154,4
1155,8
1189
1155,4
1156,10
1157,19
1158,2
1159
1160,14
1161,6
1165
1161
1162
1163
1144
1163,6
1164,6
1165,14
1222
1239
1165,4
1166,7
1131
1166,4
1167
1168,4
1087
1168,2
1140
1168,9
1169,5
1119
1170,5
1171,2
1120
1171,5
1172,10
1173,14
1174,21
1175,11
1178
1175,2
1176,5
1178
1153
1178,9
1179
1235
1179,24
1138
1179,7
1180,18
1181,25
1182
1183,7
1224
1183
1184,24
1150
1185,4
1155
1185,9
1129
1185,7
1186,11
1187,4
1166
1187,7
1188,9
1189,2
1190,5
1191,7
1155
1191,9
1192,14
1193,8
1194,12
1195,3
1219
1195,11
1196
1197
1198,3
1251
1198,13
1199,10
1144
1199,11
1200,17
1201,4
1202,11
1201
1202
1203
1204
1205,11
1248
1205,16
1206,9
1207,3
1249
1207,14
1208,17
1209,10
1210,4
1211
1212,14
1213,7
1214
1215,12
1227
1215,4
1216,4
1271
1216,2
1217,2
1175
1217,6
1218,11
1165
1218,2
1219,8
1220,12
1284
1220,7
1221,2
1191
1221,4
1222,10
1223,7
1151
1223,3
1162
1223,6
1284
1223,4
1224,17
1225,13
1226,2
1227,11
1228
1229
1230,11
1231
1232,3
1233,3
1221
1233,2
1234
1200
1234,10
1170
1234
1235,21
1236,6
1202
1236,2
1237,9
1238,4
1239
1240,6
1241,3
1297
1241,5
1242
1243,5
1244,11
1245,12
1246,7
1247
1248,14
1249,11
1331
1249,15
1250,9
1251,7
1252,6
1253,14
1254,16
1282
1254,4
1255,6
1209
1255,9
1256,8
1257,2
1258,5
1216
1258,14
1259,4
1218
1259,2
1260,10
1199
1260,23
1261,5
1262,2
1263,5
1264
1265
1266,9
1216
1266,16
1267,5
1268,9
1269,7
1305
1270,6
1271,3
1283
1271,5
1199
1271
1272,11
1273,7
1274
1275,6
1245
1275,6
1276,4
1277,7
1230
1277
1278,10
1279,3
1280
1281,8
1282,32
1283,7
1284
1205
1284,7
1357
1284
1285,2
1286,25
1287,6
1338
1287,5
1288,15
1289,10
1290,9
1221
1290,4
1292
1293,3
1294
1295
1296,2
1248
1296,7
1313
1296
1297,5
1322
1297,7
1365
1298
1266
1298,4
1300
1298,4
1299
1300,9
1351
1300,7
1301,13
1302,3
1303,14
1248
1303
1304,15
1378
1304
1305,3
1303
1305
1306,7
1307,5
1331
1308,17
1309,2
1297
1309
1310
1341
1245
1310,9
1311
1312,4
1291
1312,9
1313,24
1262
1313,2
1314,4
1225
1314,6
1315,5
1316,6
1308
1316,4
1249
1320
1316,5
1317,7
1314
1318,14
1312
1318,7
1319
1344
1319,6
1320,15
1336
1320,6
1321,4
1322,14
1323,7
1324,12
1325,3
1340
1325,4
1258
1326,7
1327,10
1328,5
1329,2
1330
1331,2
1381
1331,5
1287
1331,8
1332,5
1367
1332,9
1333,10
1334
1335,5
1336,4
1318
1336,5
1337,6
1338,19
1339,11
1340,5
1381
1285
1340,5
1367
1340,4
1341,8
1342,2
1275
1342,12
1343,4
1344,12
1383
1344,5
1345
1346
1347
1348,11
1322
1348,8
1349,7
1350,3
1351,2
1343
1351
1352,2
1353,23
1354,12
1442
1354,5
1355,8
1408
1355,7
1356
1357,7
1358,7
1418
1358,6
1359,3
1381
1359,2
1378
1359,6
1360,10
1361,5
1401
1361
1362
1363,6
1431
1363,3
1364,9
1365,14
1366,15
1367,19
1418
1367,5
1368
1369,11
1370,10
1371,6
1372,9
1373
1374
1417
1375,11
1376
1377,18
1378,18
1434
1378
1379,3
1380,10
1326
1380,6
1381,18
1456
1382,11
1383,7
1384,5
1385,2
1416
1385,17
1386,13
1308
1386,6
1387
1388,4
1389,9
1375
1390,2
1446
1390,2
1391,6
1392,4
1393
1394,15
1435
1338
1395,14
1359
1395,2
1396,4
1447
1396,12
1314
1396,3
1461
1396,3
1371
1396,5
1361
1396,5
1457
1396,7
1397
1398
1361
1398,7
1399,5
1339
1399,4
1400,8
1401,4
1380
1401,4
1427
1401,18
1380
1401,2
1402,4
1449
1402
1403,7
1382
1403,13
1404,15
1405,7
1406,16
1407,6
1408,10
1409,9
1410,6
1471
1410,9
1349
1410,7
1411,15
1412,4
1429
1412,8
1413
1360
1413,2
1396
1413,9
1414,7
1415,10
1416,16
1434
1416,14
1417,6
1410
1417
1447
1417,6
1418,19
1370
1418,9
1419,4
1379
1419,3
1412
1419,10
1450
1420,21
1421
1422,8
1423
1424,9
1425
1426,4
1428,16
1429,6
1510
1429
1430,5
1431,3
1432,2
1401
1432,7
1433
1383
1434,9
1381
1434
1435,17
1436,10
1437,11
1438,8
1439,4
1440,19
1513
1440,5
1441
1442,7
1461
1442,5
1443,3
1444,4
1445,11
1434
1445,2
1446,16
1447,9
1530
1447
1448,2
1431
1448,2
1449,7
1450,12
1451,2
1452,6
1495
1452,4
1453,10
1454
1515
1455,3
1498
1455,8
1456,5
1457,13
1458,5
1459,7
1460,2
1461
1476
1461,17
1462,13
1463,11
1464,4
1457
1465,13
1466,7
1495
1466,2
1467,6
1395
1467,3
1468,8
1469
1470
1471,10
1485
1471,5
1514
1530
1472,6
1542
1472,7
1473,13
1446
1474
1475
1416
1475,8
1476,12
1477,18
1478,2
1534
1478,4
1479,17
1409
1479,6
1480,19
1455
1480,7
1481
1482
1483,5
1484,2
1485,3
1534
1406
1485,6
1486,8
1533
1486,6
1487,19
1480
1487
1488,7
1489,3
1558
1556
1489,6
1485
1489,3
1490,8
1491,6
1492,7
1493,8
1494,5
1495,5
1412
1495,13
1450
1495,2
1443
1495,4
1444
1495,2
1496,9
1497,10
1498,24
1499,7
1500,9
1501,4
1502,2
1518
1502,3
1432
1502,5
1503,11
1504,8
1505,15
1506,3
1473
1506,12
1507,3
1508,10
1522
1446
1508
1583
1508
1509,8
1510,5
1560
1511,3
1495
1511,5
1512,5
1527
1512,11
1513,16
1514,13
1515,2
1538
1515
1516,7
1517,12
1518,5
1519,15
1520,8
1467
1520,15
1521,2
1522,6
1590
1522,6
1523,3
1524,8
1525,8
1526,3
1527,10
1528,15
1475
1528,3
1529,6
1634
1529,22
1530,8
1608
1530,19
1531,12
1532
1481
1532,7
1533,2
1514
1533,7
1534,5
1541
1534,8
1535,2
1536,5
1515
1536,5
1537,8
1538,5
1539,16
1540,2
1615
1540,5
1541,21
1542,7
1543,6
1544,4
1473
1544,4
1574
1544,12
1545,2
1617
1545,14
1546,3
1547,12
1548,9
1549,15
1550,6
1551
1552
1553,9
1554,11
1547
1554,8
1555,3
1593
1555,2
1556,7
1588
1556,2
1530
1556
1557,10
1558,20
1559,2
1560,22
1561,10
1562
1528
1563,7
1614
1563,6
1564
1565,8
1566,5
1567
1604
1567
1503
1568
1569
1570,5
1571,9
1540
1571,7
1572,21
1573,15
1574,13
1575,14
1576,8
1577,15
1578,3
1579,6
1580,10
1558
1580,2
1581,13
1575
1582,9
1583,17
1584,9
1585,7
1586,2
1615
1586,10
1587,10
1635
1587,4
1588,9
1589,7
1654
1589,3
1590,9
1641
1590,7
1591,11
1621
1592,11
1670
1592
1572
1593,10
1561
1593,7
1594
1595,2
1596,2
1597,9
1666
1598,6
1599
1593
1599,4
1600,9
1533
1600,4
1601,15
1602
1603,5
1605
1606,3
1663
1606,3
1607
1583
1607,6
1608,11
1678
1608,7
1606
1608,2
1668
1608,11
1609
1610,4
1611,6
1612,2
1570
1612,6
1530
1612
1613,6
1614,11
1615,4
1597
1615,11
1616,13
1617,2
1566
1617,13
1610
1618
1619,5
1573
1619,2
1659
1619
1597
1619,4
1620,6
1621,3
1646
1621
1696
1621,2
1622,2
1623,2
1624,2
1592
1624,4
1625,16
1635
1625,2
1626,9
1627,5
1628,14
1629,10
1630,16
1631
1634
1631,5
1627
1631,17
1632,11
1633
1696
1633,5
1697
1633,7
1696
1633
1634,14
1635
1583
1635,5
1636
1637,6
1638,4
1689
1638,3
1639,14
1640,7
1641,8
1642,14
1585
1642,10
1643
1644,5
1645,12
1646,25
1647
1681
1647,3
1648,6
1649,15
1664
1649
1650,2
1651
1652,8
1653,2
1585
1653,17
1654,9
1655,4
1656
1657,8
1709
1657,3
1658
1659,8
1669
1659,12
1624
1659,3
1660,2
1661,21
1662,16
1663,14
1664,7
1760
1664,12
1758
1664,2
1665
1666,4
1667,11
1668,7
1669,19
1670,3
1593
1670,4
1671,7
1745
1671,2
1576
1664
1671,8
1633
1672,3
1673,2
1666
1673,8
1674
1675,7
1753
1675
1676,3
1677
1678,3
1631
1678,2
1663
1678,12
1679
1680,9
1681,6
1682
1683,5
1684,8
1631
1721
1684
1685,2
1686,2
1687,5
1688,4
1706
1689,13
1690
1691,2
1724
1691,9
1713
1691,2
1692,8
1670
1619
1693
1694
1695,4
1696,26
1661
1696,9
1697,2
1698,19
1621
1698,3
1699,2
1772
1699,10
1724
1699,2
1763
1699,3
1700,4
1701
1702
1703,5
1704,5
1705,8
1706
1758
1706,17
1707,3
1728
1707,6
1708,4
1709,19
1710,7
1711,7
1712,2
1713,3
1698
1713,4
1714,8
1715,9
1716,3
1758
1716,8
1717,12
1696
1717,3
1718,5
1719,2
1720
1721,8
1722,5
1723,6
1724,3
1684
1724,18
1768
1724,7
1725
1726,10
1648
1726,3
1727
1728,6
1729,5
1730,14
1731
1680
1731,6
1732,7
1771
1732,5
1733,22
1734
1735,2
1736,7
1737,9
1733
1737,3
1738,6
1739,3
1740,2
1741,18
1742
1743,6
1744,10
1745,12
1746,11
1747,3
1758
1747,4
1731
1747,4
1755
1747,2
1748,12
1749,16
1750,4
1739
1750,5
1751,3
1752
1753,2
1673
1753,2
1754,14
1755,7
1756,7
1757,6
1758,4
1832
1758,13
1759,8
1819
1759
1760,9
1761
1762,3
1704
1762,4
1763,2
1764
1787
1764,23
1721
1764,4
1765,4
1766
1802
1767,8
1802
1770
1767,2
1811
1767,12
1768,3
1696
1768,10
1769,15
1770,19
1771,6
1772,13
1773,13
1774,6
1775,15
1776,10
1777,8
1778,6
1779,9
1746
1779,23
1780,4
1781,2
1851
1782,2
1840
1782,2
1820
1782,3
1783,11
1784,3
1785,3
1814
1785,12
1786,6
1787,6
1803
1787
1840
1787,16
1840
1787,2
1788,2
1789
1790,33
1709
1790,4
1791
1792,6
1793
1794,2
1795,2
1796
1797,5
1798,8
1776
1798,15
1799,14
1800
1801,7
1802,21
1803,7
1804,6
1817
1804,12
1729
1804,2
1805,18
1806,11
1807,15
1808,22
1746
1808,4
1809
1810,7
1811,4
1760
1811,4
1838
1811,2
1863
1830
1811
1770
1811,5
1812,5
1813
1814,5
1815,2
1785
1815,2
1816,6
1764
1817,10
1755
1817,3
1818,5
1828
1818
1819,5
1767
1819,6
1820,16
1775
1820,4
1898
1820,13
1821
1858
1821,4
1791
1821,2
1824
1821,3
1822,3
1839
1822,7
1823,13
1824,8
1758
1824,5
1825,10
1826,5
1827
1829,6
1830,13
1831,10
1832,2
1779
1832,13
1833,10
1836
1833
1834,12
1835,7
1836
1837,3
1838,13
1839,8
1772
1839,12
1840,8
1779
1841,19
1842,7
1843,17
1844,3
1845,9
1846,2
1775
1846,7
1772
1846,9
1847,3
1783
1847,2
1848,8
1849,7
1850,11
1851,3
1820
1851,11
1852,6
1853,11
1854
1855,2
1823
1855,16
1856,13
1857
1834
1857,5
1900
1858,4
1876
1858
1859,3
1860
1861,7
1862
1863,13
1801
1863,14
1864,2
1829
1864,12
1865,6
1866,6
1867,5
1869,5
1870,13
1817
1870,8
1871,4
1883
1871,5
1872,5
1838
1873,4
1874
1825
1874,2
1921
1875,5
1841
1875,5
1898
1875,4
1876,14
1877,3
1878,3
1879,10
1880,2
1881,19
1827
1881
1858
1882,6
1883,7
1964
1883
1884,5
1885,16
1886,2
1817
1886,12
1887,12
1969
1895
1887
1888,2
1918
1888,5
1859
1888
1889,9
1888
1889,6
1966
1889,9
1890,8
1891,5
1892,8
1893,9
1894
1895,21
1896,2
1897,3
1853
1855
1898
1897,8
1898,12
1899,5
1900,7
1901,3
1868
1901,6
1956
1901,4
1923
1901,14
1902,8
1924
1902,6
1903,9
1904,16
1852
1876
1830
1904,5
1905,8
1906,2
1907,9
1908,3
1909,3
1905
1909,5
1829
1909,3
1910,7
1911,3
1886
1911,4
1912,5
1913,6
1914
1915,5
1916,11
1917,15
1864
1917
1918,20
1919,11
1874
1920,7
1921,6
1922
1923,17
1924,14
1984
1924,8
1925
1926
1927,6
1928
1929
1930,25
1931
1936
1931,7
1932
1933
1943
1933,8
1934,6
1935,6
1936,3
1863
1936,16
1937,14
1938,9
1939,7
1895
1939,16
1940,5
2000
1941
1942,2
1998
1942,5
1943,15
1858
1943,6
1944,2
1945,7
1955
1945
1946,9
1947,5
1948,5
1949
1950
1996
1939
1950,4
1882
1950
1951,16
1952,11
1871
1952,3
1954,3
1945
1954,20
1955,29
1956,7
1969
1956,5
1957,7
1901
1957,5
1958
1959
1960,6
1902
1960,2
1961
1962,4
1963,2
1964,10
1965,11
1966,17
1967,6
1968,2
1969,5
1910
1969,4
1930
1969,3
1970,6
1971
1972,5
1973,12
1974,6
2018
1974
2021
1974,7
1975
1976,7
1977,2
1978,13
1979,10
1980,5
1981,11
1952
1981,2
1982,5
1983,7
1984,3
1985,5
2027
1909
1991
1981
1985,3
1955
1985,2
1986,5
1953
1986,3
1987,12
1988,11
1989,10
1990,14
1991,26
1992,3
2013
1992,5
1993,10
2036
1994,17
1924
1994,6
1995,7
1996,8
1997,7
1972
1997,7
2035
1997
1998,5
1999
1970
1999,7
2000,13
2001,7
1997
2001,2
2002,9
2003,9
2004,8
2080
2004,4
2005,2
2006,3
1957
2006,12
2007,14
2008,8
2046
2008,6
2046
2008,6
2009,13
2010,11
2011,15
2012,4
2013,6
2014
2015,22
2000
2015,2
2016,3
2044
2016,6
2017,11
1966
2017,6
2018
2035
2018,14
2019,9
2020,5
2086
2020,5
2021,9
2044
1978
2021,6
2022,8
2098
2022,9
2023,10
2024,8
2025
2026,9
2027,19
2028,15
2029,12
2030
2031
2032,2
2049
2032,2
2033,10
2034,3
2035,13
2036,4
2010
2036,2
2037,5
2098
2037,2
2038,11
2039,15
2040,3
2041
2042,6
1990
2042,6
2043,13
2037
2043,5
2044,7
2062
2044,2
2045,6
2047
2045,6
2046,3
2021
2046,6
2047,6
2048,15
2049,6
2050,4
2051,8
2052,2
2053,2
2054,16
1974
2054,5
2055,7
2056
2057,2
2011
2058,2
2059
2060,8
2061
2062,3
2133
2062,8
2037
2062,4
2063,5
2064,9
2065,17
2066,7
2067,2
2124
2067,15
2068,6
2069,27
2070,2
2071,2
2005
2071,2
2072,3
2073,6
2074,14
2075,12
2082
2075
2076,7
2077,2
2078,16
2119
2079,2
2126
2046
2079,4
2080,22
2081,4
2082,13
2141
2082,4
2028
2082,3
2083,20
2084,9
2085
2086,3
2087,9
2088
2129
2088,12
2089,11
2069
2089,2
2090
2057
2090
2036
2090,2
2162
2090,14
2091,3
2044
2092
2093,9
2094,2
2065
2094,8
2095,8
2096,8
2097
2046
2097,9
2098,16
2065
2098,6
2099,9
2100,25
2101,9
2133
2102,12
2103,3
2155
2103
2104,8
2105,4
2106,5
2107
2108,2
2119
2108,12
2083
2108,3
2109,12
2110,2
2111
2112,5
2113,9
2090
2113,8
2121
2113,4
2114,10
2115
2150
2115,6
2116,8
2117
2118,9
2119,2
2049
2119,15
2120,8
2178
2120,2
2121,8
2122,7
2123
2124,10
2125
2126,8
2098
2126,3
2151
2127,9
2128,2
2051
2128,4
2065
2128,3
2130,14
2131
2132,8
2048
2132,2
2133,26
2201
2133,5
2134,7
2150
2083
2134,2
2135,3
2077
2135,4
2136,7
2137
2138,5
2139,20
2201
2139
2201
2139,3
2207
2140,9
2141,13
2142,2
2082
2142,6
2143,9
2144,13
2181
2145,14
2146,4
2147,3
2157
2147,3
2148
2149,14
2150,7
2151
2157
2151,4
2126
2151,2
2076
2151,3
2152,14
2153,8
2154
2155,13
2156,3
2157,18
2158,28
2159,9
2160,14
2232
2160,2
2161,16
2186
2161,2
2162,2
2136
2162,2
2163,17
2164
2165,4
2166
2167,3
2237
2167,12
2168
2102
2169,4
2170
2171
2172,9
2173
2242
2173,9
2100
2173,5
2118
2173,2
2174,12
2184
2174,6
2175,5
2176,6
2177
2178,8
2208
2178,9
2179,3
2141
2179,7
2124
2179,5
2180,22
2152
2180,2
2181,3
2182,7
2183,18
2184,4
2136
2184,6
2114
2184,14
2185,14
2186,12
2187,20
2188,11
2268
2188,3
2189,3
2190,6
2243
2190,3
2191,14
2192,5
2193,12
2194,9
2195,22
2181
2196,6
2197,7
2198,2
2199,7
2141
2199,2
2200,6
2187
2200
2201,2
2267
2201,17
2172
2201,8
2139
2201
2202,5
2203,8
2204,15
2205,7
2206,5
2207,12
2245
2207
2208,2
2221
2208,11
2209,9
2210,6
2211,7
2212,3
2276
2212,3
2213
2214,4
2139
2214,3
2201
2214,6
2286
2214
2215,4
2216,8
2247
2216
2217,2
2249
2217,5
2218
2238
2218,12
2219
2220
2221,3
2222,5
2223
2224,12
2225,5
2167
2225,11
2226,5
2227,20
2228,10
2229,3
2204
2229,6
2230,2
2214
2230,17
2231,2
2232,10
2233,8
2234
2235
2236
2237,16
2238,4
2259
2238
2239
2240
2241,5
2242,6
2276
2242,5
2243,13
2247
2243,2
2244,7
2272
2244,4
2245,23
2183
2245
2246
2247,25
2248,4
2249,11
2188
2249,10
2233
2249,3
2250,3
2305
2250,12
2230
2250,3
2251
2252,22
2253,10
2278
2253,4
2254,8
2255,16
2321
2256
2257,9
2258,2
2268
2258,19
2259,14
2260
2261
2262,2
2317
2262,6
2263
2249
2263,14
2300
2263,13
2264
2265,8
2267
2233
2278
2265,2
2268
2265,7
2266,5
2267,7
2249
2267,6
2311
2267,3
2242
2267
2321
2267,14
2268,4
2306
2268,5
2269
2270,2
2271,3
2272,11
2273,13
2274
2341
2275,6
2304
2275,4
2276,16
2277,5
2278,13
2279,2
2280,6
2283
2280,8
2281
2282,12
2312
2282
2283,17
2284,7
2285,2
2215
2205
2285,9
2287,7
2208
2287,8
2288,5
2289,6
2366
2289,7
2290,3
2291,3
2224
2291,3
2292,8
2293
2294,14
2371
2294
2295
2296,6
2297,13
2298,4
2299,14
2300,19
2301,16
2302,10
2341
2340
2303,8
2304,9
2305,3
2306
2305,9
2306,17
2307,8
2308,10
2317
2308,3
2309
2310,5
2323
2310,13
2311,11
2312,11
2245
2312,14
2356
2312,2
2313,9
2392
2313,3
2373
2313,15
2314,10
2315,13
2316,10
2317,20
2296
2317,9
2343
2317,7
2318,3
2319,6
2389
2319,6
2268
2319,2
2409
2319,2
2320,11
2321,7
2322,9
2323,2
2324,8
2325,10
2326,4
2327,2
2328,12
2354
2328,3
2395
2328,4
2381
2328,2
2329
2330,14
2331,2
2368
2331
2275
2331,7
2402
2331
2317
2332,4
2333,6
2334,7
2386
2334,4
2335,7
2336,6
2337,9
2338,3
2339,5
2410
2339,9
2340,3
2424
2298
2340,8
2341,12
2361
2341
2342,8
2343,4
2302
2343,7
2344,8
2345,5
2418
2345,2
2346
2347,11
2348,5
2311
2348,18
2349,7
2351,2
2352,3
2353,9
2354,4
2384
2354,8
2355
2356,9
2283
2356
2348
2356,4
2434
2357,7
2358,9
2324
2358,3
2429
2358,7
2359,3
2319
2359,5
2381
2360,8
2361,7
2362,3
2363,20
2376
2363,3
2364
2365,7
2379
2365,15
2366,8
2313
2367
2368,13
2386
2368,3
2369,16
2370,4
2371,3
2372,13
2331
2372,8
2373,10
2374
2375,2
2376,3
2444
2376,3
2444
2376,8
2377
2378
2343
2379,11
2380,2
2381,14
2410
2381,5
2382,9
2383
2384,3
2385,4
2448
2385,3
2386,2
2381
2386,6
2387,4
2328
2388
2389,14
2390,3
2391,8
2409
2391,12
2392,3
2311
2392,3
2428
2393,2
2394,9
2313
2394,15
2395,6
2396,8
2397,15
2398,7
2399,3
2431
2399,2
2400,8
2401,8
2420
2401,3
2475
2401,4
2390
2401,7
2402,6
2330
2402,7
2435
2402,11
2403,6
2404,6
2348
2404,4
2405,11
2359
2406,9
2407,4
2408,6
2409,15
2410,12
2339
2410,3
2411,13
2412,9
2413,2
2414,2
2446
2414,4
2415
2416,2
2417,15
2418
2473
2418,4
2419,17
2420,17
2421,9
2422,4
2394
2479
2422
2459
2422,2
2459
2422,5
2423
2424,5
2489
2424,3
2425
2432
2426,3
2431
2426,6
2427,2
2428,4
2420
2428,4
2498
2428,19
2429,5
2430,14
2431,11
2432,12
2433,10
2350
2433
2434,13
2435,19
2436,2
2437,8
2438
2439,5
2511
2439,2
2440,12
2441,5
2453
2441,11
2405
2441,13
2442,12
2443,2
2462
2443,3
2444,21
2445,7
2474
2445,8
2401
2445
2446
2515
2446,2
2447
2448,6
2449,13
2450,9
2451,15
2474
2451,2
2452,3
2453
2454
2455
2456,6
2431
2456,5
2457,16
2458,4
2515
2458
2459
2498
2490
2459,14
2407
2459,4
2460,7
2461,14
2462,15
2463,5
2464,9
2465
2466,9
2467,20
2468
2411
2468,8
2516
2468,7
2469,4
2470,6
2524
2470,11
2471
2472,15
2473,7
2474,13
2475,5
2418
2475,4
2497
2475,5
2459
2475,11
2476,14
2477,2
2507
2477,4
2478,19
2479,26
2451
2479,6
2480
2514
2480,8
2481
2422
2481,2
2482
2483,4
2484,3
2485,6
2486,11
2533
2486
2487
2489,18
2490
2474
2490,11
2560
2490,2
2491
2492,13
2441
2492,3
2493,2
2563
2493,4
2560
2493
2494,21
2495,17
2496,10
2500
2517
2496,2
2448
2496,7
2497,13
2543
2497,4
2498,10
2499,8
2500,8
2501,11
2568
2501,8
2502,8
2503,15
2531
2503,9
2504,9
2505,14
2506
2468
2506,5
2461
2506,5
2507,3
2479
2507,4
2541
2507,6
2508
2509
2548
2509,15
2510
2511,3
2498
2511,8
2512,5
2513,7
2514,5
2588
2514,11
2515,34
2516,7
2517
2448
2517,12
2518,6
2519,2
2528
2519,4
2520,12
2521
2525
2521,9
2475
2521,4
2522
2523,15
2524,5
2574
2524,19
2525,8
2526
2483
2526,2
2527,12
2548
2527,4
2528,13
2546
2529,21
2530,4
2531,4
2480
2531,14
2601
2532,8
2533,3
2481
2533,9
2534,4
2523
2534,10
2535,12
2536,20
2537,6
2538,9
2539,9
2540
2541,7
2542,12
2543,7
2488
2543,2
2544,12
2545
2546,10
2594
2546,6
2547,12
2548,15
2480
2549,9
2550,11
2551,2
2552
2553
2554,2
2628
2554,10
2555,11
2623
2555,9
2556,10
2557,3
2558,13
2555
2558,9
2559,5
2560,8
2561,11
2562,3
2534
2562,19
2563,9
2564,6
2565,9
2531
2566,7
2567,8
2613
2568,9
2569,9
2570,4
2571,15
2572,12
2573,8
2633
2573,2
2574,13
2575,15
2576,8
2577,4
2578,17
2577
2578
2579,15
2580,6
2581,15
2582
2583,16
2584,11
2585,10
2586,2
2587
2588,3
2601
2588,9
2596
2588,12
2589,2
2590,6
2591,10
2592
2593,2
2594,10
2599
2594
2595
2596
2567
2596,10
2536
2596,6
2597,11
2575
2629
2597,9
2598,6
2558
2598,11
2623
2598,7
2599,13
2600,16
2535
2579
2600
2601,13
2599
2601,10
2602,3
2588
2602,2
2603
2604,21
2605
2606
2682
2606
2607,4
2608,7
2609,4
2556
2609,3
2614
2609,2
2655
2609,5
2601
2609,2
2610,7
2611,5
2612,3
2654
2612,2
2613,8
2659
2613,3
2666
2613,7
2614,5
2673
2614,9
2615,7
2616,6
2550
2616,12
2617,22
2618
2619
2620,3
2621,6
2622,3
2623,10
2624,5
2625,6
2626,14
2627,12
2628,16
2555
2628
2629,16
2630,2
2631,4
2598
2631,5
2632,11
2604
2632
2633,3
2664
2633,12
2634,18
2635,12
2636,9
2637,8
2638,4
2672
2639,13
2640,10
2708
2640,8
2577
2640,7
2641
2642,15
2643,16
2644
2645,22
2646
2599
2646,3
2621
2646,5
2647,9
2648,4
2649,8
2692
2650
2651,6
2652,7
2578
2652,7
2653,7
2654,8
2655,9
2714
2655,7
2656,15
2657,7
2658,3
2659,11
2675
2659,9
2660,3
2661,9
2662,3
2656
2662,2
2663,9
2656
2664,5
2665,19
2666,7
2667,4
2668,11
2669,2
2629
2669,6
2597
2669
2670,4
2671,7
2690
2672
2733
2672,10
2607
2672,4
2673,21
2609
2673
2674,5
2675,28
2676,9
2677,6
2678,6
2679,14
2680
2744
2680,7
2681,9
2682,5
2672
2682,7
2683,4
2723
2683,10
2682
2744
2683
2684,17
2685,8
2762
2685,4
2643
2685
2686,12
2687,2
2688,4
2689,17
2645
2690,9
2691,9
2692,12
2693
2656
2694,3
2756
2694,14
2695,5
2696,3
2697,9
2733
2697,12
2698,8
2699,25
2700,2
2701,12
2702
2758
2702,4
2703,3
2692
2703
2773
2703,5
2704,7
2705,3
2706,12
2707,7
2645
2707,2
2665
2653
2707,10
2638
2707,9
2751
2707
2715
2707,11
2637
2708,4
2701
2708,11
2634
2708
2689
2708,17
2709
2710
2711,3
2790
2711,5
2712,13
2713,9
2811
2714
2784
2714,9
2715,17
2789
2715,9
2716,13
2717,12
2718,6
2675
2718,5
2719,4
2657
2719,5
2740
2719,2
2720
2721,10
2722,2
2675
2722
2809
2722,11
2723,11
2715
2723,6
2724,6
2725,15
2726,25
2727,19
2728,4
2729,8
2730
2679
2793
2730,6
2736
2730,2
2731,8
2732
2733,16
2734,10
2735
2736,7
2737
2721
2737,9
2738,6
2739,3
2734
2739,9
2740,10
2741,10
2690
2742,4
2743
2744,4
2727
2744,2
2704
2744,2
2745,8
2746,11
2747,4
2704
2747,4
2748,2
2721
2748,8
2749,15
2750,3
2751,13
2752,20
2753,3
2754
2755,4
2756,4
2780
2756,4
2757,11
2722
2757,4
2758,2
2707
2758,16
2759,5
2760,11
2761,4
2762,11
2763,6
2881
2803
2763,2
2764,4
2765,9
2766
2767
2768,9
2769
2770
2690
2770,6
2771,16
2772,7
2773,2
2717
2773,6
2774
2775,12
2771
2775,18
2776,5
2777,16
2778,5
2779,15
2780
2734
2780,19
2781
2782,5
2783,9
2784,12
2726
2784,2
2785,4
2786,3
2787,5
2722
2787,4
2788,10
2789,8
2790,11
2791,2
2792,8
2793,7
2853
2793,3
2794
2795,12
2778
2795,7
2796,7
2797,12
2798,5
2799,8
2800,9
2751
2800,6
2801,8
2802,6
2803,4
2775
2803
2804
2805,12
2806,13
2807,13
2784
2807
2808,4
2799
2809,11
2810,4
2805
2810,4
2863
2811,16
2812,12
2817
2812,3
2800
2812
2813,6
2814,13
2815,4
2816
2817,12
2818,3
2836
2819,3
2828
2819,9
2820
2821,6
2822,14
2874
2822
2744
2822,8
2844
2824
2825
2826,16
2827,4
2775
2827,8
2829
2830,4
2831,2
2747
2831,2
2886
2831,15
2882
2831
2832,20
2833,8
2834,9
2878
2834,7
2835,10
2836,7
2749
2836,8
2837,8
2838,6
2839,11
2874
2840,7
2841,15
2842,8
2843
2844,4
2845,5
2846,9
2847
2874
2847,6
2848,2
2849,7
2850,10
2851,7
2852,13
2845
2852,2
2853,8
2854,7
2868
2854,2
2807
2854
2855
2856,10
2857,2
2858,14
2859
2807
2859,13
2910
2859
2860,29
2861,11
2929
2861,3
2862,4
2841
2862
2863,10
2864
2865,6
2917
2865,3
2866,6
2806
2867,5
2780
2867,3
2868,2
2861
2868,7
2869,6
2870,16
2871
2872
2873,8
2874,3
2790
2874
2928
2874,5
2875,7
2876,7
2877,6
2878
2877
2860
2877
2908
2878,3
2802
2878,8
2870
2878,6
2879,8
2881
2879
2880,4
2881,3
2953
2881,6
2957
2881,15
2799
2884
2881,4
2823
2882,7
2883
2884,18
2885
2886,9
2887
2888,7
2889,8
2890
2891
2892
2893,5
2894,9
2895,16
2896,4
2897,13
2898,11
2899,10
2866
2899,8
2900,2
2878
2900,11
2944
2900,2
2901,14
2902,5
2903,6
2904,7
2905,3
2906
2907,7
2908,16
2909,5
2918
2909,7
2910,20
2911,7
2912,22
2913,11
2914,4
2927
2914,6
2915,5
2916,3
2895
2916,11
2917,26
2918,5
2919,7
2920,8
2950
2921,5
2922,4
2923,24
2924,9
2925
2926,2
2927,16
2970
2928,8
2929,11
2930,6
2928
2930,2
2931,12
2932,8
2854
2932
2945
2932,8
2933,3
2934
2935
2945
2935,7
2929
2935,4
2936
2937,5
2879
2937
2938
2939,3
2940,19
2941,8
2942,5
2943,14
2944,9
2898
2944,7
2945,21
2983
2945,3
2946
2978
2946,11
2947,3
2948,10
2949,8
2950,5
2951,4
2952,9
3017
2952,5
2953,4
2995
2953,9
2954,13
3016
2954
2955,23
2956,12
2957,4
2879
3034
2957,10
2982
2957,3
2958,2
2971
2958,7
2959,11
2968
2959,3
2960
2961,7
2971
2961
2962,10
2963,8
3029
2964,5
2971
2964
2965
2966
2967,9
2968,13
3022
2968,2
2969
2907
2969,2
2970,6
2971,2
2989
2971,14
2972,10
2973
2974
2975,3
2927
2975,5
2910
2975
2976
3037
2976,9
2982
2977,6
3033
2977,15
2978,6
2979,5
2980,6
3005
2980,7
2987
2980,3
2981,3
2982,7
3043
2982,15
3034
2983,4
3052
2983,18
2984,4
2985,3
3023
2985,4
2986,15
2987,4
2976
2987,11
2988
3056
2988,10
2989,18
2990,6
2991,11
2992,10
2993,2
2926
2993,7
2994,6
2995,16
2996,6
2997,9
2998,7
3003
2963
2998,6
2999,2
3000,6
3001,9
3002
3003,10
2962
3003,14
3004,13
3072
3005,32
3043
3005,2
3006,7
3007,9
3008,11
3004
3008,10
3009
3075
3009,2
3078
3009,4
3010,3
3070
3010,3
3070
3010,4
3043
3010,17
3011,5
2961
3011,2
3012,6
3013,7
3014,2
3059
3014,10
2943
3014,5
3001
3014,3
3015
3016,12
3017,8
3018,5
3019,8
3020,7
3021
3022,2
3027
3022,13
3045
3005
3023,12
3024,9
3025
3026
3027,7
3028,6
3029,5
2972
3029,5
3030,5
3099
3030,6
3031,11
3032,14
3033,6
2986
3033
2975
3033
3010
3033,10
3034,11
3035,4
3051
3035,19
3004
3035,2
3036,11
3040
3036
3037,9
3076
3037,7
3038,6
3006
3038,8
3106
3038,2
3039
3040,14
3041,7
2994
3041,5
3042,8
3043,5
3044,6
3045,8
3041
3045,4
3046,3
3047,7
3089
3040
3047
3081
3047,4
3048
3049,4
3050,9
2985
3050,2
3051,9
3052,19
3053,9
3054,3
3008
3054,5
3055,4
3056,9
3065
3056,2
3057,8
3022
3057,7
3058,5
3124
3058,4
3079
3058,6
3059,9
3060,2
3023
3060
3061,6
3062,7
3056
3062,5
3063,15
3064,12
3066,7
3067,4
3068,17
3064
3068,2
3069,12
3070,11
3071,7
3073,6
3074,8
3075,5
3076,14
3077
3078,23
3130
3079
3106
3079,15
3080,12
3081,25
3082,10
3083,16
3084,8
3085,3
3116
3085,6
3086,15
3087,13
3088,5
3091
3088,6
3089,17
3090,18
3091,12
3092,14
3037
3092,3
3093,4
3078
3093,4
3056
3093,8
3094
3095,3
3089
3095,5
3124
3095
3096,10
3097,8
3098,21
3099,2
3100,17
3122
3100
3101,10
3137
3101,8
3102,14
3103,3
3079
3103,8
3104,10
3105,3
3120
3105,5
3106,17
3174
3106,4
3145
3107,7
3108,15
3109,3
3110,4
3126
3111
3112,4
3113,14
3114,8
3115,8
3116,3
3117,10
3118,4
3119,9
3120,10
3121,6
3122
3092
3122,14
3123,9
3074
3124,2
3189
3124
3093
3124,11
3125,9
3126,9
3203
3126,3
3127,9
3128,15
3129,5
3130,13
3131,18
3132
3133,6
3110
3133,2
3134
3135,21
3136,9
3120
3136,10
3137,4
3196
3137,12
3138,9
3139,4
3225
3139,2
3182
3139,5
3140,16
3141,9
3142,10
3143,4
3070
3143
3140
3143,4
3144
3145,19
3146,6
3104
3146,2
3147
3148,18
3149,6
3150
3151,6
3152,5
3153,17
3154,5
3217
3154,6
3155,5
3156,3
3157,8
3210
3157,4
3158,2
3141
3158,7
3210
3158,2
3159,6
3160,9
3223
3160,3
3224
3160
3161,12
3162
3163,10
3164,8
3196
3165
3166,6
3164
3166,8
3167,16
3168,12
3169,5
3203
3169,6
3170,6
3255
3170,7
3171
3172,9
3100
3172,3
3173
3174,3
3236
3174
3155
3174,11
3151
3174,7
3261
3174,2
3175,13
3212
3175
3176,9
3177,14
3178,5
3179
3180
3181,9
3182,7
3183,5
3184,8
3185,4
3186,3
3187,11
3188,5
3189,2
3190,10
3191,12
3192,7
3193,6
3194,5
3236
3195,9
3196,6
3166
3196,10
3197,20
3198,6
3178
3198,5
3212
3198
3199,11
3200,6
3128
3200,4
3201,25
3202
3203,21
3204,2
3178
3204,4
3259
3204,4
3205,3
3206,3
3207
3208,12
3209
3210,15
3211,5
3141
3211,7
3212,12
3136
3213,4
3214,2
3295
3214,3
3174
3214,3
3215
3244
3216
3217,4
3218,12
3158
3219,9
3220
3279
3220,5
3136
3220,11
3221,3
3196
3221,6
3250
3204
3221,3
3222
3223,17
3224,8
3225,28
3200
3225,13
3226
3231
3226
3227,2
3198
3227,10
3228,8
3229,4
3213
3229,5
3230,11
3231,6
3232,12
3233
3234,7
3244
3234
3235
3236,2
3237,6
3238
3239,13
3240,2
3274
3240,3
3141
3240,3
3278
3307
3240
3241,7
3242,7
3243
3223
3243
3244
3243,12
3244,22
3245,2
3246,5
3247,5
3248,2
3249
3296
3249,5
3281
3249,3
3250,17
3251,8
3252,7
3167
3252,5
3253
3254,2
3255,14
3256,7
3257,19
3258,8
3263
3258
3259,10
3260,3
3174
3260,5
3335
3260,3
3261,2
3262,3
3174
3225
3262,6
3263,8
3264,4
3270
3264,3
3265,6
3339
3265,3
3266,3
3367
3266,10
3281
3266,2
3267
3268,6
3269,2
3213
3269,4
3341
3269
3270,3
3271
3272,15
3273,14
3274,15
3275
3276,14
3277,3
3278,16
3316
3278,6
3279,19
3280,29
3281,9
3282
3283,6
3348
3284,4
3285
3286
3287,8
3288,20
3289,11
3290,12
3291
3367
3291,7
3292,14
3293,10
3294,3
3296,5
3297,15
3298
3299,18
3300,2
3351
3300,5
3301,6
3302,16
3303,5
3225
3303,17
3304,7
3305,13
3306,2
3307,10
3308,12
3309
3310,5
3311,4
3239
3311,3
3312
3313
3314,9
3315
3316
3367
3316,5
3225
3316,5
3317,11
3318,9
3319,2
3320,11
3321,3
3322,4
3323,8
3245
3323,8
3324
3325,16
3340
3326,2
3301
3326,8
3327,8
3262
3327
3392
3327,9
3396
3327,9
3328,5
3329,13
3409
3329
3330
3331,6
3332,9
3333,6
3334,13
3335,3
3239
3335,9
3336,5
3252
3336,12
3337
3353
3337,8
3338
3259
3338,3
3342
3278
3338,5
3339
3361
3339,11
3340,7
3341,7
3342,16
3343,3
3344
3345,4
3346,3
3269
3346,2
3292
3346,2
3347,5
3348,13
3349,23
3350
3351,6
3265
3352,8
3353,4
3354,11
3355,6
3356,7
3357,10
3377
3357,4
3358,7
3359,13
3360,5
3433
3360,7
3361,11
3362,5
3287
3369
3362,4
3292
3362,4
3377
3362,2
3363,2
3364,6
3365,5
3366
3367,6
3325
3367,7
3386
3367,15
3368
3369,10
3370,11
3371,12
3372
3373,5
3339
3373
3374,7
3375,6
3377
3375,5
3376
3377,4
3341
3377,18
3426
3377,3
3378
3379,4
3369
3379,8
3329
3379,2
3380,3
3419
3402
3381,6
3382
3383
3384,4
3385
3415
3385,11
3386,2
3374
3386,2
3436
3386,3
3294
3387,7
3388,4
3389,15
3390,14
3391,3
3388
3391,12
3392,11
3393,12
3394,2
3395,3
3396,7
3444
3396
3409
3396
3397,15
3398,11
3454
3399,19
3400,14
3401
3323
3401,9
3402,13
3328
3402,7
3471
3402,2
3403,13
3404,5
3405,5
3406,10
3407,9
3408,17
3409,10
3410,14
3422
3410,8
3411,8
3412
3413
3414
3415,9
3416
3417,9
3418,10
3494
3418,12
3377
3418,4
3419,18
3420,8
3421,9
3449
3421,4
3422,7
3423,11
3424,4
3425,16
3426,2
3483
3426,10
3427,14
3402
3427,9
3442
3428,19
3429,2
3430,6
3431,14
3432,3
3433
3434,4
3421
3434,12
3435,6
3432
3435,7
3436,4
3437,2
3479
3437,9
3438,2
3388
3438,6
3439,17
3440,11
3435
3440,5
3441
3442
3405
3443,6
3438
3443,7
3419
3511
3445,2
3446
3447,5
3448
3449,14
3450,4
3451,5
3452,2
3419
3452,9
3453
3454,23
3455,13
3456,8
3400
3456,13
3457,4
3403
3457
3404
3457,3
3458,7
3540
3458,9
3459,4
3460,9
3461,6
3462,6
3463
3464,4
3465,11
3466,2
3467,12
3468,2
3469
3470,7
3471,8
3526
3471,3
3472,19
3473,14
3549
3473,9
3549
3473,5
3474,9
3475,14
3476,8
3477,11
3478
3434
3479,2
3406
3479,8
3480,11
3481,3
3495
3482,6
3427
3482,5
3483,12
3484,10
3432
3484,2
3485,7
3486
3487,5
3482
3488
3482
3488,4
3563
3488,2
3489,11
3406
3489,5
3490,8
3506
3490
3491,3
3492,3
3493
3494,12
3495,10
3496
3497,7
3498,4
3499,8
3500,10
3535
3501,12
3502,12
3503
3504
3505,3
3494
3505,9
3525
3505
3458
3505,5
3435
3505,3
3426
3505,7
3506,3
3507
3506,11
3507,6
3522
3437
3507,2
3535
3507,10
3508
3479
3508
3558
3508,3
3509,8
3510,6
3494
3510
3511,3
3512,2
3459
3512,7
3520
3512,2
3513,13
3514,10
3572
3514,9
3515,7
3516,20
3517,4
3518,16
3519
3520,18
3480
3510
3521
3522,6
3523,4
3473
3523,5
3524
3525,4
3552
3525,6
3526,10
3564
3526,2
3527,3
3528
3529
3530,28
3545
3530
3565
3530,2
3531
3440
3531,5
3532,3
3533,15
3534,3
3535,14
3536,8
3537,13
3473
3537,9
3538,18
3514
3538,4
3513
3538,4
3539,12
3540,2
3500
3540,5
3541,4
3542
3605
3543,12
3544,14
3530
3544,5
3545,13
3546,14
3547,9
3548,10
3497
3548,2
3517
3548,8
3549,13
3550,12
3594
3550,5
3551
3530
3552
3487
3552,7
3553,5
3554,4
3565
3555,5
3556,6
3557,4
3559,7
3560,2
3561
3562,7
3563,4
3540
3563,2
3564,15
3565,20
3566
3567
3568,8
3569,9
3570
3571,7
3572,12
3506
3572,3
3647
3572
3644
3572,2
3573
3574,5
3526
3574,16
3575,6
3576,19
3577,2
3544
3577
3578
3579,4
3605
3579,3
3580,21
3581,22
3582,21
3692
3583,8
3584,6
3576
3585,4
3626
3585,6
3586,5
3647
3586,4
3650
3586,10
3587,4
3588,25
3589,7
3590,9
3657
3590,5
3591,11
3592,10
3593
3543
3593,4
3594,3
3595,2
3596
3597,7
3598,5
3628
3599
3600,13
3601,14
3602,10
3603,7
3634
3603,9
3604,11
3605,5
3530
3605,6
3606,2
3607
3608,8
3609,10
3530
3609,12
3610,4
3611,10
3583
3611,7
3613
3614,2
3615
3616,4
3539
3616,12
3617
3682
3617,4
3618,11
3619,6
3588
3619,2
3620,4
3621,20
3622,7
3623,23
3612
3623,8
3693
3624,3
3625,9
3626,18
3631
3626,6
3652
3626,10
3646
3626,4
3627
3628,5
3629,6
3575
3629,5
3630,2
3623
3630,2
3631,12
3701
3631,2
3632,12
3554
3632
3633,12
3634,6
3582
3634,8
3635,5
3636,3
3572
3636,8
3637,10
3638,3
3639,19
3640
3577
3640,2
3641,9
3642
3643
3644,5
3645
3646
3645,2
3609
3645,9
3603
3645,8
3646,11
3647,11
3648,18
3649,10
3650,10
3645
3650,3
3631
3650,14
3707
3651,4
3716
3651
3652,6
3666
3652,13
3588
3652
3653
3654,17
3655,7
3675
3655,12
3656,3
3616
3656
3657,8
3658,15
3659
3660,2
3617
3660,5
3592
3660
3593
3660,8
3661,20
3711
3661,5
3650
3661
3662,4
3663,6
3664,5
3665,5
3680
3666,18
3667
3668
3669,2
3661
3669,4
3748
3669,3
3670,4
3660
3670
3671,5
3690
3671,2
3672,6
3680
3673
3674,23
3675,8
3722
3675,17
3751
3675,9
3676,12
3690
3677
3678,4
3748
3678,10
3679,5
3685
3679,3
3711
3631
3679,5
3727
3722
3679,4
3680,3
3669
3680,6
3725
3680,10
3681,4
3682,11
3683,12
3684,5
3685,11
3686,7
3687,7
3688,7
3689,2
3690,8
3641
3690,8
3691,11
3692,5
3665
3692,9
3693,19
3694,8
3768
3694,5
3695,4
3745
3695,6
3696,11
3697,14
3705
3697
3698
3699,2
3700,5
3701,5
3647
3701,14
3702,6
3703,2
3739
3703,3
3704
3705,8
3706,9
3707,4
3708,2
3753
3708,19
3709,21
3710
3711,15
3712,2
3788
3712,4
3713,9
3714,5
3715,5
3767
3715
3716,7
3717,10
3718,2
3739
3718,6
3719,8
3720
3721
3722,10
3759
3722,2
3647
3722,8
3723,10
3724
3725,10
3726,7
3727,12
3728
3729,4
3674
3729,2
3730,3
3731,24
3744
3731,3
3732,10
3690
3732
3755
3732,7
3733,7
3802
3733,6
3734,9
3754
3734
3735,11
3736,8
3737,2
3738,17
3739,7
3811
3739,2
3803
3739,8
3740,8
3741,7
3742,5
3714
3742,3
3743
3744
3674
3744,7
3745
3808
3745,6
3746,8
3747,2
3748,23
3749,8
3750,6
3772
3751,9
3760
3751,3
3752
3753,2
3765
3753,3
3695
3753,6
3693
3754,27
3788
3755,10
3756,8
3757
3758,11
3746
3758,6
3759,3
3760
3729
3760,7
3761,8
3762,4
3763,16
3696
3764
3765,11
3766,13
3788
3768,9
3769,13
3729
3769,3
3711
3769,5
3770
3771,12
3784
3771,7
3772,5
3773,13
3692
3773,5
3774,4
3846
3774,18
3725
3775,11
3776,13
3703
3776,4
3777,2
3774
3777,10
3778,14
3779,5
3765
3779,12
3717
3780,9
3788
3780,9
3781
3782,4
3655
3783,8
3784,7
3785,7
3786,3
3787,4
3788,8
3826
3788,11
3826
3788,6
3789,14
3716
3789,2
3745
3789,3
3790,14
3791,6
3792,3
3793,4
3725
3793,7
3806
3794,10
3795,4
3828
3795,8
3864
3795
3796,2
3748
3796,13
3797,16
3801
3797,3
3798,4
3799,7
3800
3801,11
3827
3802
3772
3802,10
3803,4
3823
3803,13
3804,15
3805,8
3806,7
3807,2
3808,9
3809,8
3810,12
3811,14
3876
3812,6
3813,7
3814,10
3775
3814
3815,12
3858
3815,8
3816,16
3780
3816,2
3865
3816,15
3817,22
3892
3818,7
3819,2
3820,5
3821,7
3822,5
3887
3822,3
3823,2
3793
3823
3792
3823,11
3880
3823,8
3824,2
3825,10
3769
3825,3
3826,3
3808
3826,3
3827,4
3775
3827,5
3828,18
3829
3830,10
3871
3830,2
3831,8
3832,4
3776
3832,10
3833
3880
3833,19
3834,4
3864
3834,8
3835,2
3836
3837,7
3858
3837,7
3838,10
3839,8
3797
3840
3841,15
3842,6
3843,5
3844,11
3845,3
3859
3845,11
3846,8
3847,13
3848,13
3849,4
3850,6
3853
3850,4
3851,5
3797
3846
3851,14
3852
3853,7
3885
3853,3
3854
3855,19
3856,8
3857,14
3858,3
3841
3914
3858,4
3864
3858,12
3859,7
3860,26
3850
3860
3861,7
3862,4
3863,7
3864,2
3841
3864,9
3865,12
3866,10
3833
3881
3866,4
3867,9
3868
3869,3
3870,11
3802
3870
3871,3
3866
3871,12
3872,17
3873,6
3872
3873
3874
3866
3886
3833
3874,9
3843
3875,10
3876,4
3863
3876,7
3846
3876
3877,9
3825
3878,7
3848
3878,8
3879,6
3880,15
3823
3880,24
3881,6
3882,4
3844
3882,4
3883,31
3884
3885,8
3851
3885,19
3886,2
3865
3886,7
3816
3886
3887,6
3888,3
3889,14
3940
3889,6
3890,4
3891,3
3880
3891,2
3892,7
3908
3893,9
3871
3893,4
3937
3893,4
3894,16
3895,5
3896,11
3949
3896,2
3974
3896,4
3859
3896
3897,11
3859
3897,3
3898,6
3909
3899,8
3983
3900,9
3901
3835
3855
3902
3903,4
3904,4
3896
3904,10
3905,9
3906,12
3907,19
3908,12
3925
3908,5
3909,21
3910,4
3911,10
3912
3913
3914,21
3915
3916,4
3917
3918,2
3919,14
3920,13
3921
3870
3921,10
3922
3893
3923
3924,3
3926,6
3927,2
3928,4
3929,2
3930,6
3947
3930,2
3931
3932,3
3933,9
3934,17
3935,9
3948
3935,8
3936,13
3937,3
4016
3937,4
3990
3937,4
3938,20
3939
4003
3939,8
3975
3997
3939,8
3896
3940,15
3941,14
3942
3943,7
3944
4018
3945,5
3946,5
3947,16
3948,6
3949,3
3909
3949,6
3935
3949,2
3950
4017
3950,8
3985
3951,3
3949
3951,19
3952,12
3953
3975
3954
3897
3954,2
3894
3954,14
3955,18
3956
3957,7
3958,11
3959,10
3960,3
3961,9
3962,6
3963,6
3964
3965,13
4040
3966
3889
3967,10
3968,7
3969,4
4039
3969,4
3992
3969,14
3970,8
3938
3971,7
3972
3973
4049
3973,3
4048
3973,5
3894
3973
3974,17
3975,10
3976,3
3977,5
3978
3979,4
3980,3
3981,5
3982,18
3983,8
3984,9
3985,10
3926
3985,2
3946
3985,2
3986,9
3987,2
3988,8
3989,11
3990,14
3943
3991,5
3993,4
3994,14
3995,9
3996
4034
3996,7
3909
3996,3
3997,2
4046
3997,20
4002
3997,3
3998
3999,4
4000,9
4001,9
4002,4
4064
4002
3916
4002,6
4003,22
4028
4004,13
4035
4005
4006,4
4007,5
4008,14
4009,14
4010,6
4011,5
4072
4011
4012,2
4013
4042
4013
3943
4013,5
4014,4
4015,7
4016,10
4067
4017,6
4018,3
4033
4018
4034
4018,3
4019,21
4020,6
4019
4020
3935
4020,4
4021,5
4036
4021,6
4004
4021,6
4022,2
4023,10
4024
4025,6
4026,9
4027,5
4028,14
4029,10
4030
4048
4030,12
4031,9
4061
4031,4
4032,2
4033,3
3955
4033,13
4034,15
4035,20
4036,7
4037,2
3955
4037,3
4083
4037
4036
4037,2
3983
4037,6
4095
4037,3
4038,3
3974
4038,6
4039,18
4112
4039
4040,14
4041
4042,15
4043,2
3963
4043,12
4123
4043,2
3965
4043,2
4044,14
4045,2
4046,28
4047,12
4055
4047
4117
4047
4048,12
4049,18
4050,7
4115
4050,6
4004
4050,21
4051,4
4133
4051,11
4052,8
4053,10
4054,2
4099
4054,2
4055
4073
4055,5
4056,17
4057,14
4058,4
4035
4058
4059,3
4042
4059,20
4060,7
4061,9
4062,5
4063,5
4064,8
4091
4064,9
4065,9
4066,15
4067,5
4111
4068,9
4069
4070,16
4071
4072,26
4073,18
4074
4145
4075,17
4076,11
4077,14
4078,12
4079,7
4080,5
4081
4082,12
4083,5
4142
4083,7
4070
4073
4083,3
4025
4084,2
4092
4084,18
4085,7
4086
4087,7
4019
4087,2
4088,4
4089,5
4067
4090,7
4091,11
4092,5
4093,7
4141
4093,6
4094
4148
4095
4043
4095,16
4096,5
4097
4133
4097,4
4098,6
4077
4098,3
4099,14
4100,5
4101,3
4102,3
4103,5
4104,10
4105,7
4110
4105,4
4106
4107,7
4108,2
4109,9
4148
4109,3
4103
4070
4109,2
4090
4109
4110,8
4109
4110,8
4172
4110,2
4111,17
4112,11
4113
4114
4115,5
4116,3
4117,14
4118,3
4077
4178
4118,4
4132
4118,4
4119
4120,8
4137
4121,9
4122,16
4123,4
4124,3
4047
4124,20
4125,12
4126,16
4127,9
4128,7
4114
4129,9
4130
4131,3
4132,5
4133,7
4134,7
4150
4135,25
4136,24
4137,9
4138,7
4066
4138,27
4139,7
4140,7
4141,6
4120
4141,2
4142,14
4143,8
4144,4
4145,12
4146,5
4187
4146,4
4147,12
4148
4195
4148,29
4216
4148,5
4149
4150,9
4151
4152,6
4153,11
4135
4153,9
4154,8
4118
4154
4155,21
4156
4191
4156,4
4157
4158,17
4182
4158,2
4096
4158
4159,7
4160
4161,3
4162,8
4163,10
4109
4163
4164,3
4165,14
4190
4165
4166,8
4084
4166,2
4167,8
4168,7
4169,7
4170,6
4171,11
4089
4171,2
4108
4171,2
4172,9
4196
4172,11
4173,4
4174,6
4175,10
4202
4175
4176,17
4177,3
4237
4177,17
4178,21
4179,20
4229
4180,12
4181,10
4182,4
4183,8
4184,4
4155
4184,12
4185,7
4200
4185,8
4186
4187,12
4188
4189,22
4179
4189,3
4190,10
4191,7
4192,2
4193
4194,8
4195,26
4196,15
4197
4198,15
4199,12
4195
4199,2
4200,19
4201,13
4202,11
4203,6
4223
4203,5
4260
4204
4205,7
4206,11
4207,9
4260
4207,8
4208,6
4209
4210,4
4245
4210,5
4253
4210,9
4211,5
4163
4259
4211,5
4212,8
4189
4212,5
4207
4212,8
4213,9
4214,6
4228
4214,14
4236
4214,16
4215,24
4216,2
4282
4216,2
4252
4216
4217,5
4238
4218,22
4219,2
4155
4219,4
4220,5
4227
4220,3
4221,10
4235
4221
4171
4221,14
4222
4281
4222,16
4223
4263
4223,11
4224
4225
4226,4
4191
4201
4257
4226,4
4174
4227,15
4228,15
4229,10
4230,5
4292
4230,2
4293
4231,7
4232,16
4233,8
4234,13
4235,3
4210
4235,6
4236
4237,4
4200
4237,8
4238,7
4239,8
4240,2
4241,5
4242,21
4243,11
4244,4
4259
4244,9
4245,3
4222
4245,6
4246
4214
4246,6
4247,7
4248,2
4249,9
4250,19
4251,11
4211
4251,7
4252
4326
4252,7
4269
4252,11
4234
4252,8
4253
4282
4253,6
4230
4253,9
4254
4255,10
4274
4255,6
4256,4
4222
4256,2
4257,16
4258,12
4191
4258,7
4259,12
4260,12
4299
4260,17
4261
4262
4281
4262,6
4269
4262,13
4266
4262,9
4263
4214
4263,6
4270
4263,13
4264,3
4242
4264,4
4265,7
4266,17
4267,10
4268,27
4269,4
4282
4269,3
4270
4246
4270,11
4271,3
4281
4271,2
4255
4271
4272,2
4246
4272
4273,5
4213
4273
4274,2
4282
4275,8
4331
4275,2
4251
4275,4
4356
4351
4275,15
4276,9
4277,9
4278,10
4279,9
4270
4279,3
4280
4281,14
4282,21
4283,17
4284,10
4285,3
4257
4285,2
4286
4287
4288,9
4289
4290,8
4291,4
4292,7
4251
4292,2
4323
4292,6
4293,9
4294,10
4295,7
4296,10
4297,10
4298,5
4299,20
4334
4299,5
4304
4299,3
4300
4301,7
4302,11
4303,2
4299
4303
4304,4
4244
4304,4
4305
4306,11
4307,5
4378
4307
4308,9
4309,14
4310
4311,12
4322
4311,6
4323
4311,10
4312
4313,8
4314,6
4252
4314,2
4381
4314,8
4315,8
4316,8
4317
4318,5
4319
4320,15
4321
4322,7
4323,3
4401
4323,10
4324,3
4325
4268
4325,4
4326,5
4281
4326,2
4327,2
4291
4327,9
4328
4329,4
4290
4329,3
4330,7
4331,4
4332,11
4252
4332,6
4333,2
4373
4333,2
4334,3
4362
4334,5
4335
4371
4335,17
4336,17
4337,2
4338,4
4270
4339,12
4340,10
4341,4
4302
4341,2
4342
4365
4342,8
4389
4342,5
4343,11
4332
4343
4344
4345,12
4346,9
4347,15
4348,7
4299
4348
4219
4374
4348
4349
4350,7
4412
4350,7
4351,12
4352,4
4353,14
4354,4
4422
4354
4355,14
4356,21
4357,2
4420
4357
4358,9
4359,12
4436
4359,5
4360,5
4306
4360,18
4361,9
4362,7
4363,14
4364,6
4365,2
4391
4365,9
4366
4422
4366,3
4367,3
4434
4367,10
4368,3
4369,5
4382
4369,2
4370,12
4371,19
4372,13
4353
4372,3
4291
4373,3
4374,7
4434
4374,3
4367
4374,5
4375,12
4402
4376
4377,17
4378,6
4308
4378,5
4455
4378,7
4320
4378,2
4379,9
4380,12
4381,5
4382,5
4364
4382,3
4383,10
4306
4383
4384,3
4416
4384
4385,9
4386,9
4387,12
4388,7
4400
4390,5
4429
4390,3
4444
4390,5
4391,8
4392,19
4393,2
4394,4
4395,6
4449
4395,2
4396,4
4413
4396,3
4397,11
4402
4397,9
4398
4399
4400,13
4401,9
4383
4401,5
4402,6
4403,3
4404,6
4405,6
4406
4407,6
4408,9
4409,15
4410,8
4411,9
4373
4411,4
4412,11
4413,2
4414,2
4429
4414,2
4415,15
4416,9
4417,11
4410
4417,5
4418,12
4419,11
4431
4419,10
4420,7
4422
4420
4421,2
4422,9
4356
4422,6
4423,3
4456
4423,3
4424
4457
4424,23
4425,4
4426
4427
4352
4428,3
4422
4428,10
4429,8
4481
4429
4492
4429,8
4430
4369
4430,4
4440
4430,15
4499
4430,3
4411
4430,3
4392
4432,2
4433,9
4434,27
4435,3
4436,2
4429
4436,12
4437,5
4438,9
4439,7
4440,7
4456
4440,9
4441,4
4373
4441,19
4485
4441
4442,7
4443,4
4444,14
4445,8
4446,4
4378
4446,4
4447,3
4448,15
4449,14
4500
4449,7
4450
4502
4451,9
4452,8
4453,5
4454,4
4455
4482
4455,9
4411
4456,21
4457
4512
4457,15
4462
4457,5
4423
4457,6
4458,10
4459,5
4404
4459,8
4460,4
4461,19
4529
4461
4462
4432
4462,4
4384
4462
4463,10
4464
4465,9
4466
4484
4467,4
4468,15
4469,16
4470,6
4528
4470,2
4471,14
4457
4471,6
4472,14
4473,6
4474,4
4475,8
4476
4477,10
4478
4451
4478,2
4479,21
4480,13
4481,12
4456
4481,7
4482,17
4483,4
4461
4483,3
4421
4483,2
4484,10
4496
4484,3
4485,5
4486
4535
4486
4455
4531
4486,5
4528
4486,14
4487,6
4488,16
4489
4490,8
4491,7
4492,9
4493,8
4494
4495,8
4496,7
4497,19
4498
4499,5
4461
4500,4
4551
4500,14
4528
4500,7
4501
4502,13
4462
4502,8
4503,9
4504
4505,4
4500
4505,12
4506,2
4507,8
4508,2
4509,7
4491
4509,7
4436
4509
4510,4
4451
4510,8
4558
4511
4512,10
4513,2
4516
4513,20
4583
4513,9
4514,11
4531
4514,22
4515
4516,11
4589
4516,6
4462
4545
4516,5
4517,17
4486
4517,2
4565
4517,2
4518,8
4531
4518,8
4519,3
4520
4521,12
4546
4521,7
4522,22
4523
4573
4524,7
4525,10
4526
4527,8
4528,10
4492
4528,25
4497
4528,20
4529,16
4584
4529,6
4558
4529,4
4521
4529,2
4527
4529
4530,16
4486
4530,4
4531,9
4514
4531,22
4495
4531,5
4532
4533,4
4548
4533,2
4534,9
4535,14
4536,2
4537,14
4538,4
4621
4538,3
4530
4538,7
4539,8
4540,2
4541,8
4542
4541,5
4542,2
4613
4542,4
4613
4589
4542,2
4535
4542,7
4543
4633
4543,8
4544
4545,12
4600
4546,7
4547
4546,5
4547,2
4542
4547,6
4548,2
4555
4548,2
4541
4548,3
4518
4548,6
4549
4550,2
4568
4550,2
4541
4550,4
4539
4550,7
4551,3
4552
4553,14
4492
4553
4554,3
4555
4488
4555
4556
4557,14
4512
4557
4558,10
4559,9
4560
4559,2
4517
4559
4626
4559,2
4627
4559,18
4560,10
4561,4
4509
4561,4
4562,2
4586
4562,11
4563,8
4564
4565,6
4566,8
4573
4562
4566,4
4567,5
4522
4567,2
4568,4
4569,2
4516
4569,7
4570,8
4571
4572,9
4573,11
4574,6
4575,2
4576,6
4577,7
4537
4577,5
4578,14
4579,27
4580
4581,3
4582,8
4553
4582,2
4583,5
4584,7
4585,9
4586,5
4587,16
4588,10
4592
4588,5
4589,2
4658
4589,12
4632
4589,6
4590
4622
4591,4
4529
4591,16
4592,12
4535
4592,2
4557
4593,3
4594,6
4522
4594,4
4595,9
4596,2
4597,12
4598,7
4665
4598,12
4599,12
4684
4599
4600,3
4601,6
4602,2
4603,10
4604,7
4605,2
4683
4605,2
4573
4605
4606,3
4607,18
4608,3
4679
4608,10
4609,11
4610
4611,5
4612,4
4613,13
4685
4613
4614
4615,10
4616,5
4617,8
4570
4618
4561
4619,8
4620
4621,14
4622,7
4623,4
4624
4625,15
4626,6
4627,9
4645
4627,13
4628,2
4634
4628,2
4629
4630,5
4674
4630,6
4631,2
4632,4
4559
4632,11
4633,7
4634,14
4651
4634,4
4645
4634
4635
4636,5
4637,11
4639
4637,3
4638,2
4639,3
4589
4639,13
4588
4640,3
4715
4641,4
4642,13
4643
4644,2
4694
4644,10
4611
4645,5
4625
4645
4646,9
4647,2
4715
4579
4647,2
4648,10
4649,6
4582
4649,20
4650,2
4637
4650,13
4682
4650,2
4651,12
4652,7
4710
4652,2
4653,18
4654
4655,4
4656,4
4657
4656,10
4657,4
4658,11
4659
4660,8
4661,17
4662,18
4663,4
4664,12
4603
4664,5
4665,12
4666
4667,5
4582
4667,2
4668,7
4605
4668,5
4669,17
4670,16
4671,3
4672,9
4649
4673,2
4674,9
4675,10
4698
4675,12
4637
4675,8
4742
4675,2
4676,10
4677
4678,15
4679,11
4680,2
4681,5
4682
4662
4682
4690
4682,5
4631
4682
4675
4682,4
4683,2
4684,2
4672
4684,3
4669
4613
4684,10
4685,4
4686,5
4676
4686,2
4649
4686,4
4687,13
4688,7
4668
4688,8
4689,10
4690,18
4691,6
4692
4693,14
4694,12
4771
4695
4696,2
4697,31
4698,7
4664
4698,5
4699
4700,9
4701,7
4702,26
4703,2
4704,19
4705,4
4706
4707,21
4708
4690
4708,15
4709,12
4710,2
4713
4710,17
4697
4710,3
4711
4712,7
4713,12
4714,2
4715,16
4716,5
4691
4716,13
4717,8
4718,5
4719,5
4720
4721,8
4722,10
4660
4722
4704
4713
4722,6
4723
4724,9
4725,13
4726,10
4727,2
4811
4727,4
4728,13
4729,9
4730,4
4788
4730
4731,6
4732,8
4757
4732
4733,10
4734,9
4735
4716
4735,4
4736
4741
4736,6
4687
4737
4738
4739,4
4707
4739,5
4740,4
4741,15
4660
4741,6
4742,32
4743
4744,15
4745,10
4746,12
4747,3
4748,15
4749,2
4750,6
4751,5
4761
4751,10
4830
4752,4
4753,10
4767
4753,7
4754,18
4755,3
4724
4755,5
4756,10
4765
4756,5
4757,14
4758,3
4715
4758,2
4759,2
4760,2
4808
4760,13
4761,17
4762,12
4763,5
4801
4763,9
4764,5
4765,15
4766,4
4767,18
4838
4767,3
4768,12
4769
4770,9
4820
4770,5
4771,14
4772,13
4773,7
4774,5
4775
4776,4
4777
4779,17
4780,3
4802
4780,8
4781,3
4826
4781,6
4725
4781,4
4782
4783,2
4835
4783,14
4784,2
4785,9
4802
4785,12
4786,6
4787,14
4756
4787,3
4788,12
4716
4788,4
4729
4708
4788
4803
4789,6
4790,3
4746
4790,12
4791,10
4792,2
4786
4792,2
4857
4792,9
4793,9
4794
4795
4797,6
4798,15
4799
4800,11
4801,8
4802,4
4803,9
4804,4
4805,6
4806,10
4807,4
4864
4807,4
4808,7
4809,9
4810,3
4811,2
4778
4811
4826
4811,2
4867
4811,12
4812,3
4741
4812,12
4876
4812,9
4813,4
4814,5
4815,14
4816,2
4817
4818,20
4819,12
4820,10
4821
4822,11
4823,13
4824,2
4825,3
4826,8
4780
4826,17
4899
4826,3
4827,16
4754
4826
4827,7
4828,17
4889
4828
4829,8
4830,9
4892
4831
4907
4831,8
4832,11
4833,2
4835
4833,6
4831
4833,5
4834,7
4897
4834,7
4835,9
4836
4796
4837,13
4792
4838,12
4772
4838,2
4839,9
4853
4839,10
4840,2
4841,15
4842
4843,21
4844,2
4772
4844
4835
4844,8
4845,5
4862
4788
4846,11
4847
4848
4849,13
4837
4849,8
4783
4790
4849,9
4850,8
4851,18
4852
4853,2
4823
4853,17
4823
4854,6
4810
4854,6
4855
4856,22
4857,15
4858,3
4860
4850
4858,18
4859,15
4861,4
4862,8
4883
4862
4792
4862,7
4863,10
4864,9
4865,8
4866,8
4929
4866,4
4867,19
4868,2
4835
4868,18
4869,11
4870,4
4895
4870,4
4871,5
4819
4871,8
4872,11
4873,17
4874,5
4875,4
4876,9
4877,11
4878,5
4839
4878,3
4919
4879,11
4880,8
4870
4880
4914
4880,4
4881,10
4882
4883,5
4822
4884,7
4885,5
4812
4885,3
4886,12
4887,5
4888,11
4899
4888
4889,9
4890,4
4851
4890,13
4891
4892,2
4946
4892,2
4893,6
4894
4895,4
4896,9
4897,3
4913
4897,14
4898,8
4899,16
4900,15
4901,4
4902,11
4903,7
4858
4904,17
4846
4904,11
4905,3
4906,5
4864
4906
4907
4908,7
4867
4838
4908,3
4909,6
4910,8
4911,12
4912,3
4903
4912,3
4913,5
4865
4913,10
4914,4
4997
4914,2
4989
4914,19
4915,13
4916,5
4917,11
4918
4919,16
4920,13
4921,6
4930
4921
4890
4921,4
4949
4921,16
4988
4922
4923,12
4948
4923,2
4888
4923,6
4924,21
4925,13
4877
4925,3
4927
4925,4
4926,9
4927
4935
4927,23
4928,2
4929,20
4976
4929,8
4930,13
4931
4932
4995
4932,3
4933,2
4934,8
4966
4935,2
4865
4936,6
4966
4936,3
5022
4936,4
4937,4
4938,5
4939,5
4940
4941
4942,16
4968
4942,2
4943,9
4944,14
4945,9
4946,8
4947,4
4948,8
4871
4948,2
4874
4948,10
4949,6
4950,9
4951
4952,14
4953
4954,7
4966
4954,5
4955
4956,7
4957,3
4942
4957,6
4970
4957,11
4958,8
4979
4958,10
4959,4
4960,7
4961,2
5029
4961,4
4936
4961,4
4959
4961,4
4969
4961,7
4962
5046
4962,3
4963,9
4964
4965,10
4984
4965
4966,16
4927
4966,5
4967,5
4925
4967,10
4968,10
4969
4970,7
4971,6
4972
4973,17
4974
4975,3
4935
4975,7
4976,6
4919
4976,10
4977
4978,6
4899
4978,12
4979,4
4980,8
4981
4982,6
4983,11
4984,24
4985,14
4986,4
4957
4986,2
4911
4987,13
4988,8
4989,6
5035
4989,3
4990,4
4991,9
4992
4993,9
4998
4993
4994,2
4995,12
4996,5
4997,14
4952
4997,3
4985
4998,3
4999,16
4966
4999,11
4923
4999
5000,6
4958
5000
5001,14
4982
5001,5
5002
5003
5004,7
5077
5004
5005,3
4959
4936
5005,3
5006,7
5007,6
4999
4930
5028
5007,8
5008
5009
5010
5011,5
5012,2
5013,6
5014,6
4950
5014,7
5015,4
5035
5015,4
4984
5016,9
5017
5018,6
5019,2
5020,7
5021,2
5022,12
4945
5022,18
5023,6
5024,25
5025,4
5026,6
5098
5026,10
5027
5028,13
5029,15
4952
5029,2
5030
5031,24
5032,4
5033,2
5034
5035
4982
5035,24
5044
5035,14
5090
5036,5
5037,5
4983
5037,2
5038
5037,7
5038,7
5019
5038,8
5039,2
5040
5041,9
5042,11
4999
5042
5043,3
5044,6
5045,3
5046
5118
5046,9
5092
5046
5026
5047,12
5039
5047,8
5048,9
5049
5050,4
5051,5
5052,15
5110
5052,6
5053,9
5026
5053,6
4989
5053,19
5054
5055
5107
5055,10
5111
5055,6
4985
5055,2
5056,6
5057,3
5058,14
5059
5060,8
5061,4
5062,15
5063,2
4982
5063,17
5064,14
5111
5064,16
5065
5066,3
5067
5022
5067
5021
5067,7
5068,8
5069,5
5082
5069,6
5095
5069,14
5070,8
5031
5071,7
5150
5071,5
5137
5071,3
5053
5071
5072,3
5075
5072,6
5001
5072,6
5073,9
5074
5075
5004
5075,13
5076
5077,11
5063
5077,4
5078,4
5155
5079,3
5080,14
5081,12
5044
5082,19
5083
5012
5083,9
5084,3
5085,8
5086,15
5087,6
5078
5087,5
5088
5089
5090,4
5091,4
5064
5091,5
5092,13
5093,17
5094,3
5095,5
5096,18
5097
5063
5097,11
5098,11
5099,9
5100,12
5101,3
5111
5101,5
5102,8
5100
5102,2
5104
5102,2
5171
5102
5080
5102,7
5103,9
5104,5
5105,9
5106,12
5107,7
5148
5068
5107,3
5108,15
5109
5110,13
5036
5110,6
5069
5110
5093
5110,2
5055
5110
5111,13
5112,4
5113,10
5085
5113,12
5114,14
5115,9
5116,3
5117
5118,12
5119
5086
5119
5249
5119,7
5120,14
5121,3
5122,11
5123
5124,8
5125,14
5126,12
5115
5126,3
5127,2
5128,14
5129
5110
5129,14
5130,14
5131,2
5132
5133,7
5146
5197
5133,4
5134
5135,24
5136
5137,14
5214
5137,4
5138,3
5173
5138,6
5139,17
5197
5140,12
5141
5142,6
5143,2
5144,3
5075
5144,3
5145,3
5126
5145,6
5146
5121
5146,16
5147,9
5148,22
5149,7
5150,9
5092
5150,2
5151,3
5152,2
5164
5152,4
5226
5135
5152,7
5131
5152,6
5131
5152
5153,8
5154,7
5210
5154,5
5155,7
5166
5155,8
5156,3
5098
5156,2
5157,17
5158
5159
5160,6
5161,9
5162,3
5133
5122
5162,4
5225
5162
5163
5164,7
5185
5164,4
5165,3
5166,5
5167,14
5168,6
5169,6
5170,18
5171,13
5172,7
5178
5172,3
5173,8
5180
5173,3
5174,16
5175,4
5176,21
5177
5179,4
5180,11
5181,6
5255
5181
5140
5181,4
5182,7
5180
5182,6
5183
5184
5185,2
5243
5185,13
5236
5185,5
5186,16
5187,4
5274
5188
5189,5
5235
5190
5191
5148
5191
5192,5
5193,7
5194,11
5195,4
5196,9
5197,13
5198,12
5199,11
5200
5205
5200,4
5201,2
5236
5201
5240
5201,9
5173
5201,2
5202
5203,5
5204,10
5205,5
5206
5207
5208,2
5209
5210,6
5211,7
5212,5
5213
5214,13
5215,7
5216,5
5217
5218,3
5219,7
5220,7
5221,4
5222,2
5223,15
5224,3
5199
5192
5224,22
5225,4
5148
5225,5
5294
5225,5
5226,14
5227,4
5228,2
5229,2
5180
5230,8
5198
5231
5232,8
5206
5232,10
5203
5232
5219
5232,3
5303
5232,3
5233,13
5234,12
5235,3
5203
5235,17
5236,17
5266
5236,3
5237,8
5238,5
5239,10
5242
5239,16
5240
5232
5240,21
5241
5276
5241,10
5282
5242,3
5243,28
5311
5244
5251
5244,3
5155
5244,4
5245
5246,12
5247,2
5248,3
5249,2
5330
5249,2
5250,9
5251,12
5252
5284
5253,10
5254
5255,8
5239
5255,6
5199
5255,8
5256,10
5257,37
5258,13
5300
5258,3
5259,3
5340
5259,7
5181
5259,7
5343
5259,4
5214
5260,3
5261,12
5262,10
5263
5264
5265,7
5266,12
5267,3
5343
5267,5
5268
5310
5268,9
5269,5
5284
5269,5
5270,9
5271
5272,16
5273
5274,14
5275,14
5276,6
5277,2
5278,18
5279,18
5216
5279,3
5280,12
5281,9
5282,8
5283,4
5284,4
5258
5284,10
5285,7
5330
5285,2
5286
5287,9
5288,2
5259
5288,11
5289,5
5290,3
5371
5290
5261
5290
5291,8
5265
5291
5292,5
5293,5
5256
5294,20
5364
5294,3
5295,3
5346
5296,3
5297,14
5236
5297,7
5298,6
5299,11
5300,14
5301,10
5302,15
5303,2
5304,19
5305,4
5367
5305,5
5306
5307,6
5308,3
5309,14
5310,5
5311
5310
5311,5
5333
5311,6
5352
5311,2
5312,5
5370
5312,6
5313
5314,4
5315,6
5316,5
5317,12
5318,4
5370
5318,8
5319,2
5397
5378
5319,6
5320
5321
5322
5323,9
5335
5323,6
5324,3
5267
5324
5376
5325,22
5326,14
5327,6
5328
5329,5
5407
5329
5371
5329,9
5330,6
5392
5330,3
5325
5330,3
5331
5332
5333,8
5334,4
5335,3
5336
5337,7
5338,4
5358
5338,11
5339,6
5378
5339,7
5340,7
5341,6
5342
5343,2
5344,12
5345,10
5346,13
5347,2
5294
5348,5
5349,8
5350,9
5397
5350,4
5351,5
5337
5351
5294
5351,10
5352,20
5325
5352,17
5353,7
5365
5353,7
5368
5353,12
5354
5355,7
5289
5339
5355,4
5356,2
5357,5
5436
5357,9
5358,7
5359,3
5360,6
5361,13
5362,16
5363,5
5364,18
5365,7
5324
5447
5365,10
5366,3
5294
5366,4
5367,5
5368,12
5369,21
5370,8
5376
5370,2
5345
5370,7
5371,11
5408
5371,4
5372,3
5373,10
5314
5373,6
5374,3
5375,4
5376,7
5404
5376,5
5377
5378,8
5304
5378,5
5379,15
5300
5379
5381,13
5382,2
5355
5382,6
5383,6
5384,2
5390
5384
5338
5384,3
5385,2
5330
5385,9
5386
5381
5387,5
5388,12
5389,4
5390,7
5391
5466
5391,4
5392,6
5393,2
5394
5395
5396,14
5397,4
5371
5397,11
5464
5397,4
5398,8
5399,5
5445
5399,4
5376
5353
5400,4
5401,4
5402,6
5403,21
5404,19
5405,3
5436
5405,2
5458
5405,2
5407
5405,7
5406,10
5407,8
5403
5407,3
5408,7
5380
5409,6
5406
5410,3
5404
5410,2
5411,6
5412,10
5433
5412,2
5413,3
5414,30
5415,2
5444
5415,8
5416,4
5469
5416
5417,6
5427
5417,6
5418
5403
5418,6
5419,5
5396
5419,6
5420,4
5421,9
5403
5421,9
5422,2
5423,13
5424
5425,7
5426,5
5352
5426,8
5423
5426,5
5427,10
5415
5427,2
5428,6
5429
5430,6
5431,16
5432
5433,15
5434,7
5435
5436,4
5407
5436,7
5437,9
5438,6
5439
5440,4
5382
5440
5441,11
5442,11
5443,15
5444,8
5445,9
5446,5
5447,12
5388
5447,2
5448,2
5449,6
5450,15
5451,3
5407
5451,3
5452,17
5408
5452,7
5453,2
5454
5375
5532
5454,6
5463
5454,7
5455,6
5456,6
5457,5
5458,14
5459
5460
5461,10
5462,7
5419
5462,2
5463
5476
5463,9
5465,10
5466,7
5467,13
5468,5
5423
5468,16
5469,2
5403
5469,16
5524
5470,2
5464
5470,10
5404
5470
5488
5470
5471
5472,9
5473
5474
5441
5474,8
5398
5475,8
5470
5475
5544
5475,3
5476,7
5477,5
5478,15
5479,9
5480
5481,14
5519
5481,6
5474
5481,2
5551
5482,3
5472
5482,4
5483,5
5484,9
5485,7
5486
5487,6
5488,11
5489,4
5490,6
5491,2
5492,24
5493,10
5494,2
5515
5494,10
5495,7
5421
5495,8
5496,9
5507
5496
5497,6
5498,8
5470
5498,10
5499,18
5500,17
5501,12
5502,7
5503,5
5504,6
5505,4
5511
5505,6
5506,7
5507,2
5529
5507,7
5508,9
5509,4
5492
5509,12
5510
5511,8
5512,10
5558
5512,4
5513,7
5455
5513,6
5472
5513,2
5514,13
5515,15
5516
5517,3
5557
5517,4
5574
5478
5517,9
5518,7
5519,3
5564
5519,17
5516
5519,5
5520,4
5442
5520,13
5570
5520,21
5521,7
5522,13
5523,9
5524,15
5525
5526,15
5519
5526,4
5527,5
5596
5527,5
5528,6
5529,10
5530
5531
5532,32
5533,23
5534,17
5535,14
5536,3
5537,5
5505
5537,12
5574
5537,4
5538,8
5601
5538,5
5576
5538
5499
5538,3
5539,6
5540,12
5551
5541,13
5542
5515
5542,3
5543,4
5544,22
5545,13
5546
5547
5548,6
5549,2
5558
5549,4
5586
5549,6
5550,2
5551,16
5552,2
5553
5554
5555,5
5556,19
5557,8
5533
5557,12
5558,23
5568
5559,8
5560,4
5519
5560,8
5561,2
5562,4
5492
5562,10
5563,7
5639
5564
5519
5564,5
5565,9
5566
5565,4
5566,13
5567,16
5562
5567,13
5519
5567,2
5568,8
5571
5568,13
5569,2
5570
5514
5570,2
5566
5570,2
5571,13
5572,11
5601
5572,5
5573,10
5574,4
5575,3
5533
5575
5544
5575,8
5603
5575
5576
5629
5576,2
5597
5576,14
5577,8
5578
5622
5578,10
5579,5
5580,5
5581
5582,10
5583,6
5584
5585,9
5599
5585
5537
5585,2
5586,2
5521
5586,8
5587,8
5588,12
5589,5
5590,9
5591,8
5582
5591,3
5592,2
5567
5592,7
5593,2
5565
5593,6
5633
5593
5594,3
5595,7
5596
5595,5
5596,3
5548
5596,5
5643
5596,2
5653
5528
5596,10
5597,8
5598,2
5610
5598,12
5599
5646
5599,6
5600,12
5601,8
5574
5601,18
5602,7
5603,10
5604
5596
5604,4
5588
5605
5561
5605
5631
5605,12
5606,9
5608
5606,2
5537
5607
5608,4
5609,11
5610,7
5611,8
5662
5611,3
5711
5611
5612,7
5613,6
5557
5613,2
5614,2
5633
5614
5675
5614,7
5541
5614,3
5615,6
5616,7
5645
5616,2
5589
5616,11
5617,11
5539
5617
5618,5
5619
5683
5619,6
5560
5620,12
5565
5620
5621,3
5622,4
5623
5624
5625,2
5626
5627,9
5545
5627
5567
5669
5627,6
5684
5627
5628,7
5629,9
5630
5679
5630
5666
5630,10
5632,4
5633,15
5634,12
5685
5634
5635
5685
5635,13
5636,8
5637,15
5676
5637,2
5638,9
5639,2
5567
5639,6
5640
5641,4
5642,28
5643,14
5644
5645,4
5646,18
5647,6
5648,5
5649
5650,8
5651,4
5652,3
5653,21
5570
5653
5654,11
5655,12
5656,9
5657
5656,11
5691
5656,3
5657,17
5658,8
5659,5
5653
5659,10
5660
5661,19
5662,4
5663
5664,18
5665,7
5666,18
5667,11
5701
5667,4
5668,9
5669,5
5670
5671,13
5672,3
5673,8
5674,17
5675,8
5650
5675,3
5639
5675,5
5676,5
5677,2
5678,4
5739
5678,7
5679,10
5680,9
5681,2
5682,12
5641
5682,2
5676
5682,10
5683,4
5685
5683,12
5707
5683,2
5658
5684,10
5740
5684
5662
5684,10
5685,8
5689
5685,4
5673
5685,15
5765
5685,4
5686,8
5687,4
5688,4
5689,10
5690,3
5691,3
5735
5691,4
5692,6
5693,17
5694,6
5695,9
5686
5695,5
5696,7
5720
5696,3
5676
5696,2
5697,7
5717
5697,9
5698,10
5699
5739
5699,7
5700,9
5699
5700
5701,8
5702,6
5703,12
5749
5703,3
5704,3
5705,2
5672
5705,8
5706,4
5707,13
5777
5708,12
5709
5793
5709,11
5710,21
5711,8
5712,4
5713,6
5714,7
5715,7
5751
5715,8
5831
5715,12
5716,17
5717,12
5715
5717,3
5700
5717,2
5718,15
5719,2
5720,14
5721,11
5722
5723,10
5810
5723,2
5724,7
5725
5726,5
5727,11
5728,4
5709
5728,11
5729,12
5730,2
5659
5730,2
5731
5732,3
5801
5732
5788
5732,8
5733,7
5734,6
5735,3
5749
5735,10
5736,9
5737,8
5738,3
5739,18
5740,9
5741,2
5799
5741,12
5742,16
5743,7
5744,16
5713
5744
5688
5745,13
5746
5747,8
5748,19
5749,4
5683
5749,8
5750
5751,5
5752,5
5769
5752,6
5753,5
5754,9
5755,5
5789
5755,2
5756,5
5757,5
5832
5757,6
5758,2
5759
5730
5759,2
5713
5759,3
5760
5761,8
5762,13
5763,7
5800
5763,4
5764,8
5765,5
5755
5691
5765,6
5785
5765,6
5763
5765,4
5766,5
5685
5766,9
5767,7
5768,13
5769
5770,6
5736
5770,4
5756
5770
5771,6
5772,4
5695
5772,9
5774,6
5814
5809
5774,6
5775,2
5802
5775,7
5743
5775,5
5832
5782
5775,5
5776,5
5777,13
5778,2
5779,5
5744
5779,7
5780,4
5775
5780,2
5781,10
5782
5705
5782,6
5720
5782,10
5814
5782,8
5784,6
5785,7
5786
5787,9
5743
5847
5787,2
5832
5787,8
5788,6
5799
5789,3
5775
5789
5790,4
5791,6
5792
5793,6
5794,14
5795,11
5796,4
5797
5798,7
5799
5814
5799,6
5739
5799
5800,4
5774
5800,5
5801,25
5802,11
5748
5802,5
5803,10
5804,7
5805
5780
5805,5
5806,9
5807,10
5808,12
5809
5733
5809,7
5762
5809
5830
5809
5810,7
5811,2
5812,33
5892
5812
5813,4
5818
5813
5824
5813,2
5814,2
5832
5814,15
5896
5814,2
5817
5814,2
5765
5814,14
5815,8
5816,3
5761
5816
5900
5816,4
5817,11
5818
5819,14
5820,11
5821,7
5783
5821,15
5822,11
5823
5824,11
5825
5826,8
5775
5827,3
5828,14
5829
5830,24
5831,13
5832,14
5833,9
5839
5833
5767
5833,2
5834,8
5773
5834
5835
5836,11
5837,3
5794
5837,5
5838,4
5839,6
5840,8
5841,6
5842,16
5843,9
5808
5843,2
5795
5843
5844
5845,8
5846,7
5843
5846,7
5847,2
5780
5847,17
5848,9
5802
5848,2
5849
5850,6
5851
5852,2
5815
5852
5732
5852,12
5853,10
5774
5853
5854,7
5891
5854,6
5855,13
5937
5855,3
5856,3
5861
5856,14
5857
5858,3
5859,3
5915
5859,3
5860,12
5861,5
5824
5861,19
5862,4
5863,3
5864
5865,16
5866
5867,10
5868,5
5814
5824
5868
5848
5868,9
5869,11
5870,12
5871,8
5872,2
5873,4
5911
5873,3
5874,2
5875,7
5876,16
5877
5878,9
5879,6
5880,4
5881,2
5882
5832
5882,10
5883
5884,6
5885,13
5886,6
5887,9
5888,10
5853
5888,4
5895
5888,3
5889,5
5890,8
5891,19
5892,11
5893
5894,7
5895,3
5812
5895,10
5968
5895,4
5896,4
5915
5896,8
5867
5896,5
5897
5898
5816
5898,9
5836
5898,3
5899,3
5974
5927
5899,2
5900,18
5848
5900
5901,5
5875
5901,8
5902,7
5903
5865
5903,11
5904,2
5871
5904,5
5861
5904
5894
5904
5905,10
5882
5905
5899
5905,6
5906,10
5907,17
5908,15
5909,6
5910,20
5911,7
5912,7
5913,4
5914,3
5915,2
5966
5915,6
5916,12
5961
5916,4
5833
5916
5917
5918,9
5919,9
5985
5919
5920,6
5921,6
5922,5
5923
5924,3
5925,11
5926
5927,3
5903
5927,5
5889
5928,2
5929,9
5930,8
5983
5931,15
5932,7
5933,6
5984
5933,2
5934,3
5935
5936
5966
5937,3
6012
5937
5904
5937,9
5938,8
5939
5940
5939,2
5997
5939,7
5966
5939,6
5969
5939,4
5940,11
5861
5940
5941,8
5942
5943
5987
5943,5
5944,3
5945,5
5946,27
5915
5946,2
5947,3
5873
5947
5984
5947,3
5948,8
5940
5948,20
5949,10
5939
5949,6
5950,10
5951
6012
5951
5947
5951,2
5960
5951,7
5952,7
5876
5952,2
5953,3
5954,9
5939
5954,3
5955
5956,3
5957,10
5958,9
5959,17
6003
5959,3
5960,11
5961,5
5962,2
5963,6
5939
5963,2
5964,5
5965,15
5966,7
6005
5981
5966,8
6028
5966,4
5967,4
5968,10
5969,2
6019
5969,3
5970,7
5971
5972,16
5973,2
5974
6032
5948
5974,10
5975,8
6056
5975,25
5976,15
5977,4
5992
5977,6
5978,7
5979,3
5980,8
6043
5982
5983,10
5984,24
5985,3
6060
5985,2
5998
5985,17
5954
5985
5986,4
6025
5986,8
5987,2
5988,4
6029
5989
5990
5991,3
5992,3
5984
5992,3
5993,4
5994
5995,19
5950
5996,3
5925
5996,10
5997,9
5998
5975
5998,5
5999,16
6062
6000,12
6001,3
5949
6001,2
6002,2
6003,19
6065
6087
6003,3
6004,9
6005,10
5940
6005,3
6006,9
6007,9
6008,2
6003
6091
6009,4
6089
6009,8
6010
6011,4
6012,11
6013,6
6022
6013,11
6014,2
6053
6014,2
6015,7
6016,7
6017
6018,25
6019,10
6020,4
6021,9
6022,6
6090
6022,7
6023
6024,4
5975
6024,17
5966
6024,4
6025,8
6026,11
6027,9
6028,6
6029,12
6030,6
5975
6031,20
6032,8
6033,2
6034,4
6081
6034,3
6035,8
5978
6035,8
6036,3
6107
6036,19
6037,20
6038,4
6082
6038,8
6039,3
6040,12
6041
6042,3
6043,18
5968
6075
6044,5
6045,13
6046
6047,6
6048,5
6049,25
6050,2
5985
6051
6052,19
6053,8
6054
6055,5
6104
6055,11
6056,6
6057,16
6116
6057,2
6058,4
6016
6058,3
6121
6058,2
6059,14
6060,13
6028
6060,2
6061,8
6062,7
6063,5
6064,6
6065,11
6066,2
6036
6066,5
6067,6
5984
6067,7
6068,6
6047
6068
6147
6068,3
6069
6070,10
6071
6001
6071,3
6066
6071
6072,3
6073,2
6074
6075,15
6076
6077
6078,9
6079
6080,9
6081,3
6082,8
6083
6084,13
6085,7
6067
6085
6086,9
6081
6086
6087,5
6088,8
6089,2
6019
6089,9
6150
6089,9
6090,9
6037
6090,3
6091,9
6092,22
6075
6092
6093,9
6151
6093,11
6094,4
6088
6094,15
6086
6094
6085
6094,5
6095
6096,2
6097
6096
6097
6147
6097,3
6040
6097,3
6098
6080
6098,7
6099,2
6100,15
6066
6100
6101,7
6139
6101,8
6102,9
6103,6
6036
6103,6
6104,5
6150
6104,11
6105,15
6106
6127
6106,8
6156
6107,6
6108
6109,8
6113
6109,14
6110,14
6119
6110
6111,13
6112,9
6113,6
6120
6113,3
6114
6115,9
6116,10
6117,4
6118,14
6119,14
6120,15
6121
6059
6121,8
6122,6
6177
6122,5
6123,8
6124,7
6125,5
6080
6125,3
6052
6125,8
6233
6125,8
6126,9
6127,14
6128,13
6129,5
6139
6129,13
6130,9
6131,6
6207
6131,5
6132,3
6217
6132,10
6163
6132,7
6133
6134,5
6135,11
6136,11
6137
6138
6139,7
6065
6139,3
6140,8
6141,2
6142,9
6143
6144,8
6145,9
6146,14
6147,29
6148,5
6149,14
6150,3
6174
6150,2
6151,14
6152
6153
6154
6155
6156,6
6157,9
6158
6159,39
6160
6161
6162,26
6163,8
6164,5
6221
6164,6
6165,7
6139
6166,4
6167,6
6168,4
6159
6168,9
6169,14
6170
6171,14
6172
6173,9
6174,9
6175,2
6176,7
6223
6176,2
6177
6202
6177,8
6178,24
6179
6183
6179,10
6134
6179,3
6125
6179,3
6180
6181,2
6182,9
6183,15
6144
6183,3
6184
6185,5
6186,9
6187,13
6188,8
6189
6190,12
6191,7
6192,6
6193,11
6220
6193,13
6130
6193
6119
6193
6194,8
6195,12
6196,4
6197,17
6198,5
6199,3
6200,13
6201,5
6202,25
6203,12
6204
6205,5
6206,6
6244
6285
6206
6207,9
6208,7
6205
6208,18
6209,3
6135
6209,9
6210,3
6268
6210,10
6211,4
6185
6211,2
6208
6176
6211
6212
6213,17
6214,8
6274
6214
6215,8
6216
6217,3
6164
6217,11
6218,27
6213
6218
6140
6219,8
6220,20
6221,10
6222,4
6223,15
6224,4
6225,2
6223
6225,3
6226
6227,9
6228,4
6229,2
6169
6229
6274
6229,4
6230,11
6231,2
6232,6
6202
6232,7
6247
6232,5
6233,3
6317
6233,5
6234,5
6235,6
6236
6237
6238,11
6310
6238,3
6171
6238,4
6239,3
6304
6239,5
6240,4
6230
6240,10
6241,7
6242,6
6243
6245,9
6246,8
6284
6317
6246,10
6247,29
6248,5
6249,9
6206
6249,2
6250,6
6300
6250,7
6251,8
6252
6253,22
6254,4
6255,12
6256
6257,3
6258,11
6259,2
6260,4
6194
6260,3
6261,8
6341
6261,14
6337
6262,2
6263,3
6261
6263,6
6264,17
6265,9
6266,3
6340
6266,8
6267,4
6268,11
6247
6268
6269,7
6270,3
6271,22
6228
6271,7
6272,4
6275
6272,15
6307
6272,2
6323
6272,6
6273,2
6313
6273,2
6205
6273,5
6274,14
6308
6274,2
6275,6
6357
6275
6276
6277
6278,9
6197
6279,3
6264
6279,4
6280,5
6281,14
6282
6283
6284,16
6290
6284
6286,12
6287,6
6362
6287,4
6288,6
6289,9
6290,5
6346
6290,2
6291,6
6292,8
6371
6292,4
6210
6292,3
6293,17
6294
6295
6296,9
6297
6298,25
6299,13
6246
6299,7
6300
6253
6300,3
6337
6300
6301,2
6220
6301,13
6302,4
6303,4
6367
6303,2
6304,11
6223
6304,4
6305,8
6399
6305,4
6306
6307,8
6308
6347
6308,14
6261
6309,2
6310,4
6239
6311,8
6263
6312,5
6373
6312
6313,8
6314
6315,5
6325
6315,2
6316
6307
6368
6316,3
6317,9
6263
6318,6
6319,6
6344
6319
6320,2
6353
6321
6322,12
6323,5
6324,3
6325,9
6326,2
6315
6326,3
6327,8
6328,2
6330
6328,4
6329
6342
6329
6386
6329,7
6330,4
6331,7
6326
6331,17
6332,12
6333,2
6261
6333,7
6334,2
6335,2
6336,10
6337,10
6332
6337,11
6304
6337,3
6338,8
6416
6338,7
6339,21
6340,4
6357
6340
6346
6340,10
6341,2
6342,4
6343,4
6344,8
6345,10
6346,2
6403
6346,6
6299
6346,13
6347,9
6367
6347,11
6348
6349,7
6350,3
6423
6351,6
6380
6352,9
6353,3
6286
6353,16
6275
6353,18
6354
6355,5
6356,5
6357,15
6309
6357,6
6426
6357,5
6358
6359,4
6363
6359,4
6360,4
6361
6362,8
6363,9
6364
6365
6366,6
6445
6304
6366,4
6367,18
6415
6367,5
6368,5
6369,9
6370,18
6372
6373,24
6429
6373,8
6370
6373,3
6374,4
6375,4
6376,15
6441
6376,3
6377
6376
6377,8
6378,2
6379,6
6380,4
6381
6382
6383,6
6384,5
6402
6385,17
6451
6386,3
6340
6386,24
6387
6388,11
6389,7
6437
6389,2
6390,9
6391
6392,3
6393,2
6470
6393
6395,2
6331
6395,6
6350
6395,7
6377
6395,3
6396,9
6397
6398,13
6399
6470
6399,9
6400,7
6401,15
6402,4
6417
6402,5
6403,7
6353
6403,2
6404,6
6405,9
6406,4
6407,7
6408,4
6409
6410,8
6411
6412,7
6413,7
6414
6415,5
6479
6415,4
6416,12
6394
6416
6417,17
6444
6418,16
6419,4
6420,5
6421,11
6422,7
6450
6423,3
6339
6423,16
6415
6423,3
6424,4
6425,17
6426,12
6493
6426,7
6427
6428,9
6429,3
6401
6421
6429,13
6430
6431,3
6496
6431,7
6478
6431,3
6432,6
6433,6
6434,22
6471
6434,2
6435,12
6436
6461
6437,8
6438,8
6439,8
6440
6441,26
6446
6441,3
6442,9
6443,3
6467
6443,4
6425
6443,8
6444,12
6445,11
6446,13
6447
6448,6
6449,7
6450,9
6451
6438
6451,9
6395
6451,4
6452
6451,17
6452,2
6446
6452,9
6453,13
6467
6453
6454,6
6377
6454,10
6455,18
6456
6457,2
6386
6457,14
6425
6457,5
6458,9
6459,3
6460,20
6461,7
6462,6
6488
6462,7
6463
6464,14
6465
6431
6465,4
6466,24
6467,2
6464
6467,3
6468,16
6469,7
6470,13
6541
6470,4
6471,24
6455
6471,10
6472,7
6473,24
6474,5
6475,10
6470
6475,3
6476,5
6477,9
6478,21
6479,4
6521
6479,14
6480,11
6481
6482,7
6483,3
6484,17
6485,15
6486,12
6513
6486,7
6487,10
6488,6
6416
6488,4
6426
6488,6
6489,14
6490,10
6538
6490,3
6491,7
6492,11
6547
6493,6
6494,4
6495
6526
6495,5
6496,4
6487
6496,14
6497,7
6572
6497
6493
6497,11
6486
6497,3
6498
6499,4
6480
6499,5
6500,17
6543
6500
6501,25
6502,8
6503,2
6485
6503,3
6504
6453
6504
6536
6504,9
6505
6506,7
6507
6508,4
6509,4
6510,9
6511
6501
6511,9
6495
6511,5
6512
6513,18
6514,3
6515,4
6516,4
6468
6516,17
6517,8
6518,7
6519
6525
6519,7
6520,7
6521,10
6522,5
6523,4
6597
6523,5
6524,11
6525,8
6526
6541
6526,12
6527,14
6528
6529,4
6539
6529,4
6530
6531,10
6532,6
6533,11
6534,10
6535
6536,3
6469
6536,25
6587
6536,2
6537
6538,10
6539,13
6588
6539,9
6540,11
6541,15
6542,3
6543,2
6544
6471
6544,8
6627
6544,9
6545,3
6527
6545,8
6546,18
6547,13
6548,14
6596
6548,4
6549,3
6527
6549,6
6550,4
6589
6550
6628
6550,5
6551,8
6552,9
6553,8
6598
6553,10
6554,2
6555,8
6504
6555,3
6556
6557,15
6492
6557
6519
6557
6595
6558
6551
6558,6
6559,11
6560,14
6561,3
6562
6563,15
6564,11
6565,7
6566
6567,13
6568
6569,2
6552
6569,14
6570,8
6571,2
6572,8
6569
6572,10
6573,10
6574,8
6637
6574,7
6575
6576
6577,8
6578,14
6579,13
6573
6579
6580,15
6581
6582,11
6583,5
6584,3
6635
6584,2
6585,8
6586
6585,2
6586,2
6503
6586,12
6587,20
6588,11
6619
6588
6589,13
6590,12
6613
6590,5
6591
6572
6591,8
6592
6558
6570
6593
6594,22
6595,6
6596,13
6597,24
6598,14
6599,22
6600,18
6601,3
6602,6
6603,10
6604,3
6653
6604
6605,10
6606
6607,4
6608,6
6578
6608,5
6609,3
6634
6609,12
6671
6609,3
6610
6611
6612,10
6676
6612,4
6613
6614
6613,8
6614,6
6615,2
6616,2
6617,9
6618,8
6619,12
6569
6620
6621,8
6622
6623,6
6634
6623,2
6624,5
6612
6624,2
6625,2
6563
6625,10
6626,5
6546
6626
6627,5
6648
6627,12
6628,5
6597
6628,5
6629,10
6630,2
6597
6630,12
6658
6630,3
6631,3
6591
6631,12
6632,14
6633,3
6696
6633,5
6634,13
6645
6634
6632
6634,3
6683
6634,6
6635,20
6699
6635,9
6636,17
6651
6636,7
6637,11
6638,2
6639
6640,11
6641,17
6642,6
6643
6644
6602
6644,13
6645,11
6646,10
6647,9
6648,6
6671
6648,5
6649,10
6650,9
6651,11
6652,38
6653,6
6654,3
6655
6594
6656,10
6657,16
6658,3
6682
6658,4
6599
6658,5
6720
6658,3
6659
6612
6659
6660,10
6661
6635
6661,14
6662,8
6663,10
6596
6663,4
6664,10
6665,18
6666,4
6667,13
6668,6
6728
6668,6
6669,15
6670,14
6671
6674
6671,11
6646
6671,3
6599
6671,6
6672
6673,12
6674,3
6675
6674,10
6675,13
6676,12
6677,9
6678
6679,5
6680,11
6681,12
6682
6681,2
6740
6682,4
6683,8
6684,4
6677
6684,7
6685
6686,3
6623
6686,10
6656
6686,7
6687,6
6724
6687,14
6688,7
6689
6687
6690,8
6691,3
6692,10
6727
6692,9
6693
6720
6693,7
6736
6658
6693
6728
6693,4
6669
6693,2
6694,12
6635
6695,23
6696,7
6697,5
6633
6697,2
6634
6697,19
6698,11
6699,2
6653
6699,4
6700,9
6762
6700,4
6702
6701,2
6702,18
6703,2
6730
6703,3
6704,26
6705,6
6706,7
6760
6706
6707,2
6708,7
6709,6
6694
6710
6719
6710,3
6711,8
6763
6645
6711,13
6712,20
6713,14
6714,12
6715,13
6716,7
6650
6716
6717,6
6650
6717,2
6661
6717
6718
6728
6718,11
6719,9
6728
6719,2
6788
6719,5
6720,20
6721,10
6722,13
6690
6722,4
6723,6
6698
6723,2
6724,5
6684
6724,2
6725,10
6698
6725,5
6726,14
6695
6727,6
6728,19
6729,3
6668
6729,4
6712
6729,8
6730,5
6736
6730,14
6731,8
6732
6795
6732
6714
6732,7
6733,16
6734,18
6793
6735
6758
6735,7
6692
6735
6736,2
6802
6736,7
6702
6736,5
6786
6737,2
6705
6737,2
6769
6737,8
6738,10
6739,15
6741,2
6742
6743
6744,11
6745,6
6810
6745,16
6746
6785
6746,6
6747,8
6748,7
6749,11
6750,9
6751,3
6763
6751,2
6745
6762
6751
6786
6709
6751,2
6752,6
6794
6752
6703
6726
6752,6
6753,7
6739
6753
6754,16
6755,3
6756,11
6757,12
6764
6700
6757,3
6819
6758,7
6805
6758,4
6772
6758,5
6759,7
6760,8
6761,7
6762,8
6693
6762,9
6763,11
6700
6763,2
6764,16
6765
6766,7
6779
6766,9
6767,9
6768
6769,4
6815
6769,6
6770,31
6771,16
6737
6720
6771,12
6772,16
6819
6772
6753
6772,3
6845
6773
6774,14
6775,4
6776
6777,13
6778,2
6779,13
6764
6779,2
6790
6779,2
6778
6779,7
6759
6779
6764
6779,3
6780,8
6781,2
6782,11
6783,14
6784,3
6742
6784,10
6785,10
6786,8
6787,6
6847
6787,18
6788,11
6789,5
6790,9
6791,5
6766
6791,19
6792,7
6739
6792,8
6793
6733
6793,6
6794,7
6791
6794,2
6795,6
6796,2
6797,3
6737
6797,2
6798,3
6839
6798,3
6759
6798
6799,15
6738
6799,8
6800,10
6801
6802,5
6772
6802,2
6803,16
6804
6800
6804,6
6805,7
6833
6806,13
6807,9
6808,11
6809,2
6881
6809,7
6856
6809,3
6862
6809
6810,10
6811,11
6812,4
6745
6813,5
6847
6813,12
6814,7
6815,16
6816,7
6887
6816,7
6817,13
6818
6819,3
6890
6873
6819,7
6774
6819,5
6820,3
6821
6822,4
6823,4
6819
6823,2
6824,6
6825,18
6826,22
6827
6828,9
6829,3
6830,10
6795
6830,10
6831,6
6832,9
6833,5
6779
6833,3
6834,5
6835,7
6843
6835
6762
6835,12
6798
6835,6
6856
6836
6837,7
6838,3
6839
6816
6840,9
6841,8
6842,9
6843,17
6902
6843,8
6844,16
6845,2
6926
6845,2
6774
6845,12
6846
6828
6846,3
6909
6846
6847,6
6920
6847,14
6848,17
6849,3
6881
6849,10
6861
6849,5
6850,11
6851
6850
6851,7
6852,9
6853,6
6855
6853,3
6854
6855,3
6908
6855
6856
6900
6856,18
6857
6858,3
6788
6858,5
6859,10
6860,7
6947
6860,3
6861,9
6862,7
6890
6862,19
6863,4
6864,6
6865,8
6860
6865,2
6866,29
6867,6
6868,5
6815
6868,3
6840
6869,13
6870,18
6871,2
6872,8
6873,7
6817
6873
6874,3
6875,11
6808
6875,5
6876,2
6868
6876
6946
6876,9
6877,9
6914
6877
6878,7
6895
6878,3
6879
6880,7
6947
6880,3
6881,21
6882
6825
6882,5
6883,6
6884
6837
6884,8
6866
6884,8
6885
6886,10
6887,10
6888
6889,10
6890,9
6940
6890,4
6891
6892
6893
6933
6893,3
6894,9
6895,3
6990
6895,3
6896,8
6815
6896
6897,3
6898,5
6905
6898,3
6899,6
6900,6
6839
6900,2
6901,5
6902,8
6903,11
6904,2
6968
6904
6905,7
6906
6907
6908,8
6909,11
6910,9
6852
6848
6910,4
6911,5
7000
6911,3
6912,5
6913
6914,4
6915,10
6916
6961
6916,7
6962
6916,5
6917,3
6918,20
6919,3
6850
6919,19
6920,6
6921,3
6922,3
6938
6922,2
6923
6924,6
6849
6924,11
6886
6925,2
6926,9
6927,10
6848
6927
6928,9
6880
6928,2
6929,6
6911
6930,10
7006
6930,3
6931,8
6932,4
6933,7
6934,5
6935,2
6936
6937,3
6934
6937,15
6938,13
6890
6938,2
6939,5
6971
6940,14
7001
6940,7
6941,6
6942,2
6943,8
6944,14
6945,7
6946
6929
6946,4
6947,4
6948,8
6949,4
6966
6949,4
6950
6951,5
6952,4
6964
6953,9
6954,4
6924
6954,2
6955,18
6956,11
6957
6877
6957,7
6958,4
6959,11
6960,12
6961,7
6910
6961,8
6962,4
7038
6962,11
6963,2
6898
6963,2
6961
6963,2
6964,2
6873
6964,10
6965,3
6966,3
6967,7
6968,12
6969,6
6970,12
6971,3
6972,6
6973,8
6974,12
6905
6974,2
6975,12
7036
6976,4
6977,8
6978,11
6979,5
6980,13
6981
6982,2
7009
6982
6922
6982,4
6994
6983,5
7011
6983,10
6984
6967
6984,15
6985,4
7064
6985,3
6986,3
6987,4
6988
7036
6988
6989,4
6996
6989,2
6990
7063
6990,21
6991,5
7034
6992,4
6916
6992,4
6993,7
6994,4
6996
6976
6994,6
6995
6996,14
6997,3
6998,10
6924
6998,3
6999,2
7000,7
6914
7000,3
7001,6
7047
7001,3
7002,6
7003,6
7079
7003,8
7006
7004,6
6927
7004
7005,7
6937
7006,20
7007,4
7024
7007,11
7008,3
7009,11
7010
7011
7088
7011
6962
7011,13
7012,9
6952
7012,6
6973
7012,2
7013,4
7014,7
7015,3
7053
7015,5
7092
7015,5
7016,14
7017,3
6990
7017,5
6949
7017,4
6985
7017,3
7018,6
7019,8
7020,8
6940
7020,7
7005
7020,9
7021,10
7022,8
7078
7022,4
7062
7022,2
7079
7022,5
7023,10
7024,3
7003
7024,26
7063
7025,5
7026,5
7027,4
7076
7027
7028,12
7029,2
7090
7029,5
7030,5
6976
7031,5
7032
7033,12
7034,12
7035,6
7036,7
7037,5
7109
7037
7038,3
6956
7038,4
6978
7038,2
6973
7038,8
7039,13
7040,2
7102
7041,3
7042
7105
7042,17
7043
7044,11
7121
7089
7045,7
7046,9
7047,3
7065
7047,2
6975
7047,6
7048,9
7049
7050,2
6982
7050,2
7051,11
7052
7053,5
7055
7053,6
7054,3
7011
7054,13
7055,8
7132
7055,12
7056,6
7063
7057,2
7058,7
7115
7058,2
7059,8
7119
7060
7061,11
7062,19
7063,23
7064
7095
7064,21
7065,6
7066,18
7067
7068,5
7029
7070
7071,5
7072,6
7073,7
7074,10
7075
7076,5
7097
7076,4
7146
7076,3
7085
7029
7076,20
7077,4
7078,18
7079,5
7104
7079,2
7142
7079,19
7080,12
7147
7081,2
7071
7081,10
7082,7
7083
7084
7085
7022
7085,2
7156
7085
7012
7085,13
7134
7085,2
7086,2
7087,20
7088,10
7089,10
7090,6
7171
7090,5
7132
7090,7
7092
7111
7092,6
7034
7092,2
7093
7094
7095,3
7159
7095
7154
7095,5
7091
7095
7096,17
7097,3
7098,5
7099
7100,7
7101
7102,18
7103,10
7077
7103,6
7104,2
7108
7104,13
7105,5
7106,10
7107,8
7108,10
7109,5
7144
7109
7120
7079
7109,4
7110,6
7114
7110,6
7111,8
7109
7111,14
7112,5
7113,6
7114,15
7115,13
7116
7117,15
7118,3
7119,24
7198
7120,5
7085
7120,9
7121,5
7122,17
7069
7122
7123,9
7124
7125
7126
7127,9
7128,9
7129,3
7130,4
7131,2
7051
7131,10
7132,5
7062
7132,13
7133,4
7106
7085
7133,2
7132
7133,11
7164
7133,7
7134
7095
7134,7
7135
7136,9
7056
7137,7
7092
7137,2
7138,11
7063
7138,14
7139,14
7140,14
7141
7142,8
7143,5
7144,10
7108
7144,8
7218
7144,2
7145,11
7146,6
7147,5
7158
7147,3
7148,13
7109
7148
7149
7150
7151,16
7152,15
7161
7113
7152
7153,4
7121
7153,5
7154,12
7155,8
7156,2
7231
7156,7
7157,9
7158,4
7219
7158,5
7159,30
7103
7159,11
7160,15
7161,11
7107
7161,15
7162
7163,4
7164,5
7165,10
7166
7167
7168
7169,8
7170
7171,9
7172,11
7173,16
7174,3
7120
7174,7
7175,9
7176,3
7177,5
7178,6
7179,10
7233
7179,2
7159
7179,10
7180,6
7152
7180,4
7181,2
7216
7181,7
7197
7181,7
7182,9
7183,5
7158
7183,10
7210
7184,6
7107
7184,5
7185,4
7186,6
7151
7186
7238
7187,4
7188
7148
7188,6
7189,6
7190
7221
7190,10
7191,8
7192
7193
7194
7257
7195,11
7196
7197,2
7146
7197,6
7251
7197
7198,4
7247
7198,6
7199,11
7200,5
7201,9
7262
7201,3
7202,11
7203,11
7218
7203,7
7234
7203
7204
7205,12
7206,9
7207,2
7208,8
7209,9
7257
7209,7
7210,8
7173
7211,13
7212,10
7213,2
7143
7213,9
7214,3
7215
7216,4
7273
7216,3
7225
7217,10
7151
7217,12
7218,20
7219,9
7147
7219,26
7220,2
7221,9
7246
7221
7287
7221,4
7173
7221,3
7222,3
7273
7222,4
7147
7222,2
7223
7224,9
7225,8
7226,4
7227,9
7228,3
7229,9
7252
7229,5
7230,8
7164
7230,9
7231,9
7232,7
7233,3
7225
7233,6
7234,22
7235,11
7236,5
7233
7237
7238,14
7239
7240,2
7257
7240,2
7241,8
7242,17
7243,7
7244,4
7245,2
7296
7245
7246,9
7247,9
7248,6
7249,11
7311
7249,6
7250,10
7251
7217
7252,19
7253,7
7254,7
7183
7254,7
7255,3
7256
7257,10
7258,5
7259,8
7211
7259,4
7260,3
7261,11
7262,5
7263,18
7264,3
7280
7264,14
7265,3
7266
7303
7267,6
7268,18
7269,7
7330
7269,6
7270,3
7271,2
7272,3
7236
7272,6
7273,11
7314
7273,11
7274
7275,6
7228
7276
7277,9
7278,2
7273
7278,9
7279,5
7280,9
7281,2
7333
7281,6
7282,28
7283,9
7284,11
7285,11
7286,3
7287,21
7219
7288,2
7314
7288,3
7259
7289,6
7290,6
7291,9
7353
7291
7292,13
7293,9
7349
7293,3
7294,7
7253
7294,14
7295,24
7287
7295,2
7296,11
7297,8
7298,10
7378
7298,5
7299,4
7315
7300,17
7301,2
7367
7301,8
7302,4
7303,11
7304,15
7305,5
7306,7
7221
7306
7307,20
7308
7364
7308,4
7309,8
7310
7311,8
7312,9
7313
7314,2
7331
7314,7
7315,3
7392
7315,2
7316,2
7317,5
7342
7255
7317,2
7318,11
7319,2
7320,2
7248
7320,12
7175
7320,7
7321,16
7322,5
7408
7322
7323,7
7324,17
7325,5
7326,4
7327
7340
7328,4
7329
7330,7
7378
7331,10
7263
7331,4
7332,9
7393
7332,11
7333,10
7334,8
7335,4
7336,12
7264
7336,12
7337
7338,5
7339,8
7340,9
7341
7290
7341,7
7342,11
7343,4
7344,19
7345
7346,14
7347,13
7348,3
7349,7
7402
7349,7
7363
7349,3
7350,6
7422
7351,6
7282
7351,3
7352
7353,12
7354,14
7355,4
7356,8
7357
7358,8
7359,11
7360
7361,2
7362
7363,3
7372
7363,7
7364,14
7288
7363
7364,10
7385
7364,3
7365,5
7366
7368,5
7369,3
7323
7369,2
7370,10
7353
7370,4
7404
7370,11
7371
7372,6
7303
7372,7
7373,16
7321
7421
7373
7374,3
7444
7374,20
7375,7
7410
7375,3
7376,14
7315
7376,6
7377,8
7378,7
7339
7378
7379,5
7410
7379,4
7380,15
7368
7380,2
7448
7380,3
7381,17
7382,3
7383
7384,11
7385,18
7386,11
7387,10
7364
7387,13
7388,6
7389,4
7390
7391,5
7411
7391,9
7392,5
7363
7393,6
7394,6
7395,9
7396,7
7395
7396
7397,13
7398,7
7399,6
7400,6
7401,5
7323
7402,6
7403,4
7405,14
7410
7406,2
7407,6
7408,15
7409,2
7410,3
7411,5
7348
7411,2
7331
7411,14
7412,5
7413,3
7370
7413,3
7414
7455
7414,15
7358
7415,14
7416,4
7417,4
7380
7417
7418,3
7419,9
7420,3
7491
7420,6
7421,8
7422,13
7423,15
7424,5
7425,3
7426,6
7411
7346
7426,11
7427
7428,14
7429,12
7430,10
7431
7432,6
7473
7432,15
7441
7433,11
7434,4
7422
7434
7468
7434,2
7435,27
7436,5
7493
7437,22
7438
7374
7438,6
7439,13
7440,4
7480
7440,4
7485
7440,9
7441,16
7442
7455
7443,13
7444,5
7441
7444,4
7445,6
7446,4
7505
7446,3
7508
7447
7448,8
7435
7448
7449,10
7450
7451,3
7459
7451
7452,3
7438
7452,2
7453,5
7454,8
7455,5
7403
7455,6
7511
7455,4
7489
7455,6
7456,6
7500
7457,6
7458,8
7479
7458,2
7459,22
7460
7461,13
7534
7461,10
7463
7461,5
7462,18
7490
7462
7463,4
7370
7463,5
7464,4
7497
7464,17
7465
7511
7465,4
7466,5
7541
7466,8
7467,12
7468,8
7507
7468,11
7469,4
7470,3
7471
7438
7471,15
7495
7471,4
7472
7473,10
7487
7473,3
7520
7473,2
7474,10
7491
7539
7474,7
7475,4
7476,11
7477,12
7478,7
7516
7478,3
7479,17
7480,25
7481
7482,9
7483,8
7484
7485
7507
7485,3
7541
7485
7486,17
7554
7486,7
7487,17
7488,12
7489,3
7490,4
7491,7
7492,7
7493,6
7494
7495,2
7496
7497,4
7566
7497,22
7498
7499,5
7500,11
7430
7500,7
7501,7
7502,7
7503,5
7504,11
7505,4
7506,12
7507,5
7508,6
7509,6
7544
7509
7510,25
7511,9
7503
7443
7511,10
7512,11
7513,8
7514,13
7506
7514,2
7515
7516,8
7517,15
7518,19
7519,2
7574
7519,13
7520,10
7521,10
7522,6
7584
7522,5
7523,6
7477
7523,3
7524,5
7532
7524,3
7525,10
7526,8
7449
7526,5
7527,5
7562
7527,12
7528
7529,9
7533
7530,6
7531,13
7532,9
7533,11
7534,13
7535
7536,3
7507
7536,6
7537,5
7476
7537,2
7587
7537,5
7514
7537,4
7538,26
7539,6
7540,2
7541
7592
7541,16
7558
7541
7590
7541,8
7474
7541,5
7542,20
7529
7542
7543,8
7487
7543,5
7544,14
7545,13
7546,6
7507
7546,4
7547,12
7548,5
7549,2
7488
7549,18
7550
7585
7550,3
7551,20
7552
7553,9
7554,4
7529
7536
7554,9
7555
7556,10
7511
7557,3
7633
7557,6
7558,7
7632
7558,3
7559,2
7583
7559,13
7560,7
7561
7562,6
7563,10
7564,7
7565,7
7566,11
7582
7566
7567,2
7568,6
7569,3
7570,11
7571,3
7572
7573,8
7574
7605
7574,5
7575,4
7576,15
7577,17
7578,15
7579,2
7580,5
7613
7580
7581,21
7582,7
7583,12
7584,3
7601
7584,9
7585,7
7628
7667
7585,12
7669
7585,3
7586,16
7577
7587,5
7651
7587,2
7588,14
7589,10
7590,13
7591,8
7543
7591,4
7592,26
7593,10
7594,4
7565
7594,6
7600
7594,4
7595,6
7527
7595,4
7596,7
7597,9
7609
7597
7532
7597,3
7598,11
7599,5
7601
7643
7601
7589
7601
7602,4
7603,6
7604,10
7605,5
7673
7605,20
7606,9
7676
7606,3
7607
7650
7607,8
7608
7550
7609,15
7610,6
7594
7611,3
7612,7
7613,12
7614,8
7615
7667
7615,16
7616,3
7617,5
7613
7629
7617,9
7618
7594
7618,3
7619,8
7620,10
7632
7621,6
7622,4
7623,2
7624,6
7625
7626,10
7680
7626,5
7627,3
7628,15
7612
7628,6
7629,10
7630
7631,6
7632,18
7633,10
7634,5
7563
7634,2
7635,14
7649
7635,2
7636,3
7637,7
7676
7637,9
7638,11
7639,5
7640
7641,3
7642,5
7643,7
7644,12
7645,3
7646,5
7647
7648,4
7649,6
7650,20
7651,7
7710
7651,3
7605
7652,5
7653,8
7654,8
7655,14
7656
7703
7656,2
7657
7658,2
7659,13
7660,2
7668
7660,7
7661,15
7662,4
7703
7662,8
7663
7629
7664,5
7665,7
7613
7665,3
7666
7584
7666,3
7594
7666,7
7667,6
7605
7667,5
7668,5
7691
7668,3
7669,14
7670,3
7671,8
7672,22
7673,7
7667
7673,3
7722
7673,8
7628
7673,5
7674,2
7675,6
7676,9
7677,9
7745
7677,2
7678
7665
7678
7679,11
7680,2
7741
7680,3
7762
7680,11
7681,2
7682
7677
7682,5
7683,2
7733
7683,6
7638
7683,2
7684,16
7685,10
7686,2
7687,2
7688,6
7709
7688,12
7691
7688
7689,8
7690,10
7691,14
7692
7693,6
7683
7693,6
7718
7693,4
7694,7
7695,7
7696,3
7753
7696,4
7673
7696,9
7697,2
7698,10
7699,11
7700,11
7701,6
7655
7701,6
7702,22
7703,5
7617
7703,10
7704,2
7705,5
7706,2
7707
7708,7
7709,2
7748
7709,5
7710,5
7628
7710,9
7784
7710
7711,5
7712,4
7730
7712,2
7713,6
7714
7715,8
7716
7717
7718,8
7688
7718,7
7719,4
7720,9
7721,11
7722,5
7723,3
7656
7723,14
7783
7723,5
7667
7723,2
7724,4
7725,3
7723
7725,10
7700
7726,2
7727,6
7807
7727
7728,4
7729,5
7730,4
7731,5
7727
7731,7
7732
7710
7732,3
7702
7732
7701
7732
7733,4
7705
7733,4
7734,6
7819
7734,2
7735
7736,7
7737,3
7738,3
7739
7740
7741,8
7762
7741,5
7742,3
7743,4
7688
7743,2
7744,3
7679
7744
7693
7744,24
7745,9
7746,6
7759
7746
7747,12
7680
7747,16
7759
7747
7748,11
7671
7748,9
7749,7
7750,8
7800
7750
7751,12
7752,4
7753,6
7754,6
7755,9
7756,3
7768
7756,4
7757,2
7702
7757,13
7693
7757,4
7758
7759,16
7760,10
7761
7762,14
7763,3
7764,3
7739
7764,2
7765,10
7680
7765,6
7766,7
7801
7766,6
7767
7715
7767,13
7768,5
7769
7770,7
7803
7770,14
7771
7772,12
7790
7773
7774,8
7775,14
7765
7775,18
7776
7777,4
7778,8
7702
7778,3
7779,3
7871
7780,2
7781,2
7747
7781
7782,21
7783,17
7784,9
7785,8
7786
7787,9
7788
7835
7789,3
7790,7
7791,12
7711
7791,9
7792,18
7793
7794
7795,8
7873
7795,8
7796,9
7797,8
7798,15
7800,8
7850
7800,2
7801,13
7806
7801,8
7736
7801,2
7802,14
7887
7803,4
7804
7805,8
7806,6
7718
7806,9
7807,10
7808,3
7809,2
7810
7767
7810,3
7811,6
7785
7811,7
7812
7813,7
7814,3
7795
7814,4
7815,9
7816,7
7817,4
7736
7817,7
7818,11
7819,6
7820,2
7821,18
7822,13
7823,8
7854
7823,4
7824,3
7825,4
7747
7825,4
7826,8
7827,18
7828,9
7829
7830,4
7801
7830,3
7766
7830,2
7831
7832,4
7881
7832
7833
7834,4
7835,9
7836
7837
7800
7838,5
7915
7838,2
7839,10
7816
7839
7828
7839
7799
7840,7
7827
7841,8
7842,16
7843
7844,4
7887
7844,5
7845,17
7846
7847,6
7848,12
7849,11
7850,11
7765
7850,2
7851,4
7853
7851,3
7796
7851,2
7852,8
7853,6
7845
7853,6
7859
7853,2
7854,5
7952
7854,3
7811
7854,6
7855,8
7856,5
7857,4
7858,7
7859,19
7860,10
7861,8
7862
7863,19
7864,7
7865,8
7866
7884
7866,5
7867,9
7852
7867,7
7868,2
7792
7868,5
7869
7870,20
7871,11
7872,9
7873,23
7874
7875,11
7876
7923
7877,3
7881
7877,9
7878
7879,13
7880,19
7881,3
7910
7881
7882,2
7798
7882,5
7805
7882,5
7883,6
7884,14
7819
7885,10
7886,5
7800
7886,4
7887,19
7948
7887,2
7888,16
7889
7890,3
7919
7890,3
7891,15
7892,8
7893,17
7894,6
7895,10
7921
7895,2
7875
7896,4
7960
7896,2
7827
7975
7896
7897,5
7853
7897,7
7898,4
7899,9
7900,2
7901,10
7902,15
7903,4
7939
7903
7904,12
7905,7
7921
7906,6
7907,2
7908,13
7893
7909,5
7966
7909
7910
7941
7910,2
7897
7910,9
7911,6
7926
7911,5
7867
7911,14
7912,4
7841
7912,2
7913,11
7902
7914,8
7915,13
7916,2
7909
7916,9
7917,9
7899
7917,2
7918,10
7888
7918,2
7919
7963
7919,6
7920,2
7853
7920,4
7921,11
7942
7921,7
7922,4
7923
7982
7922
7983
7922,3
7923,21
7924,5
7925,7
7864
7926,4
7927,8
7928,10
7929
7940
7929
7883
7929
7905
7929,4
7930,9
7931,18
7932,12
7933,6
7934,7
7935,3
7875
7935,8
7913
7935,4
7936
7937
7938,7
7939,2
7940,13
7941,14
7966
7941,3
7997
7941,2
7942,8
7993
7942,9
7943,11
7944,13
7870
7944,14
7945,2
7946,3
7947,2
7997
7947,11
7948,2
7949
7950
7951
7952,18
7953,2
7954,5
7912
7954,5
7955,13
7956,6
7971
7956,12
7957,2
7910
7957,7
7958,6
7959,8
7960,4
7911
7960,9
7998
7961,2
7962,3
7963,2
8016
7963,2
7964,17
7966,10
7935
7966,6
7967,3
7968,10
8013
7968,2
7969,6
8041
7969,5
7956
7969,10
7970,7
7971,19
7972,4
7960
7972,4
7973,12
7974
7975,7
7895
7975,6
8025
7975,10
8068
7975,8
7976,10
7977,9
7978,10
7934
7978,7
7955
7978,7
7979,16
7969
7979,24
7980,16
7981,7
7982,9
7983,10
7997
7983
7984,10
7985,9
7986,2
7987
7988,19
8035
7989
8075
7989,4
7990,13
7991
7992,4
7993,15
7994,6
7995
7931
7995,8
7996,4
7997,4
7998,10
7999,8
8000
8001
8002
8003,10
8004,9
8005,4
8076
8005,2
8006,3
8033
8006,11
8007,18
8008,4
8039
8008,4
8009,10
8010
8011,15
8012,7
8071
8012
8013,4
8074
8013,4
8014
8015,8
8016,4
8017,2
8018,5
8074
8018,10
8019
8020,8
8021,11
7999
8021
7944
8021,3
8022,4
8082
8022,4
8023,10
8024,12
8025,7
7981
8025,4
7965
8025,2
7989
8025,4
8026,8
8023
8026,20
8027,3
8106
8027,6
8028
8029,3
7953
8029,2
7979
8029,3
8030,22
8031,3
8100
8031,3
8032
8033,10
8034,9
8090
8034,3
8036,9
8037
8038,4
8039,10
8083
8039,6
8040
7982
8040,3
8110
8040,2
7994
8040,4
8073
8040,9
8041,7
8026
8042
8043
8044,8
8045,4
8100
8045,4
7975
8045
8129
8045,5
8046,3
8120
8046,2
8047
8048
8049
8050,15
8056
8051,2
8052,3
7975
8052,3
8053
8015
8053
8054,5
8055
8056,6
8057,19
8058,17
8059
8060,8
8061
8062
8063
8064,14
8065,5
8066,5
8087
8067,9
8109
8068,16
8069,13
7990
8069,4
8070,13
8071,7
8072,8
8073,17
8074,5
8075,4
8076,7
8036
8076,8
8077
8078,4
8062
8078,8
8079
8080,7
8112
8080,6
8081,11
8082,16
8062
8070
8082,17
8083,3
8058
8083,7
8084,13
8085,2
8126
8085,5
8086,16
8087,8
8088,10
8146
8088,7
8089,2
8090,13
8170
8091,3
8092,4
8093
8094,6
8095
8140
8095,7
8148
8095,13
8096,9
8097
8151
8097,2
8044
8098,9
8099,5
8100,20
8101
8102,10
8029
8102,11
8103,7
8052
8103,2
8104
8105
8106,3
8107,5
8108,2
8167
8108,2
8082
8108,13
8109,13
8110
8039
8110,13
8111
8112,6
8064
8112,8
8113,7
8182
8051
8113,3
8114,6
8183
8114,6
8031
8114,5
8115,5
8118
8115,9
8080
8115,10
8116,13
8117,3
8078
8117,10
8118,16
8070
8118,5
8119,11
8120
8159
8120,5
8121
8122,7
8112
8123,7
8124,5
8125,15
8126,13
8127,12
8128,2
8162
8128,6
8120
8129,5
8122
8129,5
8133
8130,8
8131,11
8132,10
8133,8
8134,5
8135,14
8136,7
8069
8136,9
8137,3
8133
8137,4
8138,8
8139,2
8140,6
8141,6
8110
8141,5
8167
8141,3
8142,8
8143,22
8144,13
8145,4
8082
8145,2
8146,7
8147,9
8185
8147,8
8148,3
8095
8148,21
8149,8
8150,14
8151,2
8152,6
8153,5
8154,10
8185
8154,2
8155,12
8156
8147
8156,3
8182
8156,5
8157,3
8185
8157,6
8158,13
8159,7
8160,3
8161,4
8115
8162,2
8163,8
8186
8163,6
8164
8165,7
8166,15
8167,6
8130
8167,6
8119
8167,13
8168
8183
8168,9
8169
8170,14
8171,5
8172,9
8173,3
8119
8173,15
8174,10
8175,2
8176,7
8116
8176
8177,2
8155
8177
8178,13
8179
8180,3
8181,7
8182,13
8126
8182
8183,2
8118
8183,5
8184,11
8185,10
8186,12
8187,11
8188
8189,2
8160
8189,8
8163
8190,2
8191,21
8167
8136
8185
8113
8159
8143
8151
8180
8152
8162
8173
8191
