133
293
71
61
152
231
146
283
212
219
229
24
128
179
240
58
286
277
225
16
249
99
287
262
54
234
44
91
33
149
214
146
219
182
345
44
69
112
45
379
187
184
193
171
101
78
239
26
187
0,6
1,2
2
3,3
4,5
336
4,2
5,3
104
5
6,14
7,11
8,3
167
8,6
9,4
10,3
11,14
69
11,6
12
13,10
14
15,13
16,7
17,3
18,9
301
18,5
19,2
20
136
20,3
21,9
213
21,2
22
23,11
24,12
25,6
26,9
252
26,2
27,15
28,9
29,17
30,3
31,4
138
31,9
32,9
342
32,5
33,15
222
33,6
34,24
166
34,2
35,19
36,9
37,4
38,8
39
40,8
41,13
42
43,2
416
43,3
44,25
45,5
46,6
47,10
48
49,5
50,13
51,7
249
51,4
167
51,4
245
51,4
67
52,29
53,7
54,9
55,8
56,3
52
56,3
57
58,25
59,9
60,3
61,6
62,8
63
64
65,13
66,7
67,19
367
67,4
68,12
69,9
369
69,2
70
71,7
72,5
73
74
75,12
76,12
77,17
78,7
79,9
80,34
81,10
29
81,4
82,7
83
84,11
85,13
86,4
87,11
88,9
89,5
90
91,5
92,12
93,23
94,3
95,6
96,7
104
96,4
97,3
98,19
99,13
29
99,16
100,4
101,13
102,18
103,14
104,9
459
104,2
291
104,8
105,18
106
107
108,18
109,13
110,20
111,6
112,6
113,2
114,12
115,4
116,9
117,3
118,2
395
118,7
119,9
29
119,6
226
119
120
121,9
122,17
123,7
124
125,12
126
127,5
128,9
136
128,3
129,17
179
129,3
130,8
84
130,6
131,5
133,14
134,7
135,12
136,10
137,2
138,7
139,28
140,15
173
140,12
141
142,10
282
142,4
143
144,6
457
144,10
145,12
146,10
128
146,13
147
148,11
149,2
411
149,6
192
149,8
150,2
152,16
153,7
498
153,3
154,9
155,3
507
155,11
156,9
157,12
158,2
151
159,12
313
159,3
160,9
248
160,5
161,14
162,5
163,9
164,2
209
164,15
165,4
166,8
167,24
168,8
169,2
237
169,11
170,5
171,3
172,13
173,3
174,10
175,7
176,4
547
176,21
262
176,8
177,4
178
179,5
457
179,6
554
179,14
180,13
181,10
182,5
463
182,2
183,6
184,9
185,5
186,9
187,15
471
187
385
187,3
188,8
189,19
190,2
112
190,19
142
190,3
191
192,8
193,3
52
193,5
194,2
195,17
276
160
195
550
195
196,8
197
198,24
199,3
67
199,4
200,10
201,12
202,7
203,11
204,4
205,12
224
205,2
206,6
376
207,9
208,12
209,4
210,8
211
212,16
213,5
607
226
213,14
195
213
214,7
215,9
217,19
341
217,5
218,3
176
218,13
219,8
220,2
221,5
222,3
190
222,5
251
222,4
223,12
224,8
225,7
226,13
232
226
455
226,5
173
226,5
227,3
228,3
242
228,4
229,9
230,14
231,14
232,16
233,12
234,3
299
235,5
567
235,4
525
235,14
236,7
265
236
237,5
238,5
239,8
240,8
241,5
538
241,6
213
548
241,5
242,10
243,8
244
245,7
246,2
247
248,9
288
248,15
249,10
614
249,4
250,6
251,7
252,9
481
252,3
253,2
219
253,5
254
255,2
525
255,7
256,11
257,7
199
257,3
149
257,35
258,13
259,18
260,8
329
260,2
109
260,9
261,7
117
261,12
262,12
263,2
20
263,3
264
265,3
266,6
267,2
268
537
269,5
452
269,7
270
271,5
272
361
272,13
495
273,5
410
273,2
274
275
276,8
528
276,5
277,18
278,14
279,4
299
279,4
280,8
281,9
571
281
282,15
283,13
284,7
285,14
286,4
129
286,14
202
287,13
605
287,5
527
287
288,16
289,22
290,8
291,6
253
291,21
292,3
293,4
263
293,11
294,5
295
296,4
297
298,4
299,3
300,4
301,14
302,5
614
302,7
303,6
304
305,4
602
305,11
96
305,4
306,15
307
308,29
309,7
310
167
310
636
311,6
312,3
313,2
395
313,10
314,10
315,5
316
317,3
318,4
319,9
320,4
549
320,9
321,15
322,3
224
323,3
195
323,10
324,11
325,6
326
327,4
328,6
558
328,4
329,7
187
329,2
28
329,6
330,6
285
330,5
331
294
269
332,8
333,8
334,8
335,3
443
335,4
336,19
337,6
700
337,14
338,9
339,16
340,8
341,5
91
341,14
342,12
440
342,5
343,13
344
346,14
347
348,7
349,15
350,14
351,3
352
353,6
354,9
356,3
357
358,13
359,12
360,11
167
215
360,4
361,5
204
361,4
691
361
362,6
7
291
362
167
362
612
362,10
363,2
530
363,4
364,17
111
364,9
528
364,5
365,13
366,4
367,7
872
367,9
368,7
369,10
327
369
370,8
371
372
373,11
374,13
29
374,10
375,2
587
375,18
376,3
225
376,4
52
377
378,7
379,9
579
379,7
380,5
183
380,2
657
380,4
381,4
706
381,9
476
381,15
382,9
383,12
384
385,3
196
385,6
387,5
388
491
388
661
388,2
389,5
360
390,4
391,4
411
279
391,2
392,11
393,9
394,2
347
394,4
395
52
395,13
396
397,10
398,3
76
399,9
400,3
289
400
146
400,11
401,10
402,4
29
68
402,16
702
402,2
403,4
404,5
405,8
406,6
407,4
149
407,2
408,8
362
408,6
409,6
640
409,3
410,11
411,15
412,9
750
412,10
413
414,9
415,8
416,17
715
416,4
417,6
418,8
419,3
420,10
421,15
422
351
422,6
423,6
314
424
579
424,6
354
424,2
425,11
426,6
427,4
503
427
428
325
272
429,6
430
431
432,7
433,21
434,4
435
436,6
437,16
438,3
281
438,2
439,30
314
439
440,11
441,4
442,7
443,10
43
443,5
444,15
445,12
446,28
447
448,4
449,5
132
449
507
449,6
450,2
725
450,6
451,10
452,14
453,3
454,12
455,9
456,4
457,13
712
136
457,9
458,4
459,8
576
459,3
460,4
315
460,4
461,24
462,7
463,12
226
463,5
464,3
506
465,2
845
465,3
806
465,6
466,4
467,11
468,7
469
470,16
471,22
472,2
473,4
467
473,6
474
475,5
476,16
416
828
476,6
477,4
478,16
419
478,2
668
478,5
479,3
480,8
481,9
482
418
482,6
408
482,9
483,9
380
484,16
412
485
438
485,2
561
485
835
485,2
486,21
487,19
488,2
579
488,2
856
488,2
659
488,3
489,11
870
489,2
255
489,2
429
813
489,5
490,11
408
490
269
490,5
639
490
491,8
492,14
493,8
494
495,14
386
495,4
496,27
585
497
498,11
499,6
500,2
501,9
502,9
255
502,2
503,6
220
503,6
504,8
505
506,6
751
506,6
289
506,4
507,16
870
216
508,16
509
510,7
112
511,13
560
511,6
512
513
514,3
515,6
425
515,10
516,2
517,5
518
519,2
715
520,5
521,12
522,4
330
523,6
524,2
525,15
526,3
865
526,2
402
526,13
527,3
528,15
673
528,13
654
528,8
529,3
334
529,9
530,3
844
530,5
300
530,4
531,4
532,3
533,7
534,7
535,2
463
535,7
536
537,5
538,6
539,9
540,5
541,6
542
543,13
544,4
545,14
546,4
547,13
548,19
549,4
302
549,6
550,6
321
550,5
185
550,11
551,8
361
551,7
856
551,2
552
703
553
554,13
545
554,3
555,11
556
557,10
558,4
935
558,19
559,13
278
559
560,29
561,7
562,8
563,11
564,12
683
564,13
565,3
195
565,12
566,5
487
566,6
841
567,20
568,10
488
568
569,14
570,8
571,12
572
573,5
574
575,16
576,4
218
576,4
577,2
578,14
579
481
579,4
902
579,20
420
579,7
580,13
581,3
892
581,3
582,6
960
583,8
584,11
585,9
741
585,14
586,6
587,14
588,3
589,2
590,4
919
590,8
591
592
210
592,8
593,3
755
594,4
595,8
596,11
597,8
760
597,2
598
599,12
600
601,9
256
601,4
602,2
603,5
350
603,6
604,14
605,11
222
606,6
907
607,4
608,7
609,14
610,2
214
610,8
473
610,18
611,4
612,4
613,7
614,6
637
614,18
615
774
615,10
227
615,5
616,4
305
616,7
617,11
565
617,2
618,8
619,25
620,3
621,12
622,16
623,23
262
623
624,20
625,4
997
625,3
626,3
627
628,12
629,5
871
629,3
153
629,9
630,23
631,2
412
631,15
632,10
633,15
634,11
635,17
636,4
342
636,11
637,7
638,8
355
638,7
639,20
640,10
1026
641,11
642,5
529
642,19
643
644,13
645,5
646
647
648
649,6
650,2
608
650,9
651,5
743
651,2
883
651,16
652
995
652,2
653,14
654,8
655,8
656,11
657,5
658,25
659,13
548
659,3
660,8
722
660,6
761
660,3
661,2
698
661,6
662,2
739
662,5
663
664,2
665
737
666,5
667,7
668,17
669,2
579
669,2
979
669,14
670,23
671,7
874
671,2
810
671,2
672,11
560
603
885
672,3
673,10
674,5
675,5
792
675
676,4
677
678,4
679,14
680,4
681,7
682,9
683,13
684,3
708
684,5
460
684,9
685,7
550
685
686,4
459
686,14
687,9
688,5
689,9
690,3
691,7
692,4
693,6
694,9
695,11
696,18
697,7
549
697,3
698,8
699,13
700,8
741
700,10
701,22
702
1060
702
703,10
704
705,7
779
706,13
707,3
459
707,2
375
707,4
708,4
323
708,16
709
710,5
538
710,9
711
712,12
881
712,4
713
714,3
715,21
716,10
717,13
718,5
719,3
578
719,21
720,5
555
720,4
721,9
722,3
767
722,4
860
722,4
723,7
724,2
725,16
726,7
926
726,7
727,12
728,7
779
728,7
697
728,3
729,10
730,5
499
730,9
731,7
732,15
733,4
817
733,2
560
733,9
923
733,6
734,3
735,4
736,4
737,9
738
739,13
740,4
741,20
742,13
446
742,3
743,6
630
743,3
629
743,5
744
745,7
660
975
745,3
746,14
1096
746,9
747,9
748,8
867
748,14
749,10
750,2
751,13
752,5
922
752,8
717
752,8
753
754
755,15
756,3
1067
756,6
757,10
758
759,13
760,9
761,6
762,4
763,2
999
763,4
456
763,4
764,4
765,7
784
765
485
765,7
766,19
767,3
446
767,2
704
767,4
768,11
769,5
770,8
771,7
772,30
773
470
773,12
560
773,3
774,13
775,3
776,12
1078
777,9
778,6
779,22
528
779
1149
779,4
780,13
781,16
782,7
783,4
941
783,4
736
783,6
784,14
785,7
1070
785,11
899
785,6
1015
785
506
785,2
786
1098
786,2
1126
786,6
787
788,16
789
790,11
745
790,2
791,2
792
799
792,18
793,4
585
793
794
795,8
578
795,3
796
797,4
1078
797,3
523
797
798,5
684
798,5
799,13
1100
799,4
800,2
801,8
570
801,5
607
802,19
803
622
803,5
804,3
610
804,6
628
887
804
805,11
587
805
806,10
807,16
808,6
884
808,7
809,7
810,23
811,2
812,9
813,2
1136
814,5
815,3
816
817,7
818,11
762
819,9
820,2
821,13
822
823,15
824,5
825,11
826,18
827,3
828,3
506
828,8
916
828,5
829,2
515
829,3
830,2
831,4
832,4
833,10
834,21
835,4
1037
835,4
836,22
837
838,12
896
838,4
839
840,7
841,5
842,9
843,2
844,4
693
844,8
845,3
615
1129
845,2
846,8
847,3
848
849
850
1053
850,16
851,5
926
852,7
853,8
854,6
489
854
855,12
960
855,5
856,2
799
856,16
857,2
1158
857,7
858
859,6
581
859,4
860
550
860,12
861,9
862
863,6
743
863,3
864,7
1228
864,15
865,6
866,16
961
866,13
867,8
639
867,3
971
867,4
792
867,7
951
867,6
728
867,7
868,4
869,11
870,9
871,6
872,22
991
872,7
981
873,9
874,13
875
876,4
877,9
878
879,4
860
879,7
880,10
881,8
882,3
883,22
884,13
872
884,3
885,6
550
885
886,4
903
886,16
1046
886,4
1153
886,4
887,13
888,5
889,6
890,7
891,4
892,3
1177
892,13
893,3
1287
893
717
893
894,12
895,3
559
895,13
896
1043
896,7
1202
772
896,15
897,6
898,6
592
898,2
899,9
1203
899,7
900,3
1100
900,10
579
900,5
901,4
902,2
903,11
623
903,2
987
903,6
1185
903,2
904
788
904,14
905,5
906,5
907,2
1230
907,10
908,11
909
910
911,11
1061
911,11
912,3
834
912,3
913,11
545
913
914
915
916,13
1262
916,12
917,4
798
917
1287
917,10
1178
917,2
927
917,3
1071
918
919,17
920
921,3
922,4
923,16
924,2
639
924,6
925,4
1115
925,7
1316
925,6
926,8
566
926,8
563
926,4
927,9
719
927,4
928,2
929,7
930
1287
930,4
1103
930,6
931,7
932,2
933,3
934
1250
934,13
935,17
936,7
937,4
938,14
939
940,2
941,7
942,7
723
942,4
943
944
866
944,5
945,3
946,12
947,6
1110
947,3
948,2
949,2
950
1020
950,12
951,20
952,4
953,7
954,15
955,13
1341
955,19
956,8
957,3
958,5
926
959,14
960,6
1155
960,10
962,2
1213
962,3
963,10
964,5
966,9
967,5
968,3
1341
968,6
1100
968,4
969
970,9
971
667
971,14
972,4
766
972,8
834
972,2
973
974,7
975,16
976
977
978,12
979,3
634
979,7
1071
979,3
980,3
1061
980,6
981,5
982,9
983,9
984,5
985,11
986,10
987,4
988,2
1278
988,8
989,7
990
837
991,9
992,12
993,6
994,6
1225
994,3
995,11
996,4
997,2
998,4
672
998,5
604
998,4
999
1183
999,11
1010
999,6
1000
1001,2
1002
1003,10
1004,8
1005,13
1006,14
1162
1183
1007,8
1008,9
1009,12
1010,14
886
1010,12
760
1010,10
1011
1012
1013,3
898
1013,6
1014,18
864
1015,3
1340
1015,9
1016
636
1016,14
1017,7
1232
1017
1018,9
1019,7
1020,3
1307
1020
1021,8
1022,14
1023
1024
1025,6
1026,16
1027,9
1028,18
1029,15
1030,7
1133
1030
1031,6
1032,8
1033,12
1034
1035,6
866
1035,12
1036,13
1037
719
1037,6
668
1037,11
1090
1037,6
1038,2
1145
1038,2
1178
1038,2
1039,2
1226
1039,4
1234
1039,6
1040
1041,6
851
1041,7
1042,11
798
1042,3
1043,15
1044,12
1252
1044,3
1045,2
1046,5
965
1046,4
1047,5
1048
838
1048,5
1214
1048,5
906
1048,6
1049,2
1112
1049,13
1288
1049,4
897
1049,3
1050,4
1051,5
1052,15
1251
1052
1053,6
896
1053,2
1422
1053,3
1054,14
864
1054
1055,9
1056,9
1057,3
1058,20
1059,20
708
1059,7
1243
1259
1059,6
1060,5
985
1060,2
1061,15
1346
1061,5
1062,5
1169
1062
1063,5
1138
1063,7
1064,7
1065,2
1066,3
888
1066
1067,11
1068,7
1171
1068,13
819
1069,16
1070,4
1071,4
1441
1071,7
860
1071,5
1112
1071,7
1072,2
1073
1074,13
1377
1074,16
1326
1074,6
1075,5
1076,4
1356
1076,4
1077,2
1078,18
1079
1080,14
1081,12
1100
1081,11
1082,7
1083,5
1084,14
1085,5
1086,10
1099
1086,3
1469
1086,2
1087,5
1088,4
1089,3
884
1089,7
1090,2
933
1090,7
1356
1090,8
1091,7
1092,4
1404
1092,5
1093,11
1094,5
1095,8
1096,16
1097,9
1098
1181
1098,7
1099,20
1100,11
1489
1100,12
1101,10
1102,2
1200
1102
1210
1102,14
1103,10
855
1103,13
1479
1103,2
1104,11
1105
877
1105,17
1501
1105,9
1134
894
1105,2
1106,7
1115
1106,4
1107,6
1108,14
1109,4
1021
1109,3
1110,4
780
1110,5
1111,12
951
1112,10
1113,6
1114,7
1450
1114
1384
1114,3
722
1114,8
1115,11
1521
1115,8
1116,6
1117,14
1118,2
1119,3
1120
1121,2
749
1121,7
1122
1123,14
1124
1125,8
1286
1125,4
1126,5
1090
1126
1127
1128,4
1129,9
1339
1129,13
1130
1131,10
1162
1131
1132,6
1162
1132,6
1133,12
841
1133
1134,7
1135,4
1136,4
807
1136,19
978
1136
1137,7
1138,9
1401
1138,5
867
1138,2
1139,5
1102
1500
1139,9
1539
1139
1140,4
1141,3
1142,3
1361
1142,18
1143
1144
1145,5
1146,4
1147,20
1148,9
1149,6
1150,2
1488
1150
1151,9
1152,6
1153,15
1154
1155,11
1156,17
1157,7
1158,6
1318
1158,8
1159,3
1132
1159,13
1160,17
1147
1160
1114
1161,17
1571
1162,19
1443
1162,2
1163,5
1466
1163,3
1562
1163,16
1164
1165,3
1166,7
1167,5
1168,7
1169,17
1170,8
1171,8
1172,14
1230
1173,9
1503
1173,4
779
1173,13
1174,4
1175,3
1176,8
1177,17
1178,10
1042
1178,2
1179,7
1180,10
1181,18
1182
1183,23
1184,6
1185,4
1186,14
1535
1186
1187,15
1188,3
1541
1188,2
1189
1061
1189,6
1401
1189,9
1190,10
1191,10
1089
1191,11
1192,5
1193,7
1194,4
1195,7
1196
1198,2
1199
1518
1199,6
1200,2
863
1200,7
1035
1530
1200,6
1201,8
1202
1203,6
833
1203,4
1204,8
1205,8
1373
1205
1206,2
1207,8
1326
1207,12
1208,17
1209,8
1261
1209
815
1210,12
1211
1212,10
1213,4
1142
1214,7
1215,19
1216,16
1217,7
1218
1511
1218,4
1219,3
1136
1219,7
1220,14
1221,4
1222
1636
1222,7
1223,7
1340
1223
1224,21
1225,9
1226
892
1226,24
1227,6
1228,20
1229,9
1230,8
1231
1232,5
1365
1232,11
1233,27
1234,20
1235,3
1236,16
1057
1236
1237,6
1238
1239,6
1240
1241,17
1242,9
1243,14
1244,5
1353
935
1244,5
1245,2
924
1245,3
1246,10
1247,8
1248
894
1248,3
1438
1248,3
1249,2
1250,2
1363
1250,6
1251,13
998
1251,10
1252,6
1253,6
1254
1255,14
1256,8
1132
1257
1258,3
1020
1258,2
1074
1258,4
1259
1234
1259,6
1260,15
1261,23
1163
1262,18
1263,3
1364
1264
1312
1264
1099
1264,9
1386
1264,4
1265
1266
1267,9
908
1267,3
1268
1269,13
1270,9
1271
1272,2
1273
1274,6
1275,2
1476
1275,9
1276,8
1403
951
1276
1317
1276,2
1398
1276
1312
1276,7
953
1276,2
1277,18
1278,17
1279,5
1280,2
1281
1282,21
1283,3
1284,2
984
1284,3
1285,7
1286,7
1287,7
1344
1287
960
1287,17
1215
1287
1293
1150
1287,3
1288,4
1289,9
1183
1096
1289,3
1163
1289,14
1290,11
1291,3
1292
1293,13
1294,7
1526
1294,4
1295
1296,6
1297,6
1193
1297,2
1298,3
1480
1298
1299,9
1351
1299,2
1300,12
1301,9
1302,8
1303,20
1304,5
978
1304,4
1305,14
1135
1306,10
1631
1306,12
1307,12
1131
1307,4
1308,12
1287
1308
1309,10
1310
1311,15
1312,6
1313,9
1314
1315,4
1106
1315,3
1316,16
1317,7
1457
1317
1318,18
1319,6
1320
1001
1320,9
1321,14
1322
1323,8
1324,9
1325,6
1339
1325,2
1326,11
1327,5
1328
1550
1329,2
1330,26
1331,5
1332,11
1333,9
1334,20
1335,4
1336,16
1337,6
1338,29
1339,16
1340,2
1261
1340,8
1341,8
1364
1341,5
1162
900
1341,14
1342,5
1343
1344,9
1345,4
1346,2
1338
1346,11
1347
1348,2
1450
1348,10
1349
1350,11
939
1350,5
1115
1350,5
1351,5
1602
1351,2
1352,13
1353,7
1354,5
1355,8
1356,15
971
1356,2
1677
1356,6
1357,7
1358,7
1359
1360,5
1361,3
1437
1361,19
1511
1361,2
1362,13
1363,7
1364,16
1365,8
1570
1365,7
1366,16
1367,5
1368,3
1369,5
1370
1099
1370,2
1228
1370,2
1371,5
1372
1558
1372
1783
1372,3
1373,15
1374,9
1375
1376,2
1591
1207
1377,13
1378,6
1304
1378,9
1379
1380,10
1037
1380,2
1381,11
1052
1381
1382,15
1383,15
1384,3
1261
1384,2
1216
1384,6
1046
1384,2
1385,15
1386,10
1387,8
1719
1387,2
1388,11
1389
1390,3
1391,9
1392,4
1041
1392,5
1393,8
1394
1395,3
1396
1397,5
1014
1397,3
1398,11
1399,4
1197
1399,7
1400,5
1334
1400
1401,7
1402,10
1277
1402,7
1602
1402,8
1403,3
1321
1403
1048
1403,4
1155
1403,10
1404,6
1405,2
1406,10
1407,2
1615
1407,4
1408,2
1459
1408
1409,24
1410
1411,2
1606
1411,13
1412,11
1413
1414,5
1557
1414,3
1415
1416,10
1417,3
1418,7
1419,2
1420,10
1421,8
1804
1421
1422,2
1215
1422,6
1423,14
1177
1423
1424
1425,5
1664
1425,5
1426,3
1427,7
1223
1058
1427
1428,3
1429,12
1430,3
1431
1432,6
1433,3
1589
1433,5
1434,3
1435,15
1659
1435,2
1436
1437,8
1438,12
1439,6
1440,14
1441,19
1442
1498
1442,4
1443,3
1444,5
1452
1445,6
1446,6
1447,11
1448,4
1449,2
1509
1449,8
1450,12
1451,7
1452,7
1009
1452,4
1453,5
1454,11
1595
1454
1455
1456,4
1112
1456,4
1457,3
1381
1457,3
1458,5
1214
1458,4
1459,19
1460,18
1461,6
1462,6
1463,17
1464,18
1465,4
1173
1465,7
1466,2
1467,14
1443
1467,4
1461
1467,4
1468,9
1469,14
1623
1469,9
1470,7
1448
1470,2
1471,8
1472
1473,17
1474,3
1475,26
1476,22
1477,6
1478,5
1479,4
1235
1479,10
1480,12
1675
1481,5
1499
1482,15
1483
1561
1483
1484
1287
1484
1485,6
1894
1536
1485,6
1386
1486,6
1487
1488,17
1277
1488,10
1606
1489,4
1588
1489,4
1490,6
1491,7
1441
1491,4
1889
1491
1492,14
1493
1494,13
1495,2
1387
1495,8
1496,3
1475
1496,10
1497,3
1287
1547
1497,7
1498,4
1499,8
1338
1499
1500,12
1501,15
1502,14
1503,5
1504,8
1276
1504,4
1505,11
1506
1507,2
1508,13
1509,10
1440
1509,9
1510,8
1511,7
1512,16
1513
1905
1513,5
1514
1515,16
1516,4
1517,8
1518,10
1519,12
1520
1521,17
1522,4
1919
1522,3
1523,4
1524,3
1799
1525,13
1526
1885
1526,11
1527
1528,4
1529,9
1672
1530,10
1841
1530,10
1531,6
1532,7
1533,4
1534,5
1535,5
1536,12
1147
1536,3
1537,10
1538,5
1539,15
1540,5
1799
1544
1540,5
1541,5
1542,2
1643
1542,4
1543,11
1544,5
1956
1544,2
1545,3
1546
1547,9
1387
1547,9
1548,6
1549,2
1550,8
1138
1550,11
1551,2
1552,4
1553,3
1234
1553
1550
1553,6
1554
1555,13
1556,9
1557,18
1558,7
1561
1559,5
1560,7
1190
1560,3
1441
1560,4
1561,8
1562,13
1563,14
1564,5
1565,10
1566,3
1463
1566,17
1567,13
1568,10
1569
1237
1569,17
1570,7
1571,6
1282
1571,2
1572,5
1173
1572,9
1573
1574,8
1904
1574
1575
1576
1577,5
1578,17
1579
1580
1735
1580,2
1581,4
1582,2
1402
1582,6
1583
1584,6
1585,20
1641
1585,4
1586,20
1530
1586,7
1587,19
1588,7
1589,5
1791
1590,12
1591,4
1835
1591,7
1789
1591,8
1592,4
1593
1594,2
1600
1594,15
1596,5
1597,12
1598
1599,6
1600,4
1601,5
1412
1601,5
1866
1601,4
1602,15
1603,11
1909
1603,5
1604,2
1605,4
1951
1605,4
1606,15
1607,2
1432
1607,2
1608
1609
1610,3
1776
1610,7
1611,9
1612,3
1613
1614,11
1615,6
1616,6
1617,2
1618,10
1679
1619
1620,12
2177
1620,2
1621
1622,9
1731
1622,3
1623,10
1950
1624,21
1625,9
1995
1625,8
1626,6
1627,3
1628,9
1629
1630,2
1631,7
1632,7
1633,18
1634,3
1635,3
1624
1635,2
1949
1635,2
1636,18
1637
1638,7
1639,7
1640,9
1642,28
1643,2
1977
1643
1645
1643,9
1511
1643
2025
1643,19
1644,6
1645,15
1646,11
1504
1933
1646,5
1647,9
1648,5
1407
1648,5
1649,10
1320
1649,8
1650,8
1651,9
1406
1651,6
1652,4
1467
1652,10
1234
1652
1653,6
1813
1653,5
1830
1653,3
1654,25
1345
1655,7
1866
1655
1656,2
1657,4
1658,2
1997
1658,5
1659,6
1660
1661
1662,6
1287
1662,11
1663,15
1765
1663
1664,11
1665
1666
1698
1667,2
1945
1667,5
1668,11
1669,10
1670,11
1671,3
1672,13
2025
1672,5
1673
1674,22
1675,2
1420
1999
1675,2
1562
1676,13
1640
1676,3
1677,10
1678
1688
1679,24
1680,16
1543
1680,13
2009
1680
1681
1736
1681,9
1682
1683,2
1684,4
1685,9
1686,2
1499
1456
1686,21
1687
1688
1437
1688,3
1602
1688,6
1571
1688,2
1452
1688,5
1689,16
1690,3
1495
1690,3
1691,7
1692,2
1693,5
1858
1693,3
1694,5
1695,9
1696,13
1697,2
1354
1697
1698,11
1839
1698,15
1699,6
1700,2
1458
1700,18
1701,8
1702
1703,3
2092
1703
1744
1703,5
1513
1703,12
1704,8
1705,14
1706,9
1931
1643
1706,3
1707
1708
1707,8
2173
1708,8
1709,5
1710,4
1711,10
2064
1711,14
1712,13
1713,6
1846
1714,5
1715,6
1716,9
1717,7
1718,10
1719,8
2004
1719,25
1720,11
1721,5
1722,9
1723,13
1951
1723,3
1646
1723
1724
1725,4
1372
1725,2
1726,2
2034
1726
1727,5
1886
1727,3
1728,2
1729,17
1730,6
1704
1730,5
1731,2
1349
1731,9
1732,6
1733,14
1734
1735
1341
1735,6
1736,8
1737,8
1738,6
1739,3
1893
1739,3
1547
1739,16
1691
1739
1740,9
1741,11
1601
1742,8
1743,2
1744,10
1745,7
1746,8
1725
1746,2
1747,4
1748,7
1749,5
1750,12
1751,4
1752,8
1754
1755,5
2123
1756,9
1757,4
1758,17
1759,7
1925
1759,9
1760,3
1854
1761,4
1762,2
2068
1762
1763,2
2004
1763,6
1764,6
1761
1764,3
1765,5
1766,18
1752
1766,2
1767
1768,8
1769,7
1719
1769,12
1770,3
1467
1770,10
2168
1770,9
1771,5
1772,5
1538
1772,8
1773
1446
1773,5
1774,4
1775,3
1776,12
1378
1776,5
1777,11
2109
1777
1778,9
1482
1778,4
1779,4
1780,5
1749
1780,11
1781
1782,5
1992
1782,10
1783,2
1855
1783,10
1784
1785,11
1418
1785,2
1786,7
1787,2
1402
1787,4
1788,4
1789,8
1662
1896
1789,14
1790,7
1791,3
2191
1565
1791,3
1792,7
1793,4
1960
1794,15
1772
1794,3
1378
1794
1769
1794,4
1795
1796,9
1931
1796,4
1517
1796,4
1797
2025
1798,6
1799,20
1800,4
1509
1800,15
2127
1800,5
1801,7
1416
1802,17
1803,11
1940
1803,3
1804,2
2041
1804,2
1805,9
1806,9
1807
1808,5
2158
1808,6
1809,10
1810,2
1811,4
1779
1811,7
1717
1811,2
2034
1812,2
1813
1698
1813,4
2021
1813,2
1814
2004
1814,5
1727
1814,3
2165
1815,10
1412
1815,7
1816,17
1817,6
2185
1817,2
1818,10
1819,16
1820
1972
1820,7
1821,13
1822,9
1823,7
1824,9
1825,5
1826,6
1827,15
1927
1827,4
1828,9
1829,10
1830,10
1831,3
1832,2
1833,6
1628
1833,14
1834,11
1958
1834,4
1835,9
1836,17
1837,8
1838,6
1935
1838,5
1839
1867
1839,22
1840,7
1841,10
1842,5
1440
1842,12
1843,15
1820
1843,19
1844,4
1727
1844,9
1568
1844,8
1845
1846,13
1909
1846,5
1847,7
2056
1847,9
1848,2
1849,21
1850,17
2260
1850,20
1851
1852,3
1853,7
2111
1853,14
1536
1853
1854,8
1855,8
1623
1855,8
1856
1857,13
1858,26
1859,15
1860,3
1861,2
1862,21
1863
1864
1865
1866,14
1867,14
1868,3
1869
2059
1869,4
1870,16
1582
1565
1870
1903
1870
1871,7
2270
1871,5
1872
1873,5
2140
1873,4
1874,7
2241
1874
1875,8
1876,15
1877,4
1879,13
1880,3
1881,18
1882
1883,11
2056
1884,3
1885,5
1886,5
1746
1886,2
1655
1886,16
1887
1755
1585
1887,7
1888,15
1889,8
1547
1889,3
1890,2
2237
1890,3
1891,8
2053
1891
1892,7
1893
2127
1893,5
2020
1893,4
2061
1893,6
1894,3
1968
1894,2
1895
1896,2
1741
1896,6
1557
1896,16
1897,2
1976
1897,3
2235
1897,2
1898,21
1900,5
1901,9
2188
1901,3
1636
1901,4
1902,2
2125
1902,10
1903,7
1971
1903,4
1904,10
1625
1577
1905,6
1530
2259
1905,11
1906,9
1907,8
1908,3
1818
1908
1703
1909,16
1910,5
1911,5
1912,14
1913
1914,14
1915,5
1916,7
1917,20
1918,5
1919,4
2186
1919,10
2273
1919,4
1572
1919,3
1920,12
1921,4
1922,3
1923
1924,7
1925,5
1975
1926
1878
1926,16
1927,5
2321
1927,7
1928
2224
1928,9
1929,5
1930,7
1931,12
1932,7
1933,2
2182
1934,4
1915
1934
1935,22
1936
1937
1938,6
1853
1938,5
1939,15
1940,13
1941,2
1942,15
1943,4
1944,14
1945,5
2102
1945,10
1946,5
1947,21
1948
1949,8
1950
1951
2017
1951,8
1952,7
1953
1954
1794
1955,3
1557
1955,3
1956,8
1958,13
1959
1960,7
1961,4
1962,8
1963
1964,5
1965,9
1966,9
1967,10
1968,21
1969,7
1970,5
1971,17
1972,10
1677
1972,6
1973,3
1601
1973,10
1843
1974,2
1883
1975,2
1976,3
1977,8
1978,7
1979,5
1980,6
1981,7
1982,8
2209
1982,6
1983
1984,16
1985,2
1742
1985,3
1986,12
1711
1986,10
2157
1986,2
1987
1988,14
1989,2
1942
1655
1989,7
1981
1989,12
1990,16
1991
1992,5
2109
1992,18
1993,3
2253
1993,6
1994,2
1995,2
2348
1995,20
1996,30
1997
1655
1997,6
2186
1997,8
1998,8
2000,5
2191
2000,19
2001
1783
2001,3
2002
2003,11
2004,12
1877
2004
2005,3
2006,19
2015
2007,15
2008,3
2009,5
2089
2009
2242
2009,5
2010,10
2011,8
2012,2
2029
2012,9
2013,6
2014,10
2230
2014,11
1753
1699
2014
2015,3
2269
2016,16
2017,10
2426
2017,2
2018,11
2019,9
2020,14
2021,13
2022,5
2023,7
2024
1697
2024,4
2388
2024,6
2025,8
2026,11
2027,14
1875
2027,10
1741
2027,6
2028
2029,6
2030,5
2331
2030,11
2031,8
2032,5
2033,8
2034,5
1791
2034,4
2035
2036
2037
1758
2038,12
2039,4
2040,3
2041,2
2042,6
2043,3
2406
2043,3
2261
2043,3
2044,4
2045,14
2046,5
2047,10
2048
2323
2048,22
2160
2048
2049,24
2011
2049,3
2309
2049,10
2050,5
2019
2050,7
1843
2050,4
2051,8
2052
2053,9
2054
2055,5
2449
2055,3
2056,9
2305
2056,4
2338
2056
2057,11
2058,10
2059,19
2060,3
2061,21
2062,5
2203
2062,3
2063,2
2064
2483
2064
2065,8
2066,9
1995
2066,5
2067,7
2068,9
2406
2068,3
2113
2068,3
2279
2068
1674
1934
2068,6
2069
2042
2069,15
2070,20
2071,4
2072
2073,11
2074
2075,8
2470
2075,4
2076,14
1703
2076
2077
2078,2
1778
2078,2
2180
2079,14
2080,3
2081,3
2018
2081,10
2082,6
2061
2082,11
2083
2084,6
2085,3
1868
2086
2087,8
2088
2116
2088,4
2089,17
2090,4
2091,13
1839
2091,2
2092,3
1697
2092,10
2093,15
2094,4
2095,7
2096,5
2341
2096,7
2490
2096
2097,9
2098,6
2099
2100
2101,3
1815
2101
2102,5
2103,5
2104,2
1893
2104,4
2105,5
2106,4
2107
2108,13
1816
2108,6
2109,13
1704
2109,9
2110,2
2111,13
2112
2113,17
2114,2
2115,5
2116,12
2117,8
2151
2117,9
2118,3
2014
2118,6
2119,5
2120,11
2121,4
2122,7
2233
2122,3
1727
2122,11
2123
2493
2123,11
2124
1986
2124,3
2252
2124
2125,9
2421
2125,4
2126,2
2318
2126,5
2127,18
2128
2129
2184
2129,13
2130,3
2131
2132,5
2133,11
2134,8
2135,7
2136,10
2513
2136,7
2137,15
2138
2139,17
2140,19
2141
2142,10
2143
2144,6
2145,9
2267
2145,2
2095
2145
2146,10
2147,6
2148,6
2149,5
2150,5
2151,3
2185
1957
2151,10
1826
2151,14
2152,9
1761
2152,2
2153,5
2154,9
2155
2156,12
2157,14
2166
2157
2158,9
2119
2158,2
2275
2159,4
1844
2159,6
2517
2160,5
2161,2
2162,8
2163,5
2164,9
2165,8
2225
2165
2166,8
2536
2166,7
2167,13
2168,13
2169,9
2332
2169,12
2170,9
1871
2171,2
2172
1899
2172,7
1870
2485
2172
2173,17
2174
2279
2174,24
2168
1976
2174,4
2175,2
1792
2175,3
2208
2175,11
2565
2175
2176,2
2177,2
2335
2177,7
2178,11
2179,9
1782
2227
2179,4
2126
2179,2
2180,21
2181
1799
2181,2
2182,6
2330
2182,7
2183
2184,22
2437
2185,2
2090
2185,13
2049
2185,5
2186,11
2168
2186,7
2187,8
2188,19
2189
2190
1800
2190,4
1793
2191,10
2192,11
2193,3
2194,5
2048
2194,2
2195
2331
2195,5
2196,23
2197,13
2198,6
2199,20
2200
2201,13
2202,3
1877
2202,6
2203,2
1824
2203,5
2204,4
2205,7
2206,12
2207,10
2208,4
2433
2208,3
2124
2208,13
2209,6
2210,4
2211,3
2192
2212,17
2268
2212,2
2213,4
2305
2213
2219
2213,9
2406
2214
2215,9
2216,4
2217
2218,13
2219,7
2169
2220,6
2221,9
1833
2221,15
2222,25
2223
2224,5
1984
2224,7
2225,11
2645
2225,4
2226,9
2227,11
2228,4
2146
2228,2
1976
2228
2229
2230,13
2231,8
2232,14
2362
2271
2232,2
2233,18
2234,5
2468
2234,3
2235,11
2236,4
1901
2236,17
2237,7
2238,2
2239,5
2187
2239,8
2187
2239,5
2240,13
2241,6
2520
2241,10
2242,4
2299
2242,2
2263
2242,3
2243,6
2084
2350
2243,5
2091
2243,3
1843
2243,3
2244,5
2380
2244,7
2245,9
2246,6
2247,11
2248
2249
2250,17
2251,13
2252,6
2253,14
2254,3
2255
2256,2
2257,5
2258,11
2259,5
2260,4
2261,17
2262,9
2263
2027
2263,15
2264,5
2265,20
2266,2
2267,6
2268,7
2269,3
1989
2269,2
2160
2597
2269,20
2091
2269,8
1858
2269
2270,8
2271,2
2272,12
2273,4
2274,13
2275,2
2218
2275,17
2276,16
2348
2276
2277,2
2528
2277,7
2278
2279,2
2113
2279,8
2280
2281,7
2282,6
2283,2
2284,8
2473
2284,4
2285,15
2286
2287,19
2444
2287
2393
2287,14
2288
2082
2289,4
2321
2289,5
2076
2290,8
2291,2
2540
2291,3
2292,9
2293,3
2294,10
2224
2294,6
2295,4
1760
2295
2581
2295,10
2296,6
2297
2298,7
2276
2298,4
2565
2298
2299
2300,12
2301,4
2302,4
2702
2302,4
1956
2302
1919
2302
2303,12
2304
2305,4
2540
2305,11
2306,2
2307,9
2308,11
2212
2308,10
2309,5
2310,13
2311
2312,18
2270
2312
2298
2312,3
2313
2314
2315,4
2316,5
2070
2316,5
2317,3
2006
2317,6
2529
2317,2
2318,2
2570
2318,7
2319,6
2320,5
2321,9
2312
2321,3
2018
2321
2322,7
2323,6
2324,5
2579
2324,8
2325,19
2326,3
2327
2706
2328,2
2014
2328,6
2009
2328,11
2329,11
2740
2329,6
2330,12
2331,11
2332,12
2333
2334,13
2335,8
2336,5
2555
2336,6
2337,2
2338,5
2492
2338,7
2339,5
2340,8
2341,13
2342
2343,8
2344,4
2345,16
2346
2347,6
2348,3
2318
2348,3
2221
2348,27
2349,6
2674
2350,17
2351,9
2352,3
2096
2352,6
2353,8
2354,8
2355,4
2356,8
2357,2
2358,10
2691
2358,4
2359,2
2509
2359,2
2681
2359
2360,15
2361,2
2362,17
2363
2240
2363,2
2364,8
2365,7
2420
2365,13
2366,5
2367,2
2368,5
2369,5
2550
2369,7
2370,12
2371
2372
2373,20
2374,13
2375,11
2348
2376,12
2377
2166
2656
2378,6
2379,10
2380,7
2707
2380,7
2381,10
2382
2806
2382,3
2383,21
2384,4
2385,7
2067
2385,7
2386,8
2387,8
2388,22
2389
2390
2391
2350
2391,13
2392,9
2393,10
2394,7
2395,5
2328
2395,11
2396,10
2397
2398,4
2631
2398,3
2399,8
2400
2401,3
2653
2401,3
2402,13
2403,9
2692
2404,4
2237
2404,11
2293
2404,2
2405,24
2406,18
2407,5
2408,9
2409
2410,2
2014
2410,6
2411,2
2125
2406
2411,7
2412,6
2413
2007
2413,2
2414
2415,5
2239
2415,4
2416,6
2417
2418,5
2419,8
2233
2419,6
2368
2419,5
2420,13
2421,4
2562
2421,3
2422
2423,13
2424,5
2425,8
2426,10
2608
2426,2
2427
2393
2427,15
2428,8
2605
2428,6
2429,5
2430,3
2269
2430
2431
2432,7
2433,10
2206
2434
2435,5
2436
2437,15
2438,2
2439,5
2440,5
2441,4
2407
2441,12
2442,2
2443,4
2444
2055
2444,7
2784
2620
2444,2
2445,2
2849
2445,2
2533
2445,9
2446,5
2070
2446
2447,8
2448,3
2849
2068
2448,7
2449,10
2735
2449
2670
2449,3
2450,4
2451,2
2452,8
2598
2452,3
2453
2611
2453,7
2454,9
2455,8
2456,3
2457,9
2458,11
2459
2460,4
2461,17
2462
2463,6
2464,8
2825
2464,2
2465,6
2466,10
2723
2467,13
2468,20
2469,15
2625
2469,7
2470
2213
2470,6
2471,2
2472,2
2473,4
2684
2473,3
2474,3
2781
2474
2550
2759
2474,7
2475,8
2476,7
2477,15
2478,7
2889
2478,5
2479
2480,18
2481,20
2482,8
2483,14
2484,3
2485,14
2486,6
2487,8
2688
2487,7
2488,14
2489,7
2490,12
2691
2490,5
2446
2469
2490
2116
2490,2
2491,4
2233
2055
2491,4
2162
2492,2
2655
2492,5
2493,6
2494
2495,7
2228
2495,6
2496,7
2446
2496,17
2497,2
2498,2
2382
2173
2498,12
2499,13
2847
2499,3
2500,6
2501,6
2502,13
2503
2210
2503
2504,11
2173
2504,9
2505,13
2506,2
2507
2508,20
2509,13
2510,13
2511
2328
2511,27
2512,4
2595
2512
2513,3
2514,10
2515,9
2516,4
2517,5
2305
2517,9
2706
2518,3
2519,17
2520,14
2521
2522,21
2523,5
2524,14
2525,8
2526
2527,19
2528,8
2529,4
2530,12
2469
2530
2531,8
2532,9
2533,4
2534,4
2119
2534,17
2535,2
2540
2535,4
2863
2535,6
2827
2535,8
2225
2535,2
2536,11
2464
2536,5
2537,5
2538
2539,2
2540,3
2962
2540,10
2541,9
2542,2
2543
2544,8
2545
2546,5
2923
2243
2546,13
2547,9
2548
2549,9
2550,4
2294
2550,14
2814
2550,2
2444
2550,5
2657
2551,5
2446
2551
2552
2553,6
2554,27
2555,11
2556,7
2175
2556,6
2557
2558
2559
2560,2
2782
2560,20
2561,5
2562,14
2563,8
2994
2563
2829
2563,8
2564,15
2565,9
2474
2990
2565,3
2566,7
2567,2
2856
2567,7
2568,8
2350
2568,6
2221
2568,2
2569,9
2570,3
2854
2570,19
2210
2570,7
2571,6
2953
2571,2
2572,3
2446
2572,4
2573,10
2574,8
2575,6
2576,13
2577,7
2578,31
2182
2578,3
2579,3
2580,6
2581,2
2564
2581,16
2582,3
2583
2584,5
2585,2
2586,6
2225
2586,8
2587,11
2588,9
2272
2588,6
2589,18
2590,3
2483
2590,13
2591,2
2592,7
2593,9
2230
2593,10
2594,5
2970
2595,10
2596,8
2597,3
2628
3008
2597,2
2884
2597,2
2734
2597,32
2598,11
2599,16
2265
2600,2
2601,12
2687
2601
3010
2601,3
2767
2601,2
2602
2603,3
2604
2605,5
2939
2605
2281
2605,4
2832
2606
2607,7
2608,7
2609,3
2610,6
2611,7
2599
2975
2611
2612,5
2976
2612,4
2613,8
2614
2894
2614,3
2829
2614,4
2874
2615,6
2616,4
2617,9
2618,15
2619,6
2595
2619,7
2620,3
2621,9
2622,7
2623
2306
2623
2693
2623,8
2844
2623
2624
2352
2624,12
2994
2624,5
2625,10
2626,6
3036
2626,7
2627,6
2628,11
2629,5
2630,9
2631,17
2632,8
2633,2
2634
2706
2634,2
2635,3
2636,4
2637,15
2638,11
2639
2410
2639,10
2640,6
2641,12
2804
2642
2643
2644,2
2916
2645,7
2646,8
2272
2646,4
2647,32
2648,10
2649
2650
2267
2650,7
2597
2650,12
2651,9
2652,6
2653,2
2267
2653,3
2654,8
2655,3
2801
2655,5
2424
2655,4
2656,5
2657,5
2941
2657,7
2658,24
3024
2658
2659,8
2502
2659,4
2660,7
2724
2660,5
3048
2660,2
2661,4
2341
2661,5
2662,7
2426
2662,2
2663,2
2664,9
2665
2666,4
2667
2668,3
2669,2
2670,16
2671,16
2672,10
2673,6
2704
2673,3
2674,5
2675
2676,7
2677
2678
2572
2678,19
2679,15
2977
2679
2680,5
3008
2680,8
2681,4
2324
2681,12
2682,5
2683
3037
2683,17
2684,18
2685,11
2686,8
2687,13
2393
2687
2795
2687,4
2836
2687,7
2688
3245
2688,11
2689
2690,8
2691,7
2955
2691,4
2692,13
2693,9
3127
2693,4
3018
2693,5
2960
2544
2694,5
2695,2
2696,18
2697
2698
2699,10
2700
2712
2700,9
2701,4
2702,7
2483
2702
2703,4
2534
2703,4
2988
2704,33
2705,4
2706,10
2707,3
2708,5
2623
2708,4
2709,13
3012
2709,4
2710,3
2828
2710,14
2711,5
2712,9
2713,15
2714
2715,17
2716,9
2717,8
2718,12
2719
2720,8
2721,7
2722
2723
2724,3
2725,2
2977
2725,15
2726,2
2727
2728,4
2763
2939
2728,2
2729,16
2730,22
2731,7
2732
2733
2734,2
2555
2734,2
2735,19
2736,8
2737,8
2738,10
2739,3
2650
2739
2947
2739,4
2740,21
2415
2740,4
2741
2742,7
3103
2742
2743,11
2744,21
2745
2746,5
2747,12
2748,8
2749
2750,14
2751
2356
2751,7
2752
2753,8
2754
2755,5
2756,4
2757,8
2740
2757
2758,2
2759,10
2836
2759,13
2987
2760,2
2778
2760,11
2761
2730
2761,6
2762
2763,4
2496
2763,7
2891
2764
2765,8
2453
2765,4
2766,2
3131
2766,17
2767,7
2684
2767,5
2768,10
2769,4
2770,2
2740
2770,11
2771
2772,7
2773
2519
2773,2
2774
2775
2776,6
2777,17
2737
2778,3
2973
2779
2948
2780,8
2703
2780,8
2781,22
2782,21
2783,6
2784
2491
3187
2784,7
2785,4
2786,5
2787,7
2788,12
2789,9
2790,11
2791
2792
2793
2794,11
2795,17
2796
2797,8
2798,4
2962
2798,8
2799
2800,7
3004
2913
2800
2801,18
2802,6
2833
2802,3
2803,12
2804,7
2805,3
2806,5
2807,21
2808,3
2809,4
2810,4
2811
2812,4
2813
2814,3
2815
2816,4
2711
2816,23
2817,8
3030
2817,3
2818
2819,6
2419
2819,8
2937
2819,10
2820,2
2396
2820,9
2821
2822
2823,15
2688
2823,10
2824,2
2825,3
2826
2827,14
2524
2828,5
2829,6
2830,11
2831,9
2832,7
2496
2832,5
2876
2832,9
2833,17
2777
2833,3
2834
2835,12
2836,8
2837,12
3155
2837,3
2838,6
2624
2838,2
2837
2838,5
2839,8
2872
2839,6
2840,6
2625
2840,4
2686
2841
2842,10
2843,2
2845,10
2846,14
2847,10
2848
2849,12
2850,7
3120
2850,10
2842
2850,3
2622
2850,2
2851,4
2852,2
2893
2852,4
2853,6
2854,11
2855,8
3108
2855,7
2856,15
2857,2
2858,11
2672
2506
2859,3
3184
2859,2
2458
2859
2860,2
2861
2862,22
2863,6
3260
2863,4
2511
2863,7
2864,4
2865,3
3294
2865,20
2866,7
3186
2867
2868,8
3132
2868,2
2869,10
2870,5
2871,5
2744
2871
3057
2871,13
2872,11
3272
2872,3
2873
2874,15
2875,10
2876,13
2877,14
3271
2877,6
2878,6
2879,2
2880
2881,5
3186
2881,6
2882,3
2883,9
2884,7
2885
2886,7
2887,2
2888,7
2889,6
2890,9
2891,10
3028
2891,13
2892,7
3225
2892
2893,23
2894,19
2895,2
2948
2911
2895
2896,5
2897
2898,3
2725
2898,7
2899,3
2900,18
2901,4
3108
2901,4
2902,2
2903,4
2904,2
2905,12
2573
2905
3135
2905,3
2593
2906,2
2907,5
3314
2907,4
2908,2
2909,4
2511
2909,4
2910,6
2911,2
2856
2911,3
2912,3
3017
2912,3
2913,8
2914,8
2915,2
2916,5
2836
2916,3
2533
2916,6
3218
2916,17
2917,12
2918
2919,6
2920,3
2921,5
2922,10
2923,9
2924,4
2925,3
2926,16
3068
2926,7
2927,14
2928,11
3150
2928,9
3154
2928,2
2929,12
2930,11
2931,5
2932,17
2933,13
2782
2933,3
2934,14
2935
2936,12
2937,5
2938,8
3290
2938,2
2939,10
2940,3
2825
2659
2941,13
2942,3
2704
2942,10
2943,8
2944,6
2512
2944
2945,12
2946,8
3045
2946,4
2947,2
2892
2947,10
2948
2696
2948,12
3266
2948
2715
2948
2949,11
2950,3
2951
2952,3
2953,11
2954,16
2955,8
3234
2955
2956,5
3035
2956,5
2957
2958,2
2959,6
2960,18
2961
2962,15
2963,13
2964,2
2965,14
2966,15
2967,2
3296
2967,4
2968
2969
2970
3291
2970,2
2798
2970,7
2865
2970
2971,10
2972,5
2973,8
2974
2975,18
2840
2976,6
2977,4
2648
2977
2978
2979
2838
2979,14
2980,19
2981,6
2980
2981,2
2982,3
2923
2982,9
2983,10
2984,16
2985,5
2599
2986,4
2987,7
2988,18
2989
2990,3
3366
2990
2991,12
2992,4
2833
2992
2993,7
2994,7
2644
2994,4
2995,13
2996,7
2997,11
2998,3
3130
2998,3
3178
2998,7
2999
3402
2999,6
3396
2999
3201
2999,3
3000
3001
3002,10
3003
3222
3003,11
3362
3003,9
3004,7
3005,3
3349
3005,6
3006,14
3007,5
3008,12
3009,4
3010,16
2816
3011,3
2576
3011,6
3012,6
3013,7
3014
3015,3
3016,14
3017,5
3307
3017,3
3165
3017,7
3018,17
3019,7
3020,13
3418
2944
3020,5
3021,8
3270
3021,10
3022,8
3391
3022,4
3045
3022,4
3023,9
3024,8
3025,13
2685
3025,3
3026
3027,3
3028
2845
3028,6
3029,8
3030,4
2630
3030,13
2712
3030,2
3031
3032,4
2840
3032
2862
3032,3
3033,10
3034,5
3035
2609
3035,8
2930
3035,6
2725
3035,9
2703
3035,2
3036,15
3037,13
3038,4
3039,7
3040,2
3041,3
3444
3041,9
3042,2
3043,6
3044,8
3045,13
3046,5
3047,7
3048,3
2696
3048,15
2886
3048,6
3049,17
3050,6
3051,5
3052
3053
3054
3055,9
2650
3055
3018
3056,3
3057,15
2532
3057,3
3058,5
3059,9
2875
3059
3060,2
3061,18
3062,4
3083
3062,2
3063
3241
3063,5
3064
3065,10
3066,6
3067,10
3068,18
3069,3
3236
3069,13
3070
3071
3072,7
2953
3072
3073,13
3074,5
3075
3076,12
3077,7
3078,23
3079,6
2872
3079,4
3080,2
3244
3080,15
3109
3080,2
3081,8
2786
3081,7
3082,11
3083,4
3084,3
3085
3086,9
3087,8
3088,9
3168
3088,2
2737
3088,3
3089
3090,4
3091,10
3092,24
3235
3093,4
3094
3095,10
3098
3096,16
3097,5
3021
3097,5
3384
3097,4
3098,22
3099,5
3077
3099,2
3100,18
3101,8
3415
3101,4
3102,16
3103,9
2729
3103
3104,13
3105,11
3395
3105,2
3106
3107
3108,2
3013
3108,4
3109,8
3055
3109,2
3110
3111,2
3010
3111,5
3112,6
3113,5
3114,5
3066
3114,5
3115,7
3116,16
3117,2
3165
3117,4
3118,15
3119,14
3441
3120,15
3121,12
3529
3121,7
3122,3
2912
3122,6
3118
3122,6
3297
3122,5
3123,8
3436
2790
3123,13
3387
3124,16
3125
3126,13
3127,6
3128,3
3301
3128,3
3348
3128,7
3457
3128
3129
3130,8
3131,7
3132,4
3254
3132,5
3133,3
3134,8
3102
3135,10
3494
3135,5
3136,4
3137
3138,16
3080
3138
3139
3140
3261
3140,4
3141,13
3385
3141,8
3142,12
3143,16
3138
3144,12
3145,9
3146,3
3466
3146,9
3147,20
3148,7
3149,11
3150,15
3151,11
3152,7
3153,10
3154,9
3398
3154,2
3155
2812
3155,13
3156,3
3448
3032
3157,11
3460
3157,3
3158,6
3159,5
3160,8
3161,2
3162
3163,15
3164,11
3165,2
3166,6
3167,6
3168,15
3169,4
3017
3169,8
3369
3170
3023
3170,13
3346
3171,6
3172,6
3423
3172,7
3173
3174,5
3175,5
3176,4
3177,10
3178,12
3179
3180,13
3181,13
3182,5
3183,11
3184,6
3451
3184,4
3185,2
3186,7
3440
3186,10
3187,2
3118
3187,5
3188,19
3189,3
3365
3189,3
3190,2
3191,5
3192,8
3193
3194,9
3195
3196,10
3197
3088
3197,7
3198,2
3516
3198,15
3199,14
3200,2
3201,8
3202,3
3203,6
3204,3
3205,15
3206,12
3207,5
3208,11
3209,11
3210,6
3211,8
3212,6
3213,3
2652
3213,2
3333
3213,4
3214,12
3215,3
3216,3
3270
3216,12
3217,4
3653
3217,6
3218,4
3219,2
3625
3219,3
3220,8
3221,5
2876
3221,16
3222,16
3223,6
3212
3223,8
3224,4
3122
3224,12
3225,17
3226,4
3227
3228
3229,2
3297
3499
3229,5
3230,2
3262
3230,8
3363
3230,3
3231,6
3341
3231,9
3232
3098
3232,9
3514
3232
3233,6
3234,3
3418
3234,3
3369
3234,2
3477
3234,7
3235,12
3236,12
3237
3238,5
3239
3406
3239,7
3240
3241,5
3242,16
3243,4
3414
3243,4
3244,12
3245,9
3246,3
3247,11
3121
3248,9
3249
3250,12
3419
3250
3251,6
3602
3252,8
3253,4
3254,6
3255,10
3256,4
3257
3258,6
3259,19
3260,2
2858
3260,6
3376
3260,5
3261,9
3489
3261,4
3262,16
3263,9
3264,2
2928
3103
3264,7
3265,5
3385
3265,2
3104
3265,3
3266,3
3504
3266,29
3267
3268,6
3269,5
3270,6
3271,4
2905
3271,2
3197
3271,11
3262
3272,2
3035
3272,5
2980
3272,4
3633
3272,2
3273
2963
3273
3274,11
3294
3274,2
3670
3274
3497
3274,6
2929
3275
3276,13
3277,11
3278,4
3119
3278
3279,7
3280,6
3281,3
3523
3281,3
2979
3281,3
3282,4
3428
3282,2
3283,11
3284
3285
3286,7
3147
3287
3288,7
3289,19
3290,6
2882
3290,2
3291,7
3525
3291
3292,14
3293,8
3294,4
3574
3294,3
3333
3294,21
3004
3294
3003
3295
3296,5
3297,2
3452
3297,13
2901
3297
3298
3299,7
3722
3283
3299,7
3300,4
3301,3
3302,12
3303,17
3035
3303
3304,11
3676
3304,2
3465
3304,4
3305,8
3306,5
3657
3306,7
3307,11
3728
3308,12
3343
3308,7
2960
3308,3
3309,11
3310,12
3311
3312,6
3313
3314
3315
3732
3316,11
3317,7
3656
3317,6
3683
3317,3
3318,4
3319,5
3320,3
3324
3320,12
3321,8
3322,11
3323,9
3324,7
3575
3324,5
2954
3079
3324,3
3147
3324,23
3325
3326,10
3327,5
3337
3327,12
3328,8
3329,7
3330,4
3331,2
3078
3331,13
3332,14
3333,7
3334,10
3569
3334
3378
3334,3
3335,3
3336,3
3337,5
3338,13
3339,10
3340,12
3341,5
3329
3341,4
3342
3589
3343,15
3344,6
3345,3
3346,7
3524
3346,16
3347,5
3348,13
3522
3348,10
3349,17
3350,21
3351,6
3096
3351,5
3352,8
3353,5
3017
3353,2
3354,3
3037
3354,2
3355,8
3356,2
3771
3356,5
2988
3356,5
3372
3356,12
3262
3356
3357
3358,7
3177
3358,5
3359,19
3360,3
3341
3360,3
3413
3360,9
3361,2
3468
3361
3362,14
3363,3
3234
3363,8
3364,9
3727
3364,3
3365,5
3447
3365,5
3264
3365,4
3366,7
3367,5
3368,15
3369,2
3408
3369,15
3370,15
3371,2
3372,6
3373,3
3374,3
3375,7
3376,7
3377,7
3378,7
3379,11
3380
3381
3382,2
3383
3798
3383
3153
3384,16
3385,16
3386,14
3236
3386,6
3316
3386,3
3387,15
3388,19
3389,6
3623
3389,9
3390,5
3391,5
3522
3391,21
3333
3391,16
3588
3392
3534
3392,19
3393,3
3394,10
3395,12
3396,6
3397,22
3398,8
3322
3399,5
3400
3401,6
3731
3401,2
3727
3402,13
3403
3404,2
3768
3404,4
3172
3404,2
3405,3
3406,2
3676
3406,7
3407,7
3147
3407,7
3188
3407,2
3408,6
3467
3408,6
3409
3410,9
3411,18
3412,2
3124
3412,8
3413,3
3733
3413,10
3414,8
3415,5
3293
3415
3416
3417,5
3418,19
3419,18
3420,4
3421,4
3422,2
3610
3422,11
3423,14
3207
3423,3
3424,6
3425
3426,14
3427,5
3428,11
3429,16
3430,7
3431
3432,20
3433,5
3434,4
3435,7
3436,3
3123
3324
3436,3
3437,9
3438
3439,7
3441,6
3594
3441,8
3442
3443,6
3444,2
3081
3444,3
2894
3444,5
3158
3444,2
3445
3446,13
3447,11
3556
3447,14
3448,9
3449,7
3450,6
3451,17
3452
3453
3454,12
3455,4
3377
3455
3404
3455,12
3456,8
3457,2
3392
3457,7
3458,4
3182
3458,4
3459,16
3236
3459
3460,11
3461
3462,2
3463,7
3464,6
3465,2
3624
3465,6
3466,2
3611
3466,5
3467,9
3491
3467
3468,12
3469,3
3470,3
3471,14
3369
3472
3473,15
3474,3
3868
3474,11
3475,17
3476,3
3552
3476,13
3477,12
3478,11
3479,2
3480,7
3481,2
3482,20
3483,19
3484,15
3485,6
3486,5
3077
3486
3487,9
3488,5
3489,22
3564
3489,6
3490,4
3575
3490,7
3531
3490,5
3491,7
3492,26
3245
3492
3493,20
3494,7
3495
3378
3496,4
3497,9
3498,2
3599
3498
3499,10
3500,6
3501,7
3502,14
3503,12
3504
3408
3504,8
3505,12
3506
3507
3508,20
3509
3510,8
3511,16
3512
3513
3514,16
3728
3514,10
3515
3516,3
3517
3518,14
3519,6
3104
3519
3520,5
3521,6
3827
3521,6
3751
3521,7
3522,9
3647
3522
3523,2
3226
3523,12
3524,20
3499
3525,14
3526,4
3527,8
3528,9
3529
3668
3529,6
3804
3530,3
3526
3530,4
3531,3
3222
3531,16
3532,12
3533,18
3534,11
3535,3
3645
3535
3536
3537
3538,8
3539
3540,10
3541,7
3542,8
3543,8
3544,7
3545,7
3546,9
3547
3548,6
3165
3548,7
3549,7
3550,2
3360
3550
3551
3552,12
3553,13
3132
3553,7
3554,12
3555,14
3556,2
3557,7
3558,3
3679
3558,14
3559,9
3560,16
3561
3562,13
3563
3564,3
3458
3564,5
3565
3566,8
3935
3567,11
3568,12
3569,15
3570
3878
3570,3
3447
3570,2
3571
3572,12
3573
3574,13
3575,12
3576
3825
3576,7
3577,13
3578,4
3579
3580
3581,14
3582,10
3583,2
3584,9
3615
3584,9
3861
3584,7
3585,16
3586,4
3587,14
4298
3588,8
3589,18
3958
3589,6
3590,2
3455
3590,8
3591
3592,7
3593,12
3546
3593
3594
3266
3594,9
3595,3
3596
3597,4
3598
3599,11
3765
3599,3
3808
3599,7
3600,3
3601,2
3602,5
3271
3602,3
3603,2
3604,9
3209
3604
3605,16
3606,31
3607,11
3231
3607,3
3608
3609
3610,18
3243
3610,11
3611,15
3612,8
3613
3614
3737
3614,28
3615,13
3260
3615,3
4031
3615,16
3616,3
3618,4
3997
3618,4
3619,9
3620,11
3621,9
3622,23
3623,12
3566
3623,4
3624,20
3671
3624,10
3625,10
3626
3388
3627
3628,7
3629
3630,8
3631,7
3632,14
3633,14
3634,12
3635,11
4058
3636,5
3705
3636,12
3637,6
3638,3
3292
3638,13
3639
3640,15
3641
3642
3643,5
3644,7
3645,7
4003
3645,10
3646
3868
3647,8
3648,6
3302
3648,9
3649,7
3650,16
3651,11
3652,7
3653,15
3985
3653,6
3654
3655
3656,10
3657
3548
3657,10
3658,12
3585
3658
3659,5
3660
3661,3
3958
3662,2
3663,4
3664,2
3751
3664,10
3665,8
3666
3667,8
3668,10
3611
3668,9
3669,5
3670,8
3671,10
3672,3
3673,6
3449
3673,7
3674,11
3675
3676,7
3677,6
4084
3677,13
3768
3677
3678,3
3679,7
3887
3679
3988
3679,10
3309
3680,20
3681
3548
3682,17
3683,2
3864
3683,24
3684
3468
3684,12
3685,9
3942
3685
3686,7
3893
3686
3294
3686,4
3687,2
3688,7
3689,9
3690,7
3691,3
3745
3691,2
3692
3693,6
3694,5
4097
3694,4
3695,2
3696
3697,7
3729
3697,2
3698,4
3699,2
3593
3699,7
3700,8
3701,4
3546
3701,3
3702
4110
3702,6
3703
3704,7
3364
3704,4
3705
4025
3705,5
3616
3706,8
3707,5
3708
3709,2
3710,6
3711,2
3624
3711,2
3712
3948
3712,18
3713,5
3714
3715,4
3716,7
3717,9
3718,13
3719
3720,2
3721
3722
4133
3722,17
3723,10
3724,9
3725
3912
3725,6
3726,8
3727,4
3905
4060
3727,6
4067
3727,4
3728,3
3729,13
3730,3
3494
3730,11
3731,13
3732,12
3733,11
3951
3733,14
3734,11
3717
3734,9
3735,5
3736,8
3635
3736,3
3737,8
4149
3757
3738,9
3739,3
3740,4
3741,5
3742
3743
3744,8
3745,22
3746,19
3747
3748,7
3749
3682
4029
3749
3750
3751,18
3752,19
3753,26
3754,11
3755
3756,9
3757,6
3590
3757
4127
3476
3758,12
3759,2
3760,2
3476
3760,2
3846
3899
3760
3808
3760
3761
3762,13
3861
3762,8
3763,4
3764,4
3765,6
3766,4
3767,4
3768,5
3386
3768,3
3769,3
3686
3769
3809
3769,5
3770
3771,4
3389
3771,8
3772,3
3474
3772,7
3977
3772,5
3773,9
3774,4
3775
3776,8
3777,5
3673
3778,13
3779,3
3780,8
3781,14
3782,10
3783
3784
3785,2
3848
3785
3617
3785
3786
3787,7
3788
3789,3
3524
3789,5
3790,4
3791
3792,2
3802
3792,4
3881
3792,10
3587
3792
3793,13
3794,13
3795,11
3796,9
3722
3796,9
3797,4
3801
3797,14
3798,12
3799
3789
3799,15
3800,17
3801,4
3802,11
3803
3804,3
3610
3804,4
3805,17
3806,11
3807,6
3808,5
3957
3808,8
4058
3808,2
3809,7
4047
3809,17
3810,3
3882
3810,6
3811
3679
3811
3812
3813,8
3814,7
3815
3816,5
3817,9
4167
3817,2
3562
3817,2
3818,5
3819,3
3820,12
3482
3820,4
3821,9
3822,3
4051
3822,4
3855
3822,7
3823,9
4231
3823,2
3824,9
3825,10
3826,20
3827,11
3828,10
3829,6
3830,7
3831
3832,7
3833,16
3834,6
3835,20
3836,2
4064
3836,11
3837,6
3838,6
3839,9
3840,10
3841
3842
3862
3843,6
3844,3
3845,14
3701
3845,9
3846,13
3847
3730
3847,20
3848,13
3849,8
4091
3849,5
3850,3
3435
3850,3
3851,4
3922
3851,3
3852,9
3853,2
3854,4
3810
4060
3854,4
3697
3854,5
3855,6
3978
3855
3856,10
3857,8
3858,11
3859,8
3860,9
3861,8
3862,9
3863,2
3864,11
3459
3864,22
3623
3864,2
3865,4
4098
3865,2
3866,17
3867
3868,5
3869,19
3870
3499
3870,3
3871,15
3872,8
3521
3872
3603
3872,25
3873,2
4255
3873,11
3882
3873,2
3874,2
3875
3876,8
3877,2
3878,3
3879
3880,3
3873
3880,5
3882,10
3883,10
3913
3883,4
3884,2
3885,8
3886
4006
3886,7
3887,11
3888,13
3889,10
3890,18
3891,8
3892,24
3893,14
3838
3893,10
3894,3
3668
3894,13
3895,15
3896,13
4112
3896,4
3658
3896,4
3897,12
3898
3899,2
3620
3899,5
3900,9
3793
3900
3901
3902,9
3903,2
4229
3907
3903,14
3904,14
3905,10
3525
3804
3905,6
3906,2
3907,25
3908,11
3909,11
3910,6
3911,8
3912
3960
3912,7
3913,19
3678
3913
3914,7
3915,21
3916,8
4273
3916
3778
3916
3917,3
3907
3917,2
3911
3917
3918
3919
3920,9
3913
3920,3
3921,7
3922,13
3923
3924,13
3925,10
3926,38
3927,7
3928
3929,11
3930,4
4282
3930,6
4283
3930,8
3931,7
3697
3931
3932,4
3933,3
4035
3933,5
3934,14
3935,13
3992
3935,11
3966
3935
3936,15
3937,3
3938,4
4309
3938,4
3939,17
3945
3939,2
3940
3941
4024
3941,9
3942,12
3943,3
3821
3943
3653
3943,3
3944,21
3945,7
4163
3945,2
3946
3947,7
3948,6
4291
3948,17
3853
3948,3
3949,12
3950,5
3847
3950,11
3665
3950
3951,4
3771
3951,2
3540
3951,5
3589
3969
3951
3952,5
3953,5
3954,3
3955,4
3956
3957,8
3958,4
4330
3958
4013
3958,12
3959,3
4218
3959,10
4210
3960,9
3961
3962,7
3963,8
3645
3963,9
3822
3963
3964
3965,11
3966,13
3967,4
4064
3967,4
3622
3906
3967,3
3968
3969,7
3970,8
3971,11
3972
3973,3
3974,8
3975,10
3745
3975
3976,2
4141
3976
3570
3976,3
3768
3976,5
3977,12
3605
3977,10
3978,2
4202
3978,20
3979,7
4052
3979,7
4110
3980,21
3981
3982,3
3845
3982,7
4342
3982,10
3983,3
3649
3983,9
3984,4
3945
3984,3
3845
3984,5
3794
3984,5
3985,5
3765
3985,5
3852
3985,2
4021
3986,8
3987,2
3746
3987,5
4195
3987
3988,19
3989,10
3990,9
3991,5
3677
3991,3
3992,9
3896
3992,5
3993
3994,12
3995
3996
3997,14
3998,3
3999,15
4000
3691
4000,4
3746
4000,2
4001,3
3658
4001
3648
4001,3
3884
4001
4002,12
4003,2
4125
4003,8
4004
4005
4006,8
4007
4008,15
4009,9
3887
4009
4010,5
4011,8
4013,8
4014,7
4015,5
4016,4
3705
4016,2
4017,7
3851
4018,7
4019,2
4020,19
4021,3
4013
4021,4
4022
4023,4
4301
3780
4023,2
4024,8
3840
4024
3615
4024,6
4025,9
4124
4025,2
4141
4025,6
4026,3
4027,2
3978
4027,7
4028,8
4029,16
4177
3631
4029,4
4030,6
4116
4030,5
4031,2
4032,9
4033
3943
4033,5
4048
4033,4
4034,9
4206
4034
4035,19
4036,19
4037
4372
4038,4
4039,6
4040,10
4041,13
4042,6
4043,4
4027
4044,9
4045
4440
4045,12
4046,9
3848
4047,9
3871
4047,5
4048,17
4049,3
4381
4049,2
4050,8
4051,11
3683
4051,2
4052,5
3974
4052,5
4053,6
4054
4055
4056,3
4057,8
4058,8
4059,7
4274
4059,10
4060,3
4061,12
4062,7
4101
4062,4
4063,5
4064,16
4065,4
4066,16
4067,7
4003
4067,12
3762
4067
4068,5
4150
4068,2
4069,5
3736
4069
4381
4069,3
3726
4070,9
3683
4070
4071,6
4072
3670
4072,4
4073,26
3950
4073
4074,14
4075,13
4076
4077,2
4078,6
4079
4080,8
4314
4080
3861
4081,7
3948
4081,2
4082
4083,8
4084,13
4085
4086,3
3733
4086,11
4087
4088,2
4089
4090,6
4091,19
4092,7
3994
4093,20
4094,12
4095
4096
4097,13
4098,5
4099,5
4100,16
4101,4
3876
4101,7
4102
4170
4102,2
4178
4102,6
3744
4103
4104,23
3733
4104,2
3942
4104,4
4105
4106,12
4107,9
4108
4109
4110,4
4233
4110,17
4111,5
4112,15
4136
4112,5
4113
4114,5
4115,2
3975
4115,6
4353
4116,7
4117,9
4118,3
4119,6
4427
4119,13
4120,2
3905
4120,10
4121
4122,5
4123,5
4124,11
4125,5
4126,3
4127,13
4128,10
4129,21
4130,12
3950
4130,8
4131,9
4132,4
4070
4132,4
4133
4134
4135,3
4136,11
4137,4
3885
4137,17
4138,9
4139,2
3799
4139
4140,8
4141,8
4142,5
3922
4142,9
4143,12
4144,3
4011
4474
4144,15
4145,3
4325
4145,6
4365
4145,7
4146
4147,9
4148,9
4149,19
4150,8
4538
4150,7
4151,8
4152,13
4302
4152,12
4153,5
4154,2
4155,14
4457
4156,7
4219
4156,3
4157,8
4158,5
4120
4158,5
4159
4160,6
4161
3816
4162,8
4163,11
4164
4165,4
4475
4165,2
4166,8
3839
4166,4
4167,3
4168,9
4169,21
4170,8
3863
4170,6
4171
4172,7
3900
4172,2
4501
4172,3
4173
4174
4175,16
4176,10
4458
4195
4176,3
4177,3
3921
4177,7
4180
4177,7
4178,10
4179
4180,10
4181,11
4238
4182,5
4183,6
3935
4183,2
4184,11
3895
4184,7
4185
4186,7
4187,18
4188,2
4140
4473
4188,3
4325
4188,8
4377
4188,7
3979
4189,10
4190,2
4191,4
4192,16
4193
4194
3897
4194
4195,22
4196,3
4080
4196
4197,5
4198,11
4199,6
4200,7
3983
4200,2
4201,14
3982
4201,2
4202,7
4485
4202,10
4203,4
4553
4203
4382
4203,6
4204,10
4447
4204
4205,7
4288
4205,2
4206,9
4207,5
4208
4034
4208,9
4209,3
4210,14
4211,7
4212,11
4213,12
4214,13
4215,9
4216,17
4217,8
4218,13
4219,4
4220
3835
4220,9
4030
4221,6
3908
4221,5
4222,5
4502
4222,8
4223,2
4511
4223,8
4224,12
4225,2
4111
4226,6
4609
4226,2
4227
4228,11
4319
4228,3
4229,16
4556
4229,3
4100
4229,10
4230,9
3797
4231,19
4171
4231,5
3830
4231,2
4232,5
4233,6
4234,4
4235,3
4302
4235,5
4236,8
4237,7
4238,11
4621
4238,6
4603
4238,5
4239,2
4240,3
3902
4240,12
3904
4240,3
4241
4242,7
4243,2
4244,5
4245,4
4246,2
4247,4
4248,3
3920
4248,18
4249,5
4250,10
4251,8
4252,5
3934
4252,7
4253,10
4254,11
4102
4254,2
4256,3
4609
4256,5
4257,9
4258,13
4547
4258,6
4259,5
4260,16
4261
4262,12
4595
4262
4263,17
4264
4265,17
4266
4093
4266,3
4267,5
4365
4267
4268,7
4269,5
4270,11
4271
4272,28
4367
4272,2
4273,5
4343
4273,3
4493
4274
4051
4274
4275
4276,2
4634
4276,2
4277,2
4278,2
4518
4278,3
4279,8
4280
3957
4280,3
4421
4104
4280
4281,4
4332
4281,3
4550
4281,4
3947
4281,4
4282
3949
4282,6
4262
4282,3
4283,13
4299
4283,21
4284,18
3979
4285,10
4286,2
4659
4286,4
4287,8
4288,3
4366
4288,5
4289,4
4290,6
4291,4
4307
4292,7
4592
4292,14
4293,20
4294
4295,4
4475
4295,16
4296,8
4297,3
4298,4
4299,5
4300,19
4301,6
4302,10
4499
4303,3
4304,19
4305,18
4582
4023
4305,5
4306,3
4307,13
4374
4188
4307,4
4308
4309,8
4310,9
4311,7
3999
4311,9
4312,6
4313
4570
4313,6
4576
4314,2
4358
4314,17
4697
4315
4702
4315,3
4346
4315,7
4316
4012
4316,29
4317,10
4045
4317,3
4318,12
4729
4318
4319,10
4324
4401
4320
4321,11
4143
4321
4322
4323,6
4324,13
4325,2
4326,7
4196
4326,21
4327,16
4328,19
4329,3
4330,9
4331,5
4332,14
4673
4332,2
4333,4
4334,3
4335,5
4336,6
4337
4736
4337,2
3948
4337,5
4338,5
4083
4338,3
4339
4101
4339,2
4340,4
4198
3951
4340,12
4456
4340,2
4341
4144
4341,10
4342,11
4581
4342,4
4343,13
4344
4345
4346,13
4347,11
4691
4348
4349,7
4395
4350,8
4351,4
4352,15
4353,10
4354,14
4355,6
4356,4
4755
4356,7
4357,2
4358,3
4488
4358,5
4359
4281
4359
4360
4361,9
4362,6
4352
4362,5
4363,7
4364,7
4365,9
4366,6
4367,9
4368
4369,12
4370,14
4371,8
4372,8
4373,4
4374,4
4524
4374,8
4375,7
4376,7
4377,8
4497
4377,7
4378,10
4379,10
4380,9
4381,11
4181
4381,5
4382,2
4708
4382,13
4383
4384,8
4035
4384
4385,6
4386,17
4387,3
4352
4387,4
4388,2
4389,10
4642
4390,13
4391,8
4392,14
4393
4394,2
4851
4394,18
4395,9
4396
4397
4398
4399,6
4400,4
4401,10
4321
4401,14
4402,3
4403,2
4283
4403,12
4404,7
4211
4404,15
4405
4406,8
4533
4406,2
4407,3
4408,15
4409,9
4669
4409,7
4192
4409
4613
4409,8
4410,7
4411,10
4412
4607
4412,5
4413,12
4414,6
4415,9
4416,8
4417,5
4418,12
4419,8
4420,3
4421,3
4422,9
4423
4424,17
4272
4424,5
4425,16
4426,9
4427
4395
4427,5
4655
4428,10
4213
4428,4
4429,5
4430
4691
4431,4
4718
4431,13
4744
4431,6
4432,15
4433
4517
4434,8
4435,9
4436,3
4186
4436,4
4437,3
4438,2
4439,5
4440,7
4441,2
3987
4441,5
4442,8
4443,13
4444,5
4445,5
4446,9
4324
4446,15
4447,10
4404
4447
4581
4185
4447,13
4448,6
4224
4448
4449
4450,7
4451
4452,13
4472
4452,9
4453,6
4669
4453,8
4454,2
4455
4456,9
4457,9
4458,13
4459,12
4460
4461
4462,3
4463,12
4464,2
4465,7
4762
4465,7
4466,2
4795
4466,7
4467,9
4468,5
4469
4470,3
4471,7
4617
4471,23
4472,6
4281
4472,4
4473,14
4474,10
4300
4474,3
4475,9
4091
4475,12
4476,9
4477,5
4795
4477,15
4478,5
4633
4478,9
4479,8
4480,17
4481,3
4152
4481,6
4482
4483,7
4484,12
4485,8
4787
4486,4
4487
4488,10
4489,9
4490
4491,8
4492
4151
4492,10
4720
4492
4493,17
4494,20
4495,8
4496
4497,16
4394
4497,3
4498,6
4632
4498,2
4499,2
4665
4499,7
4555
4499,3
4500
4501,2
4571
4501,7
4502,8
4503,3
4504,2
4505
4506,4
4507,5
4836
4507,22
4508,2
4218
4508,10
4645
4508,12
4509
4510,5
4338
4510,15
4511,12
4305
4512,11
4513,6
4604
4513,2
4104
4514,3
4253
4514
4515,6
4502
4515,3
4516,14
4517,14
4124
4517,10
4518,15
4420
4518,10
4519,9
4520,3
4447
4520,4
4477
4520,2
4315
4520
4521,6
4522,5
4715
4522
4523,9
4169
4523,15
4524,5
4654
4524,5
4525,11
4526
4527,14
4528,3
4418
4528,2
4833
4528,3
4417
4529,7
4530,7
4531,10
4532,7
4242
4532,3
4533,3
4914
4534,12
4535,3
4427
4535,9
4536,9
4537,3
4538,18
4539
4540,5
4541,9
4542,14
4592
4542,2
4543,8
4544,2
4346
4544,8
4545,3
4546,14
4922
4547,5
4548,7
4549,8
4829
4549,8
4550,3
4879
4550,4
4551
4552,5
4553,16
4554,4
4555,4
4596
4555
4152
4555,3
4913
4556,7
4557
4558
4559,5
4560,16
4561,2
4484
4561,15
4562,16
4144
4562
4563,5
4564
4641
4565,9
4566
4768
4566,19
4567,16
4568,11
4569,7
4570,8
4571,13
4572
4969
4572,7
4573
4574
4575
4306
4576,20
4222
4576,9
4577,14
4578,8
4948
4579,4
4580,6
4341
4580,9
4581,20
4419
4581,6
4582,16
4583
4584,3
4300
4584,6
4285
4585,7
4586,13
4587,5
4588,12
4589
4590,5
4591,24
4592,11
4593,4
4187
4593,13
4594,4
4502
4594,3
4595,3
4596
4834
4596,2
4576
4596,12
4597,7
4980
4633
4598,10
4599,4
4837
4599,10
4600
4601,9
4879
4601,13
4602,13
4603,3
4523
4603,17
4604,6
4736
4604,7
4605,10
4281
4606,6
4283
4606,11
4811
4606
4607,20
4608,11
4205
4608,2
4609
4854
4642
4609,4
4624
4609,14
4610,5
4651
4610,3
4611,12
4286
4611,9
4252
4611,3
4612,11
4613,7
4614
4615,8
4527
4615
4616,18
4617,15
4618,28
4619
4620,9
4781
4621,5
4250
4621,3
4622,4
4328
4622,10
4623,7
4624,7
4625,14
4626,15
4627,9
4628,14
4857
4711
4628,2
4629,4
4630
4631
4632
4390
4632,3
4662
4632,2
4431
4632,5
4633,5
4301
4633,7
4367
4633,2
5030
4633,5
4432
4633,3
5144
4633,2
4634,5
4295
4634
4682
4634,5
4635,8
4636
4637
4350
4637,12
4638,8
4639,15
4640,3
4642,3
4792
4642,11
4643
4644,5
4645,14
4961
4645,7
4646,5
4647,3
4648,4
5008
4648,5
4649
4650,12
4815
4650
4651,22
4652,4
4463
4652,5
4653
4654,7
4655,15
4656,8
4657
4658,5
4484
4658
5069
4658,8
4659,4
4660,12
4661
4736
4661,8
4662,6
4663
4664,10
4665
4622
4665,9
4666,3
4667,15
4668
4591
4668,3
4546
4668,5
4404
4668,3
4669,4
4532
4669,18
4471
4669,4
4670,8
4571
4670
4671,9
4672
4673,7
4674,4
4675,11
4676,12
4677,4
4678,8
4679
4680,15
4425
4680
4681,7
4682,8
4868
4682,9
4683,3
4576
4683,6
4684,13
4685,2
4686,2
5035
4686,12
4687,5
4886
4687,4
4231
4687
4688,11
4475
4689,14
4690,4
5027
4690
4691,9
4692,2
4799
4692,7
4940
4530
4693,28
4694
4695,9
4607
4695,4
4696,4
4697,14
4698,5
5062
4698,8
4699,2
4634
4699,5
4700
4807
4701,3
4702,5
4703,9
5088
4703,5
4704
4705,12
4962
4705,9
5118
4705,2
4706,8
4707,4
4708,19
4709,13
4710
4711,12
4712,7
4713,11
4769
4713
4714,16
4715,6
5026
4715,7
4858
4715,4
4716,9
4717,4
4718,16
4480
4719,12
4720,4
4721
4722,5
4723,5
4724,3
4725,6
5064
4725,4
4726
4727,6
4728,13
4729,4
4646
4729,7
4730,18
4731,2
4732,6
4733,12
4734,3
4486
4734,6
4623
4734,7
4664
5001
4734,3
4735,4
4736,18
4328
4736,3
4668
4736,2
4737,2
4738
4739,2
4740,23
5044
4740
4741,13
4742,3
4743,2
4744,2
4836
4744,3
5006
4744,14
4745
4746,8
4747,5
5015
4747,5
5109
4747,5
5053
4747,10
4538
4747,3
4748,12
4749,6
4750
4751,2
4766
4751,7
4752
4753,11
4754,8
4824
4754,4
4755,2
4606
5029
4755,3
4947
4755,5
4756,7
4757,5
4758,4
4759
4760
4937
4760,7
4761,9
4886
4762,10
4763,11
4706
4763,4
4764
4765,2
5114
4765,8
4766,7
4744
4766,2
4767,18
4768,15
4769,9
4437
4769,2
4770,7
4771,7
4772,4
4773
4774,7
4642
4774
4775,6
4637
4775
4776,6
4777,6
4778,7
5113
4778,11
4366
4778
4779
4780,8
4781,10
5089
4781,3
4782,8
4776
4782,3
4783,19
4784,3
4785,8
4492
4786
4787,8
4788,15
5140
4788,4
5077
5150
4788,6
4789,8
4965
4789,2
4900
4722
4789
4790,3
4791,6
4792,8
4527
4793
4794,4
4795,5
4548
4795,5
4655
4795
4689
4795,8
4796,4
4857
4796,3
4797,2
4798,3
5145
4798,5
4799,4
4800,7
4801,10
4802,10
4803,8
4804,35
4805,7
4426
4805,2
4806,15
4807,13
4808,7
4809,8
4810,6
4811,21
4812,15
4813,7
4652
4813,4
4521
4813
4814,8
4524
4815,4
4816,5
5200
4816,4
4817,5
4730
4588
4817
4818,19
4819,3
4820,2
4821,3
4822
4823,16
4824,13
4594
4824,2
4825,2
5065
4825,10
4826,11
4862
4826,4
4827
4828
4829,5
4830
5207
4830,4
4831,9
4832,6
4936
4832,5
4911
4832,12
4992
4832,2
4833,8
4769
4833
4834,3
5204
4834,5
4642
4652
4835,31
4836,13
4837,10
4835
4837,2
4838,5
4963
4838,7
5031
4838,10
4781
4838,8
4839,3
5144
4839,4
4840,2
4841,3
4842,7
4843,21
4844,10
4920
4844,10
4845,4
4905
4845,8
4492
4845,4
4795
4846
4847,4
4848,11
4849
4850,5
4851,11
4607
4851,2
4852,15
4853,4
4854,18
4855
4856,9
4816
4856,2
4857,13
4904
4857,8
4858,4
5109
4858,3
4859,9
4860,12
4861,2
4862,2
5170
4862,5
4549
4862,16
4863,14
5229
4864
4865,8
4866
5154
4866,3
4867,4
5051
4867,15
4868,7
4895
4868,10
4869,3
4870,9
4871,21
5194
4872,8
4873,3
4874,12
4875,5
4876,6
4863
4876,9
4877,3
4878,6
4879,2
4765
4879,21
4880,25
4881,6
4882
4883,9
4884,2
4826
4885,7
5238
4885,8
4538
4886,7
4887,7
4888,3
4889,2
4890,12
4891,9
4892,8
4893,5
5027
4893,10
4894,5
4895,15
4896,3
5007
4896,4
4897,4
4898,12
4899
4900,15
4901,5
4902
4903,8
4904,12
4905,3
4813
4905,13
4524
4905,9
4906,10
4907,12
4908
5194
4908,14
4909
4569
4909,22
4910,22
4911,3
4912,2
4770
4912,2
5154
4912,6
4913,12
4914
5214
4914,9
4915,15
4917,17
5073
4917,2
4692
4917,7
4918,6
4919,13
4920,11
4919
4920,4
4807
4920,5
4921,9
4922
5140
4922,14
4923,2
4924,6
4925,6
4926,7
5320
4926,5
5353
4926,7
4927,6
4928,3
5188
4928
4703
4928,5
4929,8
4553
4929,11
4930,13
5158
4930,6
4931
5091
4931,10
4932
4933
5060
4933,17
4934,4
4935
5316
4935,2
4936,16
4937,7
4938,6
4939
4940,8
4941,3
4942,6
4943,13
4944,2
4987
4944,12
4945,4
5170
4945,4
5140
4945,4
4546
4945,4
4946
4947,7
5140
4947,2
4948
4919
4948,15
4915
4948
4949,7
4950,3
4951,9
4952,11
4953,3
4954,3
4955,9
4956,11
4957
4958
4959,3
4960
4961,16
4962,20
4963,11
5208
4963,14
4964,20
4966,3
4967,5
4968,7
5043
4968
4969,4
5066
4969
4970
4971,11
4869
4972,6
4880
5127
4973
4974,8
5314
4974,6
4844
4974,4
4975,2
4952
4975,10
4976
4977,14
4978,9
4979
4980,8
4981,3
4982
4885
4982,7
5192
4982,3
4983
4985,5
4695
4985,7
4986,6
4987,12
5344
4987,4
4988
4989,4
4990,17
4853
4990,7
4991,9
4992,8
4993,6
4810
4993,5
4994,10
5288
4994,6
5069
4994,3
4995,5
5133
4995
4909
4995
4956
4893
4995
4933
4995,6
4996
4997,10
4998,24
4999
5000,27
5002
5003
5004
5005,19
5006,7
5007,6
5008
5375
5008,12
5009,23
5010,4
5011,10
5012,10
5013,7
5014,11
4845
5014
5304
5014,3
5015,18
5016,2
5017,4
5172
5017,2
4873
5017,3
5003
5017,2
5219
4684
5017,4
5018
5019,9
5021,3
4778
5021,6
5022,6
5023
5024,6
4728
5024,3
5025,11
5026,2
4617
5026,2
4655
5026
5140
5026,3
4931
5026,2
5027,7
4916
5027,7
5028
4693
5028,13
5029,7
5030,5
5031,21
5032
5033,4
5034
5035,10
5036,4
5037,2
5038,6
5079
5038,2
5039,15
5040,13
5041
5042,7
5043,6
5062
5043,2
5044,3
4917
5045,4
5091
5045,13
4818
5045,6
5046,8
5047,9
5048,7
5049,5
4768
5050,3
5051,15
5052
5053,16
5054,8
5055,6
5299
5055,6
5000
5055,7
5056,8
5349
5056,9
5057,12
5058,2
5059,10
5060,4
5473
5060,3
5061
5062,8
5063,11
5064,13
5065
5469
5065,12
5042
5065,11
5066,11
5067,3
5068,3
5069,16
5430
5069,2
5070,4
5071,2
4835
5071,8
5259
5071,2
5072,4
5073
5050
5073,4
5105
5073,20
5074,5
5159
5074,20
5075,11
5076,2
5428
5076,6
5077,9
5078,17
5079,14
5080,5
5059
5080,9
4921
5080,2
5081,6
5082
5083,13
5084
5085,2
5090
5085
5086,4
5087,10
5088,5
5089,8
5322
5090,12
5091,7
5092,7
5423
5092
5093,2
5088
5093,5
5094,3
4702
5094,8
5095,26
5096,3
4905
5097,7
5098
5099,11
5100,2
5502
5100,4
5101,7
5102,15
4893
5102,7
5103,3
5104,25
5106
5107
5108,2
5109,15
5155
5109,7
5051
5109,7
5110,2
5111
5112,8
5113,5
4928
5113
5114,29
5115,8
5116
5117,9
5118,10
5119,2
4885
5120,9
5121,8
5122
5123,5
5007
5123,2
4715
5123,2
5124
5125
5126,4
5127,4
4845
5127,4
5128,11
5129,2
4929
5129,9
5130,4
5045
5130,4
5131,11
5132,5
5133,10
5134,10
5292
5134,3
5251
5134,7
5135,17
5136,2
5424
5136,28
5137,6
5138
5139,6
5140,23
5141,3
5142
4910
5142,3
5143
5144,20
5145,19
5225
5145,3
5146,8
5065
5146
5147,10
5348
5148,5
5067
5148,8
5534
5148,8
4875
5148
5149
5150,24
5151
5152,6
4961
5152,3
5153,3
5541
5153,3
4863
5154,3
5074
5154,25
5112
5154,2
5156,17
5157
5158,18
4985
5158,2
5159,2
4806
5159
4799
5159,13
5565
5160,11
5161,24
5162,3
5553
5162,7
5163,4
5150
5163,10
5008
5163
5252
5163,6
5164,9
5165,8
5166,12
5167
5168
5169,8
5170,26
5171,4
4905
5435
5171,3
5172,5
5142
5172,2
5005
4801
5172,2
5173,21
5174,4
5148
5174,15
5415
5174,2
5175,14
5176,25
5081
5177
4873
5178,3
5179,3
4895
5180,14
5181,6
5311
5181
5182,6
5183
5474
5183,4
5184,7
5185,9
5502
5185
5186,11
5187,5
5511
5187,10
5188,13
5189
5190,5
5051
5190,7
5191
5142
5191,2
5192,18
5193,2
5194,3
4978
5194,17
5195,11
5245
5195,5
5196,3
5494
5197,12
4931
5197,3
5198,19
5199,4
5559
5199,15
5430
5200,16
5201
5202,24
5203,2
5204,2
5205
5206,5
5207,8
5209
5210
5019
5210,2
5211
4833
5211
5221
5211,3
5515
5211,14
5212,3
5213,2
5214,5
4889
5214,9
5498
5214
5215
5216,5
5217,12
5218,15
5219,4
5220,12
5221,5
5153
5221
5051
5221,2
5222,2
5305
5222,4
5365
5222,3
5223,6
5224,3
5136
5224,4
5225,4
5226,17
5227
5153
5227,7
4982
5227
5228,31
5229,20
5230,10
5231,9
5232,8
5163
5233,11
5080
5234,4
4867
5234,2
5235
5236,9
5237,5
5238,13
5239,8
5240,7
5241,2
4837
5241,16
5242,10
4838
5242,3
5243,7
5244
5245,17
5246,11
5247,5
5248
5249,9
5250,5
5218
5250,5
5251,15
5216
5251,2
5252,6
5253,2
5254,5
5255,9
5256,8
5257,15
5258,8
5259,5
5260
5261,9
5262
5564
5262,12
5263,19
5264,9
5488
5264,6
5074
5264,3
5265,5
5357
5265
5266,3
4984
5266
5267,15
5268,8
5226
5186
5269,11
5270,3
4906
5270,3
5470
5270,3
5271,12
5272,12
4961
5272,6
5273
5014
5273,8
5274,12
5275,2
5276,19
5277
5278
5279,9
5404
5279,6
5280,2
5616
5280,3
5591
5280
5281,2
5282,11
5283
5284,11
5285,3
5286
5404
5286
5287,7
5288,15
5289
4962
5289,4
5290,3
5291,3
5517
5291,13
5292
4968
5292,17
5293
5294
5598
5295
5296,4
5279
5296,8
5065
5296,5
5297,5
5086
5298,10
5299,7
5300,9
5301,7
5302
5303,3
5304,7
5465
5688
5304,2
5305,3
5317
5305,3
5634
5305,8
5306
5307,5
5308,7
4905
5308
5377
5308,4
5309,16
5310,2
5311,3
5351
5311,5
5312
5688
5312
5313
5314,15
5315,11
5316,8
5317,3
5017
5317,3
5279
5317,9
5318,7
5533
5318,10
5319,6
5320,17
5321,5
5322,10
5323,3
5324,8
5325,5
5305
5137
5325
5326,4
5564
5326,7
5327
5328,3
5329,4
5330
5331,3
5332,2
5490
5332,6
5410
5332
5333,7
5334,3
5229
5334,4
5335,5
5336,5
5365
5336,3
5337,10
5338
5339,4
5714
5339,13
5340,2
5341,10
5342
5343,8
5345
5346,9
5026
5346,4
5347
5348,12
5349,9
5350,2
5351,10
5352,5
5183
5352,10
4923
5352,3
5353
5468
5353,11
5583
5353,2
5202
5353,4
5354,17
5355,5
5356,14
5357,5
5358,8
5359
5360,6
5309
5360,2
5361
5362,10
5731
5362,6
5363,24
5364,8
5365,17
5366
5472
5366,11
5365
5366,4
5479
5367,10
5368,5
5369,2
5161
5369,12
5370,5
5372,12
5373,9
5658
5373,10
5374,9
5375,26
5376
5483
5377,9
5615
5377
5378,8
5063
5378,2
5379,15
5380,7
5301
5381,5
5382,13
5629
5019
5383,16
5384
5385
5386
5387
5388,4
5686
5388
5389
5390,17
5527
5390,12
5391
5392
5393,8
5394,9
5395,7
5095
5395,16
5371
5395,5
5396
5671
5397,10
5398
5399,3
5298
5399,3
5339
5399,2
5174
5399
5400,6
5291
5611
5400,2
5647
5400,4
5401,9
5402
5403,15
5404,13
5405,12
5406,7
5757
5406,5
5199
5406,8
5407,2
4992
5407,6
5408,4
5318
5408,7
5409,9
5410,6
5291
5410
5411,7
5803
5411
5221
5411,14
5412,8
5413,20
5414,16
5416,14
5417
5418,4
5142
5418,4
5028
5418,6
5419,11
5420,18
5662
5420,2
5421,9
5422,13
5423,9
5020
5423,7
5424,21
5425,10
5426,13
5427,9
5428,2
5596
5428,10
5542
5428,6
5600
5428
5735
5428,2
5429,15
5430,10
5431,9
5035
5431,5
5432,8
5433,9
5039
5434,8
5435,21
5724
5435,2
5436,7
5437,10
5438,7
5439,24
5440,8
5441,7
5533
5442
5443,4
5444,8
5126
5444
5445
5737
5445,2
5568
5445,7
5446,8
5447,14
5448
5449,5
5724
5449,12
5450,3
5445
5450,5
5451,4
5425
5451,5
5452,15
5453,9
5454,8
5455,2
5456,21
5458,11
5459,10
5460,4
5375
5460,3
5586
5460,5
5461
5462,3
5463,9
5464
5148
5464,6
5465,7
5222
5603
5465
5486
5465,7
5466,4
5228
5466,11
5092
5466,3
5467,4
5468,2
5720
5468
5582
5468,11
5469,6
5470
5362
5470,6
5471,3
5472,7
5473,12
5474,3
5188
5474,8
5758
5134
5412
5474,10
5468
5474
5475,8
5734
5475,12
5476,11
5477,5
5438
5477,3
5478,8
5479,11
5480,15
5481,17
5482
5301
5482,8
5483,5
5803
5483,7
5484,11
5485
5486,6
5487,7
5488,9
5238
5488,4
5489,9
5490,12
5499
5490,21
5491,3
5887
5491,6
5492
5493,13
5494,8
5495,2
5276
5495,15
5496,16
5497,12
5613
5497,4
5498,10
5499,16
5500,6
5501,4
5502,8
5534
5502,6
5503,6
5559
5503,2
5504,11
5505,8
5506,6
5507,3
5508
5914
5508,7
5509,8
5510,13
5511,15
5512
5513,3
5625
5513,10
5528
5513,2
5646
5513
5618
5513
5514,3
5515,3
5516,9
5354
5516
5517,9
5530
5517,4
5518
5617
5518,20
5519,10
5520,20
5521,6
5522,15
5523,5
5470
5523,3
5770
5523,2
5524,6
5164
5524
5525,5
5380
5525,3
5381
5525,2
5395
5525,8
5526,13
5334
5526,7
5527,6
5528,4
5745
5528
5557
5528,8
5529,2
5530,21
5531,11
5527
5531,10
5532,9
5533,10
5534,17
5350
5534,7
5727
5534
5535,8
5536
5288
5536,2
5537,7
5490
5537,6
5538
5539
5540,4
5401
5540,18
5541,17
5542,7
5927
5542
5543
5802
5544,4
5545,9
5546,2
5547,32
5548,7
5634
5548,10
5549,15
5550,2
5551,5
5552,9
5553,4
5353
5553,3
5554,8
5913
5554,2
5555,3
5556,9
5557
5558,7
5414
5558
5559,6
5560,2
5561
5669
5561,8
5562,6
5563,5
5564,15
5565,13
5566,25
5567,8
5568,18
5870
5568,10
5569,5
5570
5571
5257
5571,5
5784
5571,4
5572
5573,5
5574,18
5575,14
5576
5382
5576,5
5577,13
5578,5
5615
5578
5579,5
5580
5581,8
5582,6
5690
5582,3
5583,13
5786
5583
5584,7
5585,12
5586,10
5587
5588
5589,18
5511
5590
5591,2
5254
5591,6
5422
5591,3
5592
5593
5594,8
5595,15
5596,2
5744
5596,8
5597,11
5598,6
5599,3
5284
5440
5599,5
5600,5
5608
5601
5602,8
5603,14
5892
6008
5936
5604
5886
5604,6
5605,3
5894
5605,12
5606,3
5956
5606,17
5607,9
5608,4
5583
5608,13
5609,7
5610,20
5578
5610,3
5611,10
5612,7
5613,9
5614
5615,2
5426
5846
5615,14
5751
5615
5616,6
5702
5616,2
5617,13
5429
5617
5218
5617,10
5618,12
5470
5618,3
5619,4
5620,2
5751
5620,3
5350
5620,6
5621,13
5622
5623,4
5624
5625,6
5626,2
5929
5626
5326
5626,5
5419
5626,4
5627,6
5628
5279
5628,4
5986
5628,17
5629,7
5630,5
5631,4
5897
5631,10
5632,9
6026
5632,3
5633,12
5634,11
5635
5636
5637,9
5638,7
5964
5638,7
5639,6
5640,7
5641,8
5642,10
5833
5642,2
5978
5643,2
5644,9
5645,8
5646,4
6012
5646,16
5647,16
5648,5
5649
5650,14
5651,19
6014
5651,7
5652
5974
5652,5
5653,2
5829
5653,8
5654
5655,8
5656,22
5657,3
5658,6
5659,3
5675
5659,4
5660,4
5763
5660,4
5661,9
5662
5734
5662,6
5663,2
5664,11
5665,5
5846
5665,15
5666,13
5667,6
5927
5667
5668,9
5669,10
5946
5669
5670
5671,10
5672,3
5717
5672,3
5673,5
5686
5673,3
5558
5673,2
5977
5673,8
5674,3
5675,13
5676,5
5677
5676
5677,3
5678,10
5858
5678,5
5830
5678
5679,10
5680,3
5681,9
5682
5683,2
5684
5685,12
5686,9
5687,16
5688,13
5689,9
5690,14
5691
5692,8
5693,7
5859
5693,2
5694,2
5695,2
5696,8
5697,3
5469
5697,3
5698,4
5699
5700,2
5701,13
5702,7
5317
5702,7
5703
5704
5705,3
5706,19
5707,8
6071
5707,5
5708,9
5791
5708,9
5709,3
5741
5709,7
5710,13
5711,4
5892
5711,8
5712,2
5713
5714,6
5994
5714,2
5431
5714,3
5715,16
5716,13
5717,4
6088
5717,2
5418
5717,3
5718,11
5500
5719,8
5720,12
5721,4
5722,12
5723,2
5724,3
5876
5724,6
5944
5724,9
5725,9
5866
5725,3
5794
5725,8
5726,8
5984
5727,8
5758
5727,5
5563
5727,2
5728,2
5902
5728,17
5729,9
6085
5729,4
5900
5730
5731,9
5732,3
5733
5734,7
5735,3
5740
5735,5
5736,5
6106
5736,2
5737,9
5738,2
5937
5738,8
5739,11
5740,9
5741,10
5647
5741,4
5486
5741
5487
5675
5741,5
5742
5743,3
5744,12
5382
5744,4
5745,14
6069
5745,4
5746,8
5747
5748,7
5749,2
5752
5750,12
5751,8
5752,16
5753
5754,14
5905
5754
5755,5
5688
5755,18
5756,5
5788
5756,21
5757,2
5509
5757,4
5758,5
5702
5758,3
5759,12
5760,4
5761,12
5994
5761,4
5762,8
5840
5762,8
5709
5763,21
5646
5763,4
5764,8
5765,3
5379
5765,13
5766,13
5767
5768,2
5397
5768,4
5650
5768,6
5769
5770,19
5765
5771,12
5772,9
5773
5774,16
5873
5774
5775,4
5776,18
5777,6
6095
5777,2
5778
5779,15
5780
5781,2
5901
5781,14
5782,5
5783,4
5784,7
5785
5901
5786,15
5787
5788,9
5568
5788
5789,2
5457
5789,5
5790,4
5791,6
5792,3
5793,19
5794,3
5564
5794,20
5795,5
5628
5795,4
5796,3
5797,16
5798,2
6050
5798,9
5799,6
5800,8
6131
5800
5801,9
5802,6
6126
5802
5803,5
5857
5803,2
5804,7
5805,3
5700
5805,10
5760
5805,6
5806,17
5807,6
5808,9
5809,7
5810,10
5522
5810
5811,13
5812
5813,6
6152
5813,2
5814,6
5815,4
5599
5815,3
5816,18
5817
5818,5
6018
5818,5
5744
5818,7
6124
5818
5520
5818,6
5819
5820,8
5821
5949
5821,4
5822,14
5823,9
5824,7
5825
6158
5826,14
5827,2
5828,17
5556
5828,2
5729
5828,2
5829,9
5830,10
5897
5830,3
5831,3
5832,14
5833
5834,9
6007
5835,7
5836,11
6136
6238
5836,6
5617
5836,3
5837,7
6186
5837,3
5838,3
5839,4
5840,15
5841
5842,11
5907
5842,3
5843,7
5844
5845,6
5846,7
6189
5846,7
5847,8
6240
5847,3
5848,8
5576
5848,5
5849,4
5850
5851
5852,11
5853,5
5854,3
5574
5854,6
5855,5
5856,10
5857,10
5736
5857,4
5858,4
5770
5858,12
5671
5858,14
5665
5858,7
5859,4
5860,8
5861,19
5862,3
5863
5864,6
5986
5864,22
5865,7
5867,11
5868,17
5805
5868,5
5869
5870,4
5871,3
5872,5
5873,11
5874,10
5875
5876,11
5877,9
5878,9
5879,14
6098
5879,6
5880,10
5881,3
5901
5881,5
5868
5882,18
5883,3
5712
5883,3
5884,7
5885
5887
5650
5885,21
5886
5596
5886,4
6082
5886,11
5639
5886,3
5887,17
5888,10
5784
5888,10
5889,6
5890,3
5619
5890,14
6225
5890
5865
5890,9
5811
5891
6177
5891,3
5511
5891,2
5892,13
5893,4
5894,4
5794
5894,3
5687
5894,10
6275
5895,2
5896,12
5897
5896
5897,11
5898,5
6038
5898,9
5899
5900,4
6109
5900,2
5901,5
5605
5901,4
5994
5901
5865
5901,3
5902,6
6156
5902,5
5903
5568
5903,6
5647
5903,22
5904,5
5905,10
5845
5905
5906
5907,7
5908
5909,6
5910,2
5911,7
5647
5911,2
5912,10
5913,19
5914,12
5915,3
5916,6
6256
5916
5917,8
5918,4
5774
5918
5919,2
6161
5919,8
5920,18
5921,18
6301
5921,6
5922,2
5923,12
5522
5923,3
5924,2
6021
5924,9
5925,11
5892
5925,5
5926
5739
5926,7
5927,16
5928,2
6195
5928,2
5929,7
5930
5931
5932,16
6098
5933,7
5934
5935,3
5936,8
5937,5
5938,9
5939,5
5940,7
6065
5940,11
5941,5
6258
5941,3
5942,4
5943,11
5752
5943,10
5944,14
5945
5946,6
5947,6
5948,4
6163
5948,7
5838
5948
5949,6
6076
5949,6
5701
5949,7
5950,15
5951,3
5696
5951
5952,17
5953,4
5872
5953,8
5954,3
5888
5954,6
5955,14
5956,10
5738
5956
5957,3
6509
5957,5
5958,24
5959,13
6346
5960,8
5961,13
5962,8
5963
5964,13
5965,8
5966,9
5967,5
6171
5967,2
5968
5969,4
5679
5969,9
5970,12
6328
5970,21
5971,18
5972
5973,9
5974,2
5651
5974,12
5975,9
5976
5977,4
5978,20
5638
5921
5978,4
5979,7
6062
5979
5980,26
6345
5980,4
5981,7
5982,3
5983
5984,9
5981
5984,4
5775
5985,11
6366
5985,2
5986,11
6253
5986,9
5987,6
5988,18
5989,4
6148
5989,10
5990,3
5991,9
5992
5993
5994,11
5962
5994,3
5995,9
5760
5995
6160
5995,11
5996,11
5997,8
5998,4
5886
5998
5999,6
6000,2
6001,4
5938
6001,10
6002,9
6003,7
6131
6003,4
6004,16
6005,2
6006,11
6007,11
5633
6007
6008,10
6009,10
5705
6009,6
6010,13
6011,18
6012,13
6013,4
6014,18
6015
6016,7
6124
6016,6
5943
6017,6
6018,12
6183
6018
6019,6
6020,6
6118
6020,3
6021,26
5702
6021,5
6022,12
6023,7
6221
6023,10
6024,10
6025,3
6026,7
6427
6026,13
5764
6026
6027
6028,9
6029,6
6030,5
5801
6030,2
6182
6030,4
6031,2
6032,15
6378
6032,16
6033,2
5788
6082
6033,12
6034
6035,22
6268
6035
6036
6037
6038,7
5689
6039,14
6040,2
5959
6040,5
6041,12
6042,9
6043,13
6044
5914
6044,7
6400
6044,2
6045,2
6046,16
6085
6047,5
6351
6047,6
6048,4
6418
6048,8
6049,10
6050,9
6051,6
6021
6051
6052,7
6172
6052
6061
6052,6
6053,9
6313
6053
5757
6054
6055,6
5857
6055,3
6056
6108
6056
6262
6056,16
6407
6204
6056,6
6057,23
6058,11
6059
6060,10
6061,9
6447
6061,5
6062,14
6063,8
6064
6065,8
5831
6066
6067,11
6068,3
6070,10
6071,20
6072,5
6073
6074,4
6075,4
6076,3
6190
6076,14
6077,12
6078,12
6079,2
6080,9
6081,8
6082,8
6460
5858
6082,3
6170
6082,3
6203
6082
6083,9
6084,17
6085,23
6086,7
6292
6086
6087,6
6088,11
6089,7
6090
6091,6
6092,3
6093,2
6125
6093
6128
6093,8
6094,11
6095,16
6096
6097,11
6098,3
6099
6100
6400
6100,2
6101,5
6102,2
6103,19
6104,5
6278
6104
6300
6104,9
6105
6106,14
6084
6106,18
5610
6106,10
6107
6108,2
5949
6108
6355
6108,4
6109,6
6110,9
6118
6110,3
6111
6427
6111,6
6112,13
6113,5
6497
6113,7
6114,8
6115,2
6062
6115,3
6116,3
6151
6116,17
6117,4
6118,20
6392
5915
6118
6119,2
5744
6119,6
5725
6119
6120,11
6121,9
6122,9
6044
6123,5
6124,11
5861
6124,5
6137
6124
6125,19
6126,2
6127,6
6128,8
6129,4
6130,6
6131,17
6493
6131
6132,11
6133,13
6134,6
6135
6136,20
6137,2
6251
6137,6
6138,2
6266
6138,7
6139,3
6140,13
6141,6
6142,9
6143
6067
6144
6145,2
6146,2
5955
6146,9
6274
6146,3
6147,14
6148,20
6204
6148,3
6149,10
6150,4
6151
6152,7
6101
6152,2
6153
6154,9
6393
6154,2
6381
6154,2
6547
6154,2
6032
6154,2
5820
6155,3
5991
6155,3
5904
6155,10
6156,3
6067
6156,4
6385
6156,8
5788
6156,5
6314
6156,2
6157
6158,10
6159,7
6315
6159,8
6160,26
6161
6335
6161,17
6371
6161
5903
6162,2
6163,18
6082
6163,11
6164,3
6165,16
6166
6486
6166,11
6167,3
6168,4
6169,6
6170,5
6213
6170
6171
6172,3
5799
6172,21
6173
6174,8
6175,5
6076
6175,2
6176,6
6177,8
6178
6179,15
6180
6181
6182,18
6183,7
5815
6184,4
5886
6184
6185,14
6186,4
6187,9
6188,5
6462
6188,10
6189,8
6190,11
6191,7
6192,2
6193,6
6194,2
6195,17
6384
6195
6196,8
6197,7
6198
6199,15
6200,13
6201
6202,14
6203,2
6204,10
6205,8
6206,7
6207,9
6208,7
6124
6209,9
6210,17
6211
6212,2
6213,4
5973
6213,6
6562
6213,5
6214,5
5975
6214,6
6215,6
6216,5
6398
6216,7
6494
6216,2
6217,4
6218,3
6586
6218,19
6219,10
6220,7
6221,13
6222,7
6223
6224,4
6225,3
6058
6225,12
6226,8
6041
6226,6
6525
6226,7
6227
6228,10
6229,18
6318
6229
6230,3
6305
6230,11
6433
6230
6231
6232,13
6302
6232,7
6233,5
5960
6233,4
6234,2
6225
6234
6235,5
6236,6
6237,3
6238,13
6239,4
6240,15
6241,8
6242,9
6243,2
5901
6243,6
6244
6245,3
6246,22
6247,10
6248,7
6249,24
6250,14
5864
6251,14
6252
6253,2
6254,10
6255,9
6256,17
6322
6165
6257
6258,16
6259,5
6260
6261,2
6421
6261,3
6262,15
6290
6262,6
6614
6262,12
6263,5
6301
6263,10
6264,15
6265
6266,11
6118
6266,2
6453
6266,10
5936
6266,9
6267,7
6334
6267,7
6268,3
6584
6268,3
6269,9
6270,14
6414
6270,3
6271
6272,13
6273,2
6274,3
6275,11
5927
6276,4
6277
6278,3
5962
6278,9
6229
6278,8
6279
6280,9
6281,2
6323
6281,13
6282,2
6101
6282
6283
6613
6284,21
6285,8
6286
6287
6288,6
6182
6288,4
5933
6288,3
6289,2
6290,4
6256
6291,9
6292,16
5897
6292,9
6293
6284
6293
6549
6293,3
6284
6293,5
6481
6502
6293,5
6497
6294
6295,6
6296
6297,4
6298,9
6299,8
6300,9
6301,13
6520
6302,15
6061
6302,3
6303,4
6547
6303,7
6285
6303,6
6304
6149
6304,5
6305,10
6681
6305,6
6306,14
6307,2
6308,2
6309,18
6310,7
6311,6
6312,3
6983
6312,4
6313,4
6314,9
6315,14
6316,25
6387
6316,5
6009
6317,3
6539
6317,3
6026
6317,3
6046
6317,5
6318,11
6319
6320,17
6321
6322,21
6622
6322,7
6323,7
6324,5
6584
6325,3
6326
6086
6326,8
6327,8
6328,2
6329,14
6330,7
6331
6109
6332,3
6333
6610
6333,20
6213
6334,12
6335,2
6481
6335,5
6336,9
6370
6336
6337,3
6188
6337,14
6350
6337,4
6338
6441
6606
6338,4
6316
6338,9
6339,18
6340,5
6341,5
6342,12
6499
6342,12
6343,9
6344,8
6345,3
6270
6345,10
6346,5
6070
6225
6071
6346,5
6347,2
6598
6347,6
6348,7
6349
6350,14
6351,9
6352,10
6353,2
6354,14
6355,13
6483
6355
6356,11
5984
6356,2
6357,9
6358,2
5975
6359,15
6360,5
6361,8
6362,11
6363,7
6364,6
6365,5
6023
6365,5
5997
6365,2
6366,12
6367,7
6368,12
6704
6369,14
6370,6
6371,9
6372
6373,4
6542
6373,3
6374,8
6375,2
6376
6633
6322
6376,5
6023
6376,5
6662
6376,8
6061
6376,10
6377
6378,5
6379,8
6380,4
6381,17
6303
6381,2
6285
6381,3
6057
6381,5
6382,16
6740
6383
6384,7
6385,4
6386,7
6407
6386,10
6387,9
6388,15
6389
6390
6374
6390
6775
6390,3
6354
6391
6392,5
6393,17
6394,6
6395,2
6404
6395,7
6685
6395
6396,22
6397,2
6009
6397,9
6270
6397,5
6398,8
6399
6400,8
6483
6401,9
6402,8
6403,5
6502
6403,11
6556
6740
6061
6404,8
6405,17
6406,9
6407,6
6195
6407,9
6781
6535
6407,13
6408
6409,8
6410,13
6182
6410,4
6411,7
6412,10
6413,9
6414
6133
6414,11
6415,4
6416,4
6094
6417,15
6418,18
6419,9
6420,10
6421,15
6133
6421,6
6422,11
6716
6701
6422,8
6423,5
6386
6423,6
6816
6665
6423,5
6424,3
6219
6424,5
6757
6424,9
6425,12
6426
6427,8
6428,7
6757
6428,2
6429,11
6430,13
6431
6432
6433,9
6434,7
6435,14
6538
6435
6436,24
6437,8
6340
6437,12
6438,3
6439,17
6650
6440
6442,4
6694
6442,4
6584
6442
6443
6444,17
6445
6560
6445,8
6809
6445
6446,2
6447,8
6448,5
6449,19
6450,8
6791
6451,13
6842
6451,8
6452,5
6403
6452,5
6453,18
6454,10
6455,9
6456,8
6457,9
6458
6459
6460,12
6461,22
6462,17
6624
6462,3
6463,20
6464
6736
6464,2
6091
6464,3
6604
6464,11
6465,10
6466
6467,2
6779
6468,8
6118
6469,24
6067
6469,5
6470,4
6471
6472,10
6473,3
6106
6473
6474,11
6475,7
6476,5
6477,7
6309
6477,4
6478,12
6479
6480,5
6796
6480,5
6481,17
6482,14
6483,5
6726
6483,9
6293
6483,3
6484,9
6485,15
6486,12
6487
6488,9
6489,9
6490,9
6491
6492,5
6493,7
6494,2
6495,9
6496,4
6490
6496,4
6497,13
6498,4
6094
6498,2
6511
6247
6498,2
6444
6499,7
6500,4
6501,8
6607
6501,10
6268
6501,7
6502,2
6214
6502,14
6503,11
6504,24
6505,12
6695
6505,7
6170
6505,3
6506,9
6507,19
6508,5
6516
6508,6
6509,5
6510,4
6511,4
6742
6511
6464
6511,8
6512,13
6513,8
6514,5
6515,4
6516,2
6517
6462
6517,7
6518,2
6658
6518,8
6519,9
6520,7
6521,11
6661
6521,6
6522,2
6523
6524,11
6267
6525,21
6526,6
6527,9
6633
6839
6527,5
6528,3
6507
6528,4
6878
6528,3
6262
6528
6369
6528,3
6529,6
6530,9
6827
6530,5
6531,11
6915
6531,13
6532,10
6533,9
6534,3
7230
6534,12
6535,3
6624
6535,13
6536,5
6452
6536,10
6537
6538,9
6503
6539,4
6540,24
6541,6
6542,9
6311
6542,9
6543
6544,3
6905
6483
6544,4
6545,2
6728
6545,8
6546,14
6547,6
6548,6
6515
6548,4
6490
6548,4
6549,6
6550
6410
6550,4
6551,16
6531
6552
6457
6552,4
6553,4
6187
6553,2
6554,9
6483
6554
6599
6555,5
6556,13
6557,3
6558,18
6559,5
6477
6559,3
6485
6559,2
6560,18
6764
6560,4
6665
6561,10
6216
6561,5
6562,2
6397
6562,7
6563,6
6564,2
6465
6564,5
6565,4
6380
6565,11
6566,7
6567
6568
6633
6568,3
6357
6568
6569,12
6570,3
6571,7
6572,18
6541
6572,2
6573,2
6966
6573,4
6574,4
6575,3
6576,19
6577
6578,6
6579,3
6580,10
6581,3
6799
6581,5
6582
6583,9
6308
6583,3
6584,6
6481
6584,2
6585,13
6586,13
6945
6587,4
6588,7
6933
6588,2
6589,11
6590,8
6753
6590,5
6591
6592,3
6892
6592,8
6427
6592,7
6593,2
6665
6593,2
6594,7
6749
6594,13
6552
6595,2
6596
6597
6598,2
6332
6598,2
6513
6598,2
6249
6598,3
6600,11
6601,6
6602,9
6671
6602,4
6603,3
6604,25
6605,8
6606,10
6607,12
6615
6607,6
6608
6693
6608,7
6609,2
6781
6609,7
6610,8
6611,2
6612
7008
6612,8
6613,4
6748
6613,8
6614,21
6615,14
6616,4
6617,11
6618,9
6250
6619
6620,10
6235
6620,3
6546
6620
6621,4
6601
6870
6621,5
6622,3
7009
6622,8
6623,7
6624,4
6708
6624,14
6625,17
6626
6403
6626,6
6627,10
6246
6627,2
6517
6627,2
6628,15
6629,22
6630,12
6631,5
6632,2
6468
6642
6632,8
6348
6494
6632
6837
6632,4
6357
6632,2
6633,2
6634,9
6635
6636,6
6327
6624
6636,9
6365
6636,5
6637,2
6642
6637,2
6858
6637,2
6868
6637,3
6638,8
6639,6
6640,12
6454
6640,2
6641
6642,2
6725
6642
6922
6642,2
6850
6642,11
6643,8
6529
6644,4
6328
6644,15
6645
6801
6645,9
6757
6645,6
7004
6621
6645,9
6646,3
6647,9
6648,14
6649,5
6650,14
6651
6653,4
6654,6
6655,12
6656,4
6692
6656,16
6657,4
6758
6657,3
6658,6
6659,12
6660,4
6661,2
6072
6661,3
6662,16
6663,7
6664,3
6693
6664,11
6665,15
6859
6665,6
6337
6665,4
6666,13
6430
6666
6667,4
6668
6669,16
6670
6671,3
6806
6671,6
6672,2
6897
6672,8
6673,8
6674,6
6763
6674,3
6800
6674
6242
6674,6
6483
6674,4
6791
6674,2
6675,3
6676,20
6677,11
6559
6677,2
6678,10
6886
6627
6678
6679,22
6680,11
6681,10
6682
6683
6684,11
6521
6684,4
6685,9
6665
6685,11
6809
6685,3
7018
6685,3
6686,6
7071
6686,10
6452
6686,9
6687,4
6688,3
6689,6
6690,6
6799
6378
6690,6
6691,11
6692,14
6693,14
6694,7
6434
6694
6353
6694,6
6695,5
6696,2
6334
6696,2
6697,2
6698,12
6699,9
6700
6701,9
6881
6701,3
6702,7
6748
6702,10
6868
6702,3
6359
6702,8
6703
6704,8
6705,4
6706,8
6707,2
6708,15
6709,6
6710,3
6542
6710,4
6711,3
6712,14
6713
6714,9
6715,11
6716,8
6717,5
6718,16
6719,3
6720,15
6380
6720
6721,18
6722,5
6723,14
6548
6723,12
6724,4
7002
6725,5
6726,4
6490
6726,14
6352
6727,14
7040
6727,2
6728,5
6729
6731,3
6726
6731,9
6590
6731
6732,5
6733,9
6913
6733,7
6734,6
6735,8
6736,8
6737,6
6738,2
6381
6738,6
6739,8
7036
6740,7
6741,29
6742
7028
6742,2
6743,4
6744
6746,7
6747,6
6748,2
6762
6536
6748,18
6371
6748,5
6749,4
6417
6749,5
6733
6749,5
6750,2
6751
6930
6751,2
7064
6751,4
6752
6359
6752,5
6753,11
6754,6
6679
6754,6
6771
6754,4
6692
6754,6
6755,11
7022
6755,7
6870
6756,6
6547
6756,8
6757
6540
6757,2
7108
6757
6761
6757,3
6564
6757
6560
6757,14
6797
6758,12
6759,12
7152
6759,10
6760,15
6421
6761,7
6762,7
6437
6762,2
6763,2
6761
6763,5
6593
6763,7
6764,16
6831
6764,6
6765,8
6766
6767,4
6768,7
6674
6768
6769,10
6531
6769,20
6770
6771,2
7140
6771,14
6772,4
7185
6772,3
6422
6772
6773,3
6774,9
6775,15
6776,12
6777,5
6778,5
6779,11
6907
6868
6779,3
7004
6779,4
6652
6779,3
6780,6
6781,19
6730
6781
6782,4
6783,12
6550
6783,10
6704
6783,3
6784,4
6785,8
6786
6787,5
6788,2
6573
6788,12
6789
6790,7
6791,20
6792,8
6793
6794
6795,3
6896
6535
6795,3
6796,5
6797,5
6423
6797,4
6862
6797,6
6798,19
6799,4
7130
6799,9
6800,32
7121
6800
6801,14
6802,8
6545
6802,7
6803,6
6804,7
6805
6806,2
6425
6806,7
6807,3
6811
6807,9
6808
6809,11
6810,5
7148
6811,7
6812,6
6442
6812,3
6813,8
6814,17
6815
6816,12
6817,3
7063
6817,5
6818
6819,6
6820,8
6821,4
6822,5
6823,4
6824,4
7192
6824,4
6825,23
6826,7
6647
6826,4
6827,2
7217
6827,2
6828,15
7069
6828,2
6881
6828,8
6829,10
6762
6829,8
6745
6829,9
6830,4
6831,5
7177
6831,3
6832,7
6833,7
6834,7
6835,7
6836,8
6569
6837,9
6838
6839,2
6840,9
6841,2
6842,9
7129
6842,5
6843,21
7123
6843,7
6844,10
6845,5
6846,6
7002
6846,8
6847,14
6748
6847,5
6848,5
6849,13
6850,10
6851,3
6852
6853,5
6684
6853,8
6854,12
6496
6854,3
6855,17
6856,4
6857,2
7141
6857,6
6573
6857,16
6858,13
6859,9
6863
6859,2
6860,2
6861,3
6862,15
6863,3
6864,2
6865,2
6870
6865,2
6866,3
6867,11
7118
6867,2
6868,4
6810
6868,5
6564
6868,18
6869,15
6870,15
6871,3
6872,8
6873,8
6874,14
6875
6876,18
6731
6876
6877,6
6878,14
7234
6879,20
6880,4
6881,8
6882
6883
6884,11
6885,9
6886,5
6862
6886,10
6629
6886,2
6887,3
6888,5
7281
6888
7257
6888,3
6889,4
6890,20
6891,3
6892
6554
6892,9
6519
6892,9
6893,7
6894,3
6895
6896,5
7271
6764
6896,2
6897,2
7201
6897,8
6898,10
6779
6898
6899,5
6946
6899,4
6900,10
6659
6900
7185
6900,6
6960
6900
6901,6
6902,5
6685
6902,3
6903,7
6904
6811
6904,9
6905,23
6906
6907,6
6763
6907,7
7056
6908,14
6629
6909,12
6910,14
6911,8
6912
7032
6912,3
6913,4
6951
6913,3
6914,10
7222
6914,8
6915,6
6916,9
6917,6
6919
6920,6
6921,3
6922,10
6923,20
6924,3
6809
6924,6
6653
6924,10
6925
6530
6926
7185
6926,6
6927
6928
6929,4
6930,17
6576
6930
6621
6930,9
6931,7
7269
6931,4
6932,3
6933,18
6642
6964
6933,4
6934,8
6935,2
6936,2
6937,8
6938,6
6939,8
6940,6
7182
6940,9
6941,8
6942,8
7109
6942
6943
6944,3
7018
6944,4
6945,2
6877
6945,12
6946,10
6632
6946,7
6918
6947
6948,5
6949,13
7238
6949,4
6950,6
6951
6813
6951,2
6873
6951,2
6952,2
6953,9
6681
6954
6955,9
6956,7
6605
6956,2
6957,3
6958,7
6687
6958,4
6959,3
7319
6959,5
6960,3
7266
6960
7021
6960
6961,2
6962
6963
6964,3
6685
6964,4
6973
6965,11
6701
6966,7
6967,10
6968,6
7308
6969,20
6970,16
6971,11
6972,4
6973,15
6974,2
6975
6976,5
6977,4
7262
6977,4
6978,6
6979,10
6980,7
6878
6980,5
6981,6
6982,5
6983,12
6656
6983,5
6984
6985,19
6695
6985
6986
6987
7314
6987,4
6988,4
7276
6988,8
6989,6
6722
6989,3
6990
6991,12
6992,6
6993,6
6994,3
6995,6
6996,13
6997,10
7254
6997,2
7213
6997,3
6998,7
7075
6998,10
6999
7176
7000,16
7001,5
6604
7001,4
7002,16
7003,14
7004,15
6662
7004,11
7005,2
7006
7324
7006,3
7007,7
7008
6908
7008,19
7009
7117
7009,6
7010,13
7291
7010
7011,11
7012,8
7013,16
7014,5
7015,8
7016
7017,7
7018,8
6847
7018,2
7069
7018,12
7019,5
7020,16
7021,5
6714
7021,2
6775
7021,4
7022,5
7096
7022,10
7023,12
7024
7025,12
7026,15
7027,7
6825
7027,12
7028
6807
7028,10
7029,3
6867
7029,18
7030
7031,9
7032,12
6636
7032,7
7033,3
7002
7033
7182
7033,5
7034,7
7035,7
7036,18
7037,15
7038
6826
7038,17
7039,4
7040,19
7022
7040,22
7041,15
7042,23
7043,15
7044,7
7045,9
7046,14
7047
7048,3
7049,12
7050,9
7052,6
7053,8
7054,2
7055,9
7008
7056,2
7353
7078
7056,20
7057,3
7058,9
7059,9
7060
7061
7013
7061,8
7062
7063,18
7064,4
7065,8
7066,7
7350
7067,11
7068,16
7069,19
6784
7071,19
7072,6
7073,10
7074
7102
7074
6674
7074
6985
7074,7
7075,21
7076,4
7077,4
6748
7077,4
7078,16
7079,9
7080,10
7436
7080,9
7081
7082,14
7083,5
6800
7289
7083,6
7084
7085,3
7176
7085,3
7086,7
7087,15
7119
7087
7088,6
7451
7088,7
7089,11
7090,20
7091,2
7092,4
6997
7092,2
7093,8
7094,7
7095,5
7096,4
7097,14
7098
7099,7
7332
7100,11
6733
7100,4
7101,13
7102,3
7251
7102,9
7103,5
7104,5
7291
7104
7105,9
6965
7105,12
7106,7
7107,3
7254
7107
7007
7107,2
7303
7107,11
7108,3
7109,6
7110,8
7111,2
6716
7111,7
7120
7111,6
7112,9
7113,8
7114,16
7115,9
7116,12
7420
7117,19
7118,11
7224
7119,10
7120,5
7121,2
7334
7026
7121,8
7122,8
7445
7122,11
7123,9
7124,17
7125,9
6983
7125
7022
7125,6
7126,2
7514
7126,9
7127,2
7128,5
7129,13
7130,12
7131,3
7055
7131,10
7132,6
7133,4
7134,10
7135,6
7297
7135,9
7136,6
7137,16
7138,4
7139,8
6892
7140,7
7439
7280
7140,4
7141,11
7142
7143,3
7144
7145,2
6892
7070
6893
7145,21
7146,6
7147,3
7473
6772
7147,21
7040
7147,3
7148,9
7149
7150,2
7151,4
7519
7151,4
7152,9
7017
7152
7153,3
7371
7153,6
7154,8
7155
7156,13
7131
7156,11
7157,4
6867
7157,10
7158,16
7159,15
7160,7
7307
7160,7
7089
7160,11
7161,17
7162
7163
7164
7165
7166,10
7167,3
7348
7350
7167,5
7168,9
7169,4
7170
7171,5
7172
7173,7
7174,7
7175
7176
7322
7176,6
7177,14
7178,6
7179,6
7180,13
7181,13
7182,10
7289
7182,4
7183
7184,8
7185,2
7307
6779
7185,13
7186,9
7187
7188,6
7281
7188,6
7189,6
7190,2
7191,7
7192,3
7470
7192,14
7193
7376
7193,7
7194,2
6873
6870
7194
7337
7194,7
7195,5
7196,4
7197,4
7198,6
7213
7199
7200,16
7201,12
7202
7203,7
7263
7203,3
6909
7203,11
7204
7513
7204,5
7205,5
7245
7205,3
7206
6904
7206,2
7114
7207
7389
7207,3
7428
7207,5
6958
7207,9
7537
7207,3
7208,5
7209,6
7404
7209
7086
7209,20
7212
7210,13
6902
7210,9
7211,8
7212,9
7185
7212,3
7213,6
7265
7213,5
6936
7214,7
6968
7214
7215,5
7216,3
7217,8
7218,10
7219,14
7220,14
7221
7222,11
7223,12
7224,12
7530
7224,6
7225,2
7226
7227,3
7228,10
7341
7229,16
7230,9
7231,2
6824
7231,3
7232,6
7511
7233,15
6995
7233,6
7135
7234,11
7156
7234,8
7410
7234,6
7235,9
7236
7237
7238,9
7239,11
7240,11
7564
7241,5
6865
7241,16
7571
7242
7243,7
7337
7243,12
7244,2
7471
7245,9
7395
7245,11
7246,2
6949
7246,11
7247,3
7248,8
6996
7248,5
7249,9
7043
7250,3
7251,17
7252,11
7639
7252,6
7287
7252,6
7253,11
7254,19
7255,9
7256,8
7257,2
7258,4
7093
7258,6
7259,12
7260
7261,9
7262,6
7263,10
7264,4
7533
7264,3
6873
7264
7265,8
7266,14
7267,2
6858
7267,7
7268,7
7269,8
7278
7269,3
7270,10
7271,6
6870
7271,11
6890
7271,8
7272,7
7273,3
6874
7273,3
7274,2
7275,4
7276
6946
7276,8
7579
7277,3
7375
7277,8
7640
7277,2
7460
7277,3
7278,11
7279,4
7313
7279,4
7280,4
7281,2
6918
7281,7
7282,14
7284,19
7285,8
7286,12
7287,6
7288,10
7289
6877
7289,7
7576
7289,7
7290,12
7291,6
7292,8
7499
7292,3
7293,17
7374
7294,12
7295,13
7296,5
7297,6
7298,16
7299,6
7095
7299,7
7300,5
7648
7300,11
7301,3
7333
7301,4
7302,4
7303,13
7304,11
7558
7304,4
7305,5
7344
7305,4
7306
7307,9
7308,3
7417
7308,9
7309
6973
7309,11
7203
7309
7310
7311,7
7528
7312,5
6945
7312,3
7313,4
6995
7313,2
7314,3
6913
7314,17
7315
7316,6
7023
7316,9
7317,12
7318,15
7319,23
7320,6
7383
7320,11
7321,20
7045
7322,2
6967
7322,15
7311
7322,4
7186
7322
7323,8
7324,9
7325,9
7040
7325,6
7326,3
7283
7326,12
7327,15
7328,5
7212
7328,8
7329,9
7330
7421
7330,8
7331,2
7685
7331,7
7332,11
7171
7332,6
7295
7332
7333,4
7334,2
7320
7334,2
7335,8
7336
7337,5
7181
7337,18
7673
7337,11
7338,4
7339,11
7333
7339,13
7340,13
7341,18
7513
7341,5
7342,13
7343,15
7344,7
7345,4
7088
7345
7456
7345
7340
7345,2
7346,2
7575
7346,4
7347
7348,11
7349,4
7307
7349,6
7304
7349,7
7350,16
7351
7352,3
7353,6
7354,7
7413
7355,11
7356,5
7357,4
7358,15
7359,5
7360
7361,13
7362,8
7363,10
7364,25
7286
7365
7366,4
7367,2
7368,12
7369
7370,6
7160
7370,11
7371
7638
7371,7
7372
7373,2
7287
7373
7514
7373
7374,6
7375,5
7376,2
7214
7598
7376,3
7377,6
7551
7377,5
7378
7379,3
7380,13
7147
7381,7
7739
7381
7291
7381,4
7012
7381,4
7382
7383,5
7505
7383,2
7384,7
7426
7384,4
7385,10
7595
7385
7386,13
7387,5
7388
7389,8
7390,6
7391,5
7494
7391,4
7392,25
7393,8
7394,2
7395,11
7103
7598
7395,10
7658
7395,4
7396,7
7638
7396,5
7397
7398,11
7399,5
7400,14
7534
7400
7401,5
7402,8
7403,2
7404,5
7552
7404,8
7405,8
7406,16
7407,11
7408,16
7564
7408
7409
7410,10
7051
7410,5
7411,8
7573
7411,8
7650
7411
7412,6
7694
7413,8
7414,10
7746
7415,2
7182
7415,4
7126
7415,4
7416,14
7038
7416,7
7417,3
7044
7417,4
7209
7417,6
7418,15
7419,2
7420,10
7421,20
7422,3
7490
7422,7
7423,11
7643
7423,2
7424,3
7608
7424,5
7425,3
7137
7425,2
7716
7425,4
7426,2
7038
7426,4
7373
7426,5
7572
7426,2
7346
7426,3
7680
7426,4
7427,6
7428,11
7429
7430,9
7134
7430,3
7431,7
7432,8
7594
7433,4
7434,15
7722
7434,10
7577
7434
7428
7434,2
7435,9
7436,6
7437
7439,4
7440,5
7441
7080
7441,2
7442
7446
7442,2
7065
7442,11
7443,10
7178
7443,21
7444,5
7445,6
7446
7447,8
7448,7
7449,3
7475
7449,2
7450
7451,8
7452,15
7304
7452,2
7453
7454,10
7455,8
7456,10
7457
7458,13
7459,2
7460,4
7753
7460,2
7461,3
7462,4
7481
7462,3
7463,6
7464,3
7465,13
7466,12
7467,2
7823
7467
7154
7467,2
7730
7350
7467,9
7582
7467,3
7468,7
7470,6
7590
7470,14
7471,7
7472,12
7473,12
7474,2
7475,6
7476,7
7316
7476,4
7477,7
7077
7477,8
7478,4
7440
7478,6
7479
7245
7479,4
7480
7481,17
7482
7483,3
7282
7483,2
7268
7483,16
7484,3
7442
7484,8
7485,14
7486,6
7222
7486,4
7487,7
7136
7487,8
7570
7487,2
7488
7489,10
7490,6
7491,10
7492,3
7469
7492,5
7493,13
7152
7493,11
7095
7493,5
7494,2
7506
7494,10
7495
7496
7498,10
7499,14
7811
7499
7500,14
7501,8
7502
7503,8
7504,4
7505,9
7506,14
7253
7506,6
7340
7506,2
7507,4
7620
7507
7508
7509,15
7510,2
7511,13
7423
7220
7512,2
7513,11
7182
7513,17
7514,2
7319
7514,11
7515,9
7516,3
7421
7516,6
7442
7517,5
7518
7519,4
7899
7519,2
7829
7519,4
7671
7519,2
7903
7519,9
7520,17
7521
7723
7521,10
7522
7523,13
7524,5
7525,5
7742
7525,8
7841
7526
7669
7526,3
7193
7526
7158
7526,5
7527
7528,18
7529,16
7530,7
7531,30
7386
7531,10
7532,7
7317
7532,6
7678
7533,17
7534,4
7535,22
7536,14
7635
7536,4
7537,11
7476
7501
7537,7
7156
7537,3
7538,7
7539,5
7540,4
7594
7540,3
7541
7542,9
7167
7542,3
7543,11
7688
7543
7544,9
7545,4
7546
7547,5
7578
7547,6
7548,5
7549,11
7550
7551,17
7552,14
7192
7553,10
7554,11
7415
7554
7555,11
7556,8
7638
7556,9
7557,20
7558,5
7613
7558,2
7559,15
7842
7559,6
7560,11
7561,2
7562,8
7563,12
7679
7563,3
7564,18
7565,6
7566,7
7567,8
7568,6
7385
7568,16
7439
7568,4
7569,9
7875
7569,2
7556
7181
7477
7569,4
7570,8
7571,6
7572,7
7573,13
7574
7575,3
7686
7575,3
7576,17
7577,2
7333
7577,2
7470
7577,17
7578,12
7579,11
7580,4
7748
7580,6
7581,17
7582,10
7583,5
7584,3
7906
7584,7
7585,9
7301
7585
7586,6
7587,4
7588,7
7589,9
7840
7589,12
7590,2
7904
7590,2
7232
7590,7
7591
7592,12
7268
7592,3
7247
7593,7
7333
7593,7
7594,3
7945
7594,10
7595,2
7309
7595,12
7596,5
7435
7597,13
7598,21
7599,7
7600,11
7714
7600
7716
7600,8
7601,6
7602,2
7603,2
7500
7603,13
7604,8
7605,4
7923
7605
7606,9
7761
7606,2
7607,19
7608,8
7580
7608,11
7390
7608,3
7609,7
7804
7609
7610,9
7524
7610
7542
7610,3
7611
7771
7611,12
7612
7613,22
7614,2
7615
7616,7
7514
7617,8
7618,13
7476
7618,3
7619,15
7620,17
7621,7
7761
7621,5
7622
7623,7
7624,7
7676
7624,8
7625
7626,7
7627,5
8014
7627,7
7628
7328
7628,8
7629,13
7630,6
7740
7630,3
7631,6
7632
7899
7632,2
7633,3
7634,5
7635,3
7978
7635
7767
7635,5
7636,14
7440
7636,3
7637,5
7396
8004
7637,11
7638,17
7639,17
7640,23
7641,5
7942
7641,2
7642,6
7643
7841
7643,6
7644
7645,11
7831
7645,9
7646
7645
7724
7646,8
7647,3
7648,21
8001
7648,6
7649,14
7446
7650,8
7860
7650
7651
7652
7653
7654,13
7655,9
7656
7657,8
7658,18
7982
7659,12
7563
7659,8
7660,5
7661,3
7662,8
7663,2
7664,11
7665,5
7807
7323
7666,25
7841
7666,7
7286
7666,7
7667,2
7926
7667,8
7668,5
7607
7668,14
7537
7668,6
7669,11
7670,4
7353
7670,6
7671,7
7938
7671,8
7672,7
7674
7675
7676,6
7677,14
7678
7404
7678,22
7597
7678,2
7746
7679,20
7680
7399
7902
7680
7933
7680,12
7566
7680,5
7681,3
7682,7
7683,6
7684
7563
7684,11
7685,7
7686,25
7687,23
7688,11
7680
7688,3
7689,9
7690,16
7691,14
7332
7692
7693,9
7694,9
7695,10
7581
7695,20
7696
7697
7542
7697,10
7698,2
7577
7698,6
8060
7698,2
7699,15
7700
7701,4
7702,7
7703,8
7838
7704,34
7705,10
7706,12
7707,11
7708
7709,4
7710
7711,8
7712
7713,6
7438
7713,15
7728
7713,5
7714,4
7810
7714,11
8117
7757
7714
7715,14
7704
7715
7716,14
7717,11
7718,9
7719,12
7642
7719,12
7720,2
7729
7720,6
7721,10
7722
7772
7722,6
7723,16
7724,7
7717
7724,12
8119
7724,3
7725,2
7726,15
7727,22
8009
7727,11
7728,14
7729,2
7730,16
8113
7730,18
7731
7366
7731
7399
7731,5
7732
8001
7913
7732,3
7858
7732,3
7513
7732,2
7484
7732,3
8099
7732,3
7730
7732,3
8098
7732,3
7733,7
7734,4
7449
7734
7704
7734,4
7735,8
8014
7735,8
7736,13
7977
7736,3
7737
7738,2
7739,6
7616
7740,9
7741
7742,9
7743,8
7744,11
7745,4
7746,19
7759
7747,2
8088
7747,8
7531
7747,9
7748,13
7750,10
7751,14
7752
7753,17
7754,7
8142
7754
7755,14
7756,2
7757,7
8047
7757,8
7607
7757,7
7758,5
7797
7758,18
7759,19
7760,11
7405
7760,2
7761,9
7589
7761
7762
7763
7764,14
7551
7765
7766,5
7767,13
7768,2
7769
7770,8
7929
7770,5
7771,13
7772,10
7773,25
7774,5
7775
7776,3
7777,8
7778,7
8020
7778
7779,6
7780,6
7806
7780,2
7841
7781,10
7782,7
7783,11
7510
7783,4
7784,10
7785
7786
7787,4
8089
7787,14
7788
7987
7788,9
7944
7788
8135
7804
7788,6
7789
7790,2
7791,8
7792
7793
7856
7793
7747
7793,6
7794,7
7795,5
7511
7796,7
7797,6
7798,10
7799,8
7800,7
7801,6
7802,10
7803,16
7804,17
7426
7805,2
7806,3
7686
7806,16
7426
7806,3
7807,8
7808,6
7443
7808,8
7921
7808,2
7641
7808,6
7516
7808,4
7809,2
8016
7809,5
7810,6
7531
7810,18
7463
7810,4
7800
7810,2
7978
7810
7913
7945
7810,5
7811,2
7867
7811,8
7812,6
7813
7814,3
7815,4
7816,8
7817,7
7818
7819,12
7820,3
7821
7822
7823,6
7824,4
7825,8
7826,3
8161
7826,14
7827
7828,12
7829,18
7830
7831,7
7832
7833,9
7834,8
7835,17
7588
7835,6
7836,9
7837,3
7838,8
7839,5
7840,13
7841,11
7842,7
7961
7842
7843,5
7755
7843,7
7844
7845
7690
7845,2
7846
8002
7846,8
7847
7497
7847,4
7848
7849,17
7850,6
7851,3
7852,5
7853,6
7854,3
7505
7854,12
7855,17
7856,9
7535
7857,4
8005
7857,4
7858,6
8042
7858,21
7859,12
7860,9
8029
7860,4
7861,10
7862,11
7863,11
7864,5
7865,5
7793
7865,15
7866,6
7806
7867,6
7868,5
7869,3
7870,2
7677
7870,9
7871
7872,2
7873,3
7874,2
7875
7747
7875,7
7876,6
7877,9
7878
7879,11
7880
7881
7882,8
7883,5
7884,15
7885,3
7595
7886,5
7887,11
7888,9
7889,3
7890,7
7891,7
7900
7891,2
7892,6
7893
8044
7893,7
7894
7895
7896
7807
7896,7
7897
7898,7
7899,8
7640
7899,10
7900,4
7901,9
7902,11
7928
7984
7902,12
7926
7902
7903,5
8079
7903,7
7904,19
7905,14
7906,9
8161
7906,6
7907,11
7908,15
7909
7910,18
7911,17
7912,4
7913,11
7914,10
7915,4
7773
7915,7
7916,2
7716
7916,2
7917,4
7995
7917,6
7918,3
7899
7918,5
8018
7918,15
7919,8
7920,5
7896
7920,9
8125
7920,3
7610
7997
7920,3
7921,11
7922
7923,13
7924,5
7925
7926,15
7927,10
7804
7927,2
7928,7
8020
7928,4
7929,19
7582
7929,6
7930
7931,12
8049
7931,8
7932
7902
7933
7934,5
7935,11
7936,7
7833
7936,3
7760
7936,9
7937,3
8071
7938,7
7939,6
7940,16
7757
7940,2
7941,2
7942,21
7943,10
7944,4
7945,14
7978
7945,3
7946,11
8103
7946,4
7768
7946,10
7947,4
7948,14
8123
7948
7949,21
7950,3
7951,3
7804
7951,4
7952,2
7953,4
7669
7953
7954,20
7955
7704
7955
7870
7955,4
7956
7957
7974
7957
7563
7957,5
7958,9
7753
7958,15
7959,8
7884
7959
7960,4
7961,2
8028
7961,8
7962
7963,26
7964,4
7965,6
8161
7965,3
7966,16
7967,12
7968
7969
7970,16
7971,9
7972
7973,12
7658
7974,7
7975,9
7976
7660
7976,11
7865
7976,12
7977,16
7978,15
7979
7980,8
7981
7982,3
7983
7984,18
7985,4
7986,2
7987,8
7988,8
7989,8
7990,18
7991,5
7702
7991,5
7992,11
7603
7992,2
7993,9
8060
7994,5
7995,12
8025
7996,8
7997,6
7639
7997,2
7998,15
8033
7998
7999
8000,4
8001,14
7645
8001,2
7757
8001,4
8002,5
8003,5
8161
8003
8004,17
8005,10
8006,19
8007,2
7688
8007,3
8139
8008,4
8009,17
8097
8009,3
8010,8
8011
8012,9
8013,6
8037
8013,2
8014,7
8029
8014,9
8015,5
8016,2
7691
8016,13
7902
8016,4
8017,12
8151
8017,11
8018,12
7913
8018,8
8019,8
8020,14
8021,5
8022,7
8023
8024,4
8078
8024,6
7995
8024,4
8025,5
8127
8025,12
8026,11
8027,6
8028,9
8029,17
8030,7
8031,9
8032,4
8050
7702
8033,2
8034,3
7801
8034,3
7776
8034,3
8035,13
8036,6
8037
8038,7
8039
8040,19
8041,6
8042,11
8043
8044,10
8045,5
8046,9
8047,7
7901
8047
8048,12
8049,6
7783
8049,5
8050,15
8051,7
8052
8053,13
7917
8053,5
7876
8053,2
8054,5
8055,5
8056,13
8057,6
8058,8
8059,7
8060,12
8061,13
8062,5
7680
8062
8063,12
8064,6
8065
8066,7
7898
8066,5
8067,4
8068,3
8069,23
8070,13
8071,5
7679
8071,5
7902
8071,2
8072,5
8073,18
8074,9
8075,2
8076,15
8077,2
8078,5
8079,11
8080,13
8081,13
8082,11
8083
8084
8085,5
8086
8087,4
8088,14
8029
8088,3
8089,10
8090,9
8091,11
8092
8093,3
7705
8093,10
8094,5
8095,14
8097
8095,8
8096,9
8097,5
8098,7
8099,6
8100,3
8101,9
8102,11
8103,13
8104,3
8105
7899
8105,10
8106,2
8107,6
8108
8109,5
7919
8134
8109,4
8110,8
8111,5
8112
8113,4
7780
8113
8114,7
8115,9
8081
8115,6
8116,8
8117,10
8126
8117,5
8118,11
8119,18
8103
8119,12
8120,14
8121,2
8170
8121,5
8122,7
8123,4
8124,8
8125,13
8126,3
7851
8126,4
8127,9
8128,3
8129,12
8130,22
8131,2
8132,11
8133,14
8134,14
8135,15
8136,7
8137,3
7931
8137,12
8146
8137,2
8138
8139,23
8140,5
8141,4
8142
8133
8142
8143,6
8144
8145
8146,9
8147,4
8148,5
7882
8148,3
8149
8150,13
8151,14
7755
8151,3
8152,22
8153,6
8154,7
8069
8154,4
8155,5
8156,12
8157,7
8158,6
8159,19
8160,28
8161,34
8162,9
8163,7
8164,2
8165,4
8173
8165,6
8166,9
8167,8
7901
8167,3
8168,3
8169,8
8118
8169,3
8170,2
8156
8170,2
8171
8172,2
7978
8172,3
7749
8172,3
8173,19
7940
8174,2
8175,13
8176,21
8177,13
8178,13
8179,21
8180,2
8181
8182
8183,5
8184,17
7886
8184,5
8185,2
8187,11
8118
8187,6
8188
8189,14
8190,2
8191,4
7803
8187
8116
8025
8107
7952
7904
8187
7982
8187
8053
8060
8008
8173
8167
8173
8100
8017
8003
7565
8159
8103
8132
8071
8103
8006
7946
8048
8186
8146
8131
8175
8162
8103
8121
8119
8187
8015
8049
8127
8172
8139
8179
8191
