0,0,0
1,22,1
4,19,2
4,75,3
4,7,4
4,63,5
4,59,6
4,31,7
4,15,8
4,31,9
4,55,10
4,31,11
4,27,12
4,31,13
4,103,14
4,43,15
4,3,16
4,19,17
4,3,18
4,35,19
4,3,20
4,47,21
4,11,22
4,31,23
4,35,24
4,35,25
4,19,26
4,63,27
4,27,28
4,31,29
4,7,30
4,23,31
4,51,32
4,23,33
4,91,34
4,15,35
4,3,36
4,27,37
4,7,38
4,3,39
4,59,40
4,47,41
4,19,42
4,15,43
4,11,44
4,39,45
4,59,46
4,19,47
4,55,48
4,11,49
4,23,50
4,55,51
4,71,52
4,55,53
4,3,54
4,3,55
4,51,56
4,103,57
4,83,58
4,3,59
4,7,60
4,59,61
4,3,62
4,7,63
4,67,64
4,35,65
4,7,66
4,35,67
4,3,68
4,51,69
4,19,70
4,59,71
4,63,72
4,107,73
4,43,74
4,51,75
4,75,76
4,31,77
4,27,78
4,31,79
4,19,80
4,23,81
4,55,82
4,43,83
4,59,84
4,39,85
4,55,86
4,63,87
4,71,88
4,79,89
4,23,90
4,11,91
4,67,92
4,23,93
4,43,94
4,3,95
4,15,96
4,3,97
4,67,98
4,75,99
4,19,100
4,3,101
4,67,102
4,3,103
4,51,104
4,39,105
4,23,106
4,27,107
4,19,108
4,35,109
4,3,110
4,87,111
4,27,112
4,15,113
4,7,114
4,87,115
4,15,116
4,47,117
4,35,118
4,19,119
4,3,120
4,19,121
4,35,122
4,35,123
4,11,124
4,27,125
4,67,126
4,75,127
4,55,128
4,35,129
4,87,130
4,3,131
4,67,132
4,19,133
4,19,134
4,3,135
4,27,136
4,3,137
4,19,138
4,71,139
4,3,140
4,3,141
4,79,142
4,15,143
4,11,144
4,35,145
4,35,146
4,79,147
4,47,148
4,3,149
4,51,150
4,51,151
4,27,152
4,15,153
4,39,154
4,31,155
4,23,156
4,71,157
4,15,158
4,11,159
4,23,160
4,3,161
4,79,162
4,119,163
4,51,164
4,27,165
4,55,166
4,31,167
4,55,168
4,47,169
4,55,170
4,63,171
4,67,172
4,51,173
4,3,174
4,107,175
4,27,176
4,39,177
4,51,178
4,15,179
4,35,180
4,39,181
4,11,182
4,15,183
4,19,184
4,55,185
4,47,186
4,31,187
4,39,188
4,3,189
4,35,190
4,3,191
4,59,192
4,3,193
4,3,194
4,107,195
4,3,196
4,51,197
4,11,198
4,3,199
4,23,200
4,11,201
4,27,202
4,11,203
4,43,204
4,19,205
4,47,206
4,31,207
4,19,208
4,83,209
4,59,210
4,35,211
4,79,212
4,71,213
4,75,214
4,67,215
4,23,216
4,15,217
4,7,218
4,67,219
4,95,220
4,59,221
4,3,222
4,3,223
4,19,224
4,15,225
4,75,226
4,3,227
4,39,228
4,63,229
4,59,230
4,27,231
4,23,232
4,91,233
4,43,234
4,23,235
4,79,236
4,11,237
4,15,238
4,3,239
4,55,240
4,87,241
4,15,242
4,35,243
4,39,244
4,103,245
4,3,246
4,31,247
4,59,248
4,67,249
4,43,250
4,35,251
4,83,252
4,31,253
4,55,254
4,3,255
9655,22,1
5,3,1
4,80,2
4,67,3
4,3,4
4,35,5
4,47,6
4,23,7
4,11,8
4,11,9
4,51,10
4,63,11
4,51,12
4,35,13
4,59,14
4,67,15
4,31,16
4,11,17
4,3,18
4,67,19
4,47,20
4,31,21
4,39,22
4,55,23
4,31,24
4,55,25
4,67,26
4,75,27
4,3,28
4,39,29
4,35,30
4,3,31
4,47,32
4,3,33
4,35,34
4,15,35
4,31,36
4,3,37
4,7,38
4,11,39
4,11,40
4,75,41
4,11,42
4,15,43
4,43,44
4,107,45
4,31,46
4,127,47
4,3,48
4,107,49
4,3,50
4,15,51
4,3,52
4,59,53
4,3,54
4,35,55
4,15,56
4,7,57
4,3,58
4,131,59
4,67,60
4,31,61
4,31,62
4,51,63
4,3,64
4,59,65
4,35,66
4,15,67
4,107,68
4,51,69
4,39,70
4,95,71
4,27,72
4,79,73
4,39,74
4,59,75
4,51,76
4,3,77
4,91,78
4,31,79
4,67,80
4,79,81
4,31,82
4,51,83
4,3,84
4,3,85
4,75,86
4,39,87
4,3,88
4,3,89
4,31,90
4,67,91
4,35,92
4,83,93
4,3,94
4,3,95
4,15,96
4,55,97
4,31,98
4,23,99
4,59,100
4,35,101
4,3,102
4,47,103
4,83,104
4,139,105
4,107,106
4,35,107
4,15,108
4,23,109
4,15,110
4,39,111
4,3,112
4,3,113
4,3,114
4,51,115
4,11,116
4,39,117
4,31,118
4,31,119
4,11,120
4,47,121
4,127,122
4,3,123
4,27,124
4,43,125
4,27,126
4,79,127
4,43,128
4,23,129
4,23,130
4,43,131
4,43,132
4,3,133
4,11,134
4,47,135
4,3,136
4,79,137
4,3,138
4,7,139
4,35,140
4,39,141
4,55,142
4,3,143
4,59,144
4,3,145
4,23,146
4,79,147
4,59,148
4,23,149
4,95,150
4,87,151
4,31,152
4,7,153
4,103,154
4,47,155
4,63,156
4,51,157
4,51,158
4,3,159
4,3,160
4,67,161
4,127,162
4,55,163
4,55,164
4,63,165
4,3,166
4,75,167
4,51,168
4,3,169
4,59,170
4,23,171
4,23,172
4,3,173
4,87,174
4,23,175
4,31,176
4,3,177
4,19,178
4,67,179
4,23,180
4,27,181
4,95,182
4,7,183
4,27,184
4,55,185
4,107,186
4,3,187
4,51,188
4,79,189
4,35,190
4,11,191
4,23,192
4,35,193
4,31,194
4,71,195
4,51,196
4,3,197
4,3,198
4,31,199
4,15,200
4,3,201
4,79,202
4,43,203
4,43,204
4,7,205
4,3,206
4,79,207
4,59,208
4,35,209
4,43,210
4,19,211
4,43,212
4,75,213
4,3,214
4,35,215
4,3,216
4,71,217
4,23,218
4,67,219
4,11,220
4,59,221
4,59,222
4,11,223
4,3,224
4,31,225
4,35,226
4,3,227
4,27,228
4,19,229
4,67,230
4,59,231
4,23,232
4,3,233
4,55,234
4,79,235
4,91,236
4,27,237
4,99,238
4,51,239
4,35,240
4,79,241
4,47,242
4,7,243
4,87,244
4,43,245
4,27,246
4,43,247
4,75,248
4,15,249
4,3,250
4,59,251
4,23,252
4,3,253
4,35,254
4,27,255
4,82,2
19919,24,1
4,43,2
4,59,3
4,31,4
4,27,5
4,31,6
4,7,7
4,83,8
4,19,9
4,11,10
4,59,11
4,55,12
4,55,13
4,63,14
4,59,15
4,3,16
4,27,17
4,27,18
4,35,19
4,47,20
4,67,21
4,3,22
4,67,23
4,3,24
4,15,25
4,63,26
4,7,27
4,19,28
4,15,29
4,3,30
4,59,31
4,23,32
4,3,33
4,35,34
4,7,35
4,63,36
4,43,37
4,23,38
4,63,39
4,11,40
4,35,41
4,3,42
4,19,43
4,39,44
4,55,45
4,51,46
4,91,47
4,15,48
4,3,49
4,71,50
4,63,51
4,3,52
4,51,53
4,47,54
4,91,55
4,51,56
4,95,57
4,47,58
4,43,59
4,27,60
4,27,61
4,59,62
4,15,63
4,23,64
4,75,65
4,11,66
4,35,67
4,11,68
4,23,69
4,3,70
4,51,71
4,43,72
4,3,73
4,39,74
4,27,75
4,39,76
4,87,77
4,19,78
4,31,79
4,51,80
4,27,81
4,7,82
4,67,83
4,59,84
4,35,85
4,39,86
4,63,87
4,31,88
4,55,89
4,39,90
4,91,91
4,23,92
4,39,93
4,31,94
4,35,95
4,11,96
4,3,97
4,23,98
4,39,99
4,47,100
4,59,101
4,95,102
4,63,103
4,55,104
4,23,105
4,63,106
4,47,107
4,67,108
4,23,109
4,27,110
4,71,111
4,47,112
4,75,113
4,103,114
4,31,115
4,27,116
4,3,117
4,67,118
4,51,119
4,107,120
4,3,121
4,19,122
4,47,123
4,31,124
4,59,125
4,3,126
4,19,127
4,59,128
4,91,129
4,63,130
4,111,131
4,27,132
4,55,133
4,3,134
4,15,135
4,47,136
4,83,137
4,51,138
4,75,139
4,63,140
4,7,141
4,43,142
4,3,143
4,3,144
4,3,145
4,3,146
4,59,147
4,3,148
4,123,149
4,23,150
4,11,151
4,35,152
4,31,153
4,95,154
4,107,155
4,27,156
4,7,157
4,3,158
4,23,159
4,35,160
4,3,161
4,67,162
4,35,163
4,71,164
4,31,165
4,15,166
4,3,167
4,43,168
4,11,169
4,27,170
4,51,171
4,51,172
4,39,173
4,35,174
4,3,175
4,91,176
4,3,177
4,55,178
4,3,179
4,71,180
4,3,181
4,51,182
4,3,183
4,55,184
4,3,185
4,23,186
4,63,187
4,59,188
4,35,189
4,67,190
4,23,191
4,87,192
4,35,193
4,19,194
4,3,195
4,39,196
4,59,197
4,27,198
4,31,199
4,3,200
4,135,201
4,83,202
4,79,203
4,47,204
4,23,205
4,55,206
4,3,207
4,27,208
4,23,209
4,23,210
4,15,211
4,43,212
4,51,213
4,67,214
4,27,215
4,63,216
4,7,217
4,79,218
4,79,219
4,3,220
4,39,221
4,31,222
4,47,223
4,11,224
4,19,225
4,47,226
4,91,227
4,55,228
4,47,229
4,79,230
4,23,231
4,55,232
4,43,233
4,31,234
4,47,235
4,79,236
4,87,237
4,83,238
4,3,239
4,19,240
4,3,241
4,91,242
4,107,243
4,39,244
4,63,245
4,59,246
4,3,247
4,35,248
4,35,249
4,31,250
4,31,251
4,63,252
4,3,253
4,43,254
4,43,255
4,54,3
30479,4,1
4,31,2
4,31,3
4,39,4
4,87,5
4,83,6
4,43,7
4,31,8
4,3,9
4,31,10
4,83,11
4,63,12
4,35,13
4,35,14
4,15,15
4,55,16
4,75,17
4,27,18
4,47,19
4,55,20
4,91,21
4,23,22
4,23,23
4,23,24
4,59,25
4,31,26
4,107,27
4,35,28
4,11,29
4,59,30
4,79,31
4,47,32
4,11,33
4,35,34
4,35,35
4,71,36
4,23,37
4,75,38
4,39,39
4,15,40
4,39,41
4,31,42
4,39,43
4,3,44
4,55,45
4,23,46
4,31,47
4,11,48
4,71,49
4,3,50
4,48,0
