0,0,0
1,6,1
4,7,0
1,7,4
4,3,5
24,11,2
32,11,1
52,15,1
24,19,2
4,3,3
76,11,0
20,7,0
44,15,0
72,15,1
48,7,1
128,7,3
24,19,1
152,15,4
4,3,13
12,7,2
16,7,2
4,15,1
76,7,9
32,7,4
4,15,1
20,19,24
8,7,18
276,15,4
212,11,4
124,7,4
4,3,10
16,11,7
40,19,4
132,7,4
4,7,7
4,3,22
176,11,7
96,7,5
4,7,2
112,11,7
164,11,9
36,11,12
16,11,9
68,11,7
60,11,6
48,11,4
40,7,1
268,11,18
4,3,15
8,7,4
24,7,9
4,3,21
4,3,16
88,11,9
68,7,10
4,7,5
8,7,27
300,7,10
4,7,11
8,7,12
28,7,12
44,7,13
4,11,14
4,3,25
256,7,24
128,7,15
116,7,19
136,11,15
4,3,28
36,7,25
16,7,9
8,7,4
8,7,17
4,3,23
192,7,18
4,3,8
428,11,27
20,7,12
4,3,32
20,7,25
20,7,22
112,7,21
16,7,21
4,11,16
92,7,23
20,11,9
136,7,5
16,7,22
4,7,28
24,7,22
4,3,37
4,3,33
32,11,10
132,7,22
4,7,23
48,7,23
28,7,24
144,7,32
12,7,28
40,7,32
16,7,21
8,7,24
44,15,33
12,7,27
8,7,25
176,7,26
204,7,31
28,7,28
8,7,27
136,11,27
168,7,32
16,7,33
40,7,28
4,3,30
28,7,28
68,7,22
80,7,26
100,7,24
24,7,34
64,7,27
32,7,28
4,3,29
36,7,28
40,7,30
232,7,31
12,7,31
80,7,31
32,7,37
24,11,31
200,11,44
16,7,32
40,7,32
16,7,33
12,7,32
40,7,20
128,7,33
20,7,43
8,7,37
68,7,21
168,7,33
4,3,39
68,7,44
20,7,42
24,7,33
4,3,40
80,7,33
64,11,37
92,7,34
132,7,39
28,7,51
72,7,37
492,11,35
20,7,43
208,7,44
96,7,43
12,7,28
4,3,41
4,3,38
16,7,43
4,7,51
88,7,43
92,7,39
4,11,41
24,7,38
104,7,41
4,7,44
92,7,41
8,7,42
4,11,43
136,7,52
16,7,38
28,11,35
120,11,43
136,11,42
16,11,37
8,7,51
104,11,39
4,3,49
16,7,44
4,7,50
8,7,56
20,11,36
44,7,45
68,15,38
16,15,41
104,11,44
100,7,44
4,11,52
68,7,45
4,3,58
56,7,51
16,7,39
4,3,48
176,7,48
152,7,45
84,7,45
4,3,55
20,7,43
76,7,55
4,3,54
4,3,47
48,7,50
100,11,44
204,11,50
64,7,51
8,7,49
12,7,50
60,7,56
84,7,50
96,11,57
160,7,57
100,7,58
52,7,52
4,7,57
248,11,52
8,7,57
12,11,51
56,7,44
292,7,57
20,7,49
300,11,46
64,15,51
96,11,60
224,7,52
4,11,47
192,7,53
152,11,52
8,7,54
200,7,59
20,11,58
28,15,54
84,7,57
8,7,50
8,7,56
60,11,55
16,11,56
4,7,57
44,7,54
12,7,57
176,11,57
8,7,60
4,3,62
32,15,57
108,11,58
76,11,60
324,11,57
16,7,44
40,7,66
4,7,57
4,3,64
376,11,58
4,23,75
12,11,57
8,7,59
8,11,73
8,7,59
104,7,51
12,7,63
240,11,55
12,7,62
8,7,65
8,11,56
500,15,59
4,7,57
48,11,56
48,11,60
4,7,58
84,11,54
4,3,70
24,7,61
4,7,51
4,3,67
8,7,64
40,7,69
4,3,68
4,3,71
8,7,62
4,15,64
8,7,58
4,7,72
20,7,85
8,7,64
56,7,64
4,3,74
128,7,64
340,11,65
96,11,66
184,7,60
32,11,66
28,11,75
8,7,67
8,7,62
76,11,67
76,7,75
216,7,59
188,7,74
96,7,74
8,7,75
8,7,68
4,11,74
4,7,60
32,7,60
24,7,69
12,7,67
348,7,68
12,7,59
144,15,69
320,7,76
20,7,67
132,7,70
164,7,71
24,7,74
4,3,78
4,7,73
188,7,73
40,7,73
4,7,76
40,7,76
8,7,79
216,11,64
20,7,77
8,7,65
60,7,74
60,7,74
132,11,74
8,7,57
20,7,72
4,3,82
4,3,81
160,7,75
92,7,76
204,11,75
440,7,67
4,3,88
76,11,83
44,7,75
8,11,75
32,11,85
12,7,79
84,11,75
68,7,78
140,7,66
36,19,74
284,7,77
40,7,88
160,7,79
4,7,74
116,11,83
40,7,79
4,3,96
64,7,89
16,7,92
92,15,85
4,3,87
16,11,92
8,7,82
4,3,80
4,7,76
108,7,96
8,7,82
480,7,92
16,7,81
124,7,82
240,15,95
36,7,82
4,19,83
104,7,93
12,7,83
52,7,98
4,3,84
208,7,86
232,7,98
8,7,88
292,11,85
4,3,90
4,3,91
40,7,89
68,7,98
4,3,101
120,7,95
108,7,92
12,7,81
8,7,83
36,7,89
128,7,92
16,7,98
16,7,93
236,7,100
28,7,102
24,11,98
184,11,89
84,7,92
20,7,89
4,3,97
28,7,95
8,11,99
136,7,93
64,7,99
28,11,94
124,7,95
4,7,86
220,7,99
4,3,110
48,7,95
4,7,101
8,7,96
4,11,108
28,11,96
144,7,97
4,7,83
144,11,97
168,7,99
48,7,88
4,3,103
24,7,100
8,7,95
12,7,98
12,7,98
4,7,100
12,11,97
144,11,98
8,7,105
36,11,101
224,11,99
196,7,95
32,7,95
132,7,100
72,7,109
12,7,113
8,7,83
8,7,105
72,7,101
408,11,101
228,11,102
44,7,109
48,7,99
32,11,100
32,7,101
224,7,100
16,7,98
116,7,108
16,7,105
16,7,102
100,11,103
4,7,108
84,7,103
100,7,114
72,7,112
104,11,122
52,11,100
16,7,104
4,3,129
20,7,101
100,7,105
32,7,103
72,7,106
4,3,111
4,3,107
4,11,108
296,7,112
268,7,108
56,7,103
4,3,117
76,7,107
124,11,108
40,7,126
132,7,109
16,7,102
12,7,109
16,7,109
4,3,119
92,7,110
4,3,135
8,7,113
8,7,105
140,7,113
8,7,111
132,7,98
28,7,121
4,3,116
32,11,103
20,7,114
8,11,113
52,7,120
16,7,109
4,3,115
12,7,128
8,7,115
80,7,118
16,11,115
12,23,120
180,7,121
252,7,117
4,7,122
64,7,126
8,7,109
156,7,119
272,7,120
112,7,117
72,11,112
332,11,111
4,7,116
172,11,120
4,7,121
28,7,118
24,7,130
24,7,129
32,11,121
4,3,131
8,7,119
20,11,123
172,11,116
116,7,123
68,7,124
28,7,127
20,7,127
100,7,120
104,7,114
24,7,118
48,7,110
16,7,120
108,7,131
108,7,122
8,7,130
84,7,127
4,11,138
4,3,134
12,7,136
4,3,133
4,3,132
72,7,139
276,7,128
4,7,130
40,7,117
8,7,130
40,7,129
12,7,109
40,11,130
12,7,129
16,11,139
8,7,135
120,7,128
28,11,137
16,15,118
36,7,121
8,7,135
128,11,120
76,7,131
188,7,131
228,7,131
360,11,138
44,7,139
16,7,136
8,7,132
4,11,138
4,3,125
120,7,132
252,7,133
52,7,127
12,7,128
100,7,130
8,7,132
4,3,141
12,7,138
4,7,133
160,11,131
28,7,133
232,11,135
4,7,124
168,7,132
144,7,136
48,7,130
4,3,142
16,7,134
640,7,136
4,11,138
44,11,141
300,7,133
108,11,137
36,7,130
148,11,143
12,23,138
224,7,139
4,7,138
72,11,136
20,7,142
8,7,140
4,3,144
64,11,140
168,11,148
20,7,142
4,3,146
4,3,150
108,11,135
24,7,138
76,11,133
100,7,142
4,3,151
56,11,143
12,7,134
8,7,142
4,3,147
4,7,131
20,11,138
12,11,137
80,7,143
4,19,149
16,15,140
256,15,147
28,11,141
84,11,143
8,11,143
56,11,143
4,7,145
184,7,145
448,7,145
36,7,147
4,7,145
4,7,146
4,15,143
8,7,163
312,11,143
4,3,154
4,3,157
116,11,147
96,7,154
16,7,148
136,11,142
172,7,147
4,11,158
36,7,147
128,11,146
20,7,153
372,7,148
12,15,148
424,7,148
52,7,148
304,7,142
24,7,149
4,23,152
8,7,151
40,7,158
8,7,150
184,11,147
236,11,143
200,7,148
28,7,138
8,7,158
76,7,148
48,7,152
20,7,145
32,7,151
112,11,155
28,7,158
236,11,151
12,7,151
64,11,154
20,11,153
56,7,153
4,7,154
4,7,149
32,7,160
16,7,153
380,7,149
40,11,160
76,11,145
60,11,151
4,3,165
24,7,153
40,11,164
108,7,151
8,7,154
32,7,158
16,7,164
288,7,165
108,7,158
8,7,157
12,7,165
220,11,152
116,7,161
20,11,162
256,15,158
376,11,158
4,11,163
40,23,159
4,7,154
8,11,160
4,7,158
8,7,156
20,11,161
148,7,161
16,7,149
92,7,163
4,11,150
116,11,167
4,11,164
56,7,164
60,7,164
4,23,160
8,7,167
4,3,168
260,11,165
4,15,158
140,11,165
48,7,163
12,7,166
508,7,171
4,3,173
28,7,173
224,7,167
44,11,173
16,11,171
120,11,165
4,7,164
368,11,168
88,7,173
4,7,175
20,7,168
24,7,170
4,3,176
20,11,163
4,3,169
4,7,165
52,7,165
104,7,171
148,11,171
96,7,174
136,11,158
124,7,173
4,15,171
212,11,173
4,11,163
124,7,174
108,11,181
36,15,158
12,11,176
4,3,178
44,11,176
4,3,191
12,7,172
100,11,176
8,7,182
92,7,178
8,7,174
228,7,173
12,7,179
272,7,174
84,7,182
44,7,173
28,7,183
76,7,176
16,7,176
4,11,168
8,7,171
244,7,176
64,15,176
4,3,177
136,11,185
28,7,176
76,7,180
4,7,184
16,7,179
4,11,176
264,7,174
32,7,180
16,7,185
8,7,181
88,11,182
4,7,179
48,11,185
20,7,184
36,15,185
28,11,182
48,7,182
4,3,187
24,7,188
16,7,176
16,7,174
260,7,177
20,11,186
128,7,183
380,7,183
36,19,183
4,11,182
16,15,184
264,7,191
16,11,184
4,11,201
8,7,176
4,3,200
32,19,184
56,7,200
12,7,191
212,11,185
220,11,186
4,3,195
136,15,185
196,11,188
12,7,194
12,7,186
36,15,185
44,11,186
4,11,178
12,11,185
12,11,184
112,7,186
148,7,195
92,7,186
4,11,194
28,7,187
372,15,188
148,11,191
20,11,188
20,11,186
100,7,188
4,3,189
4,3,190
44,11,187
12,7,191
104,11,199
20,15,191
304,15,191
28,11,192
4,3,193
72,7,194
24,7,201
288,11,191
12,7,195
212,11,201
4,7,176
396,7,194
48,11,194
44,7,195
4,7,201
4,3,196
172,7,199
24,11,197
36,15,195
20,7,196
4,7,186
12,11,191
8,7,201
72,7,201
44,7,186
4,3,198
4,7,202
96,7,202
8,7,200
4,7,205
4,3,206
12,7,199
32,7,200
4,7,207
72,7,203
84,7,200
48,7,200
228,11,204
12,19,196
48,11,188
68,7,201
8,11,201
76,11,201
228,11,201
12,15,201
144,7,205
12,11,202
4,11,216
116,7,198
36,7,202
16,7,204
48,7,206
20,11,201
200,7,208
24,7,204
4,7,207
64,7,204
4,11,205
104,15,201
4,3,213
180,7,219
12,7,196
52,15,204
4,7,203
12,11,208
248,11,202
120,15,204
4,15,201
140,7,205
4,19,204
4,3,215
64,7,206
24,11,207
4,3,218
8,7,207
4,7,216
48,7,214
16,7,202
232,11,207
4,7,208
4,7,214
72,7,217
156,11,212
224,7,213
116,7,217
84,7,215
20,7,214
60,11,214
272,7,204
420,11,214
124,11,214
4,19,209
52,7,217
128,11,216
12,7,220
56,7,221
268,11,217
28,7,215
164,7,223
32,7,217
20,7,204
4,7,217
72,7,216
4,3,211
180,11,216
112,7,216
4,7,223
192,7,221
20,11,206
64,7,217
4,3,228
160,11,221
48,7,217
60,11,218
4,7,226
4,3,210
12,7,222
52,7,218
196,7,219
4,15,220
88,7,226
12,7,220
84,7,220
4,7,221
8,11,221
104,7,220
12,7,215
4,3,241
28,11,221
4,11,214
8,7,218
68,15,222
4,3,232
60,7,219
16,7,220
196,11,223
4,3,234
28,7,228
4,7,224
4,3,240
12,7,221
16,7,224
4,7,231
100,7,216
4,3,233
292,11,226
4,7,221
224,11,240
4,3,227
52,7,221
12,7,205
4,3,239
4,3,235
60,11,228
148,7,235
12,7,223
4,7,228
4,3,229
180,7,228
4,11,235
4,7,230
16,7,238
100,7,224
16,11,228
420,11,223
32,7,228
8,7,235
8,11,223
8,7,221
264,7,228
88,7,230
200,11,229
20,11,230
388,7,223
36,11,230
80,7,231
24,7,225
12,7,245
28,11,217
44,7,227
4,3,237
12,7,240
28,7,233
4,7,227
4,3,236
20,7,234
32,11,234
52,7,235
4,7,236
12,11,242
36,7,241
344,11,230
36,7,236
4,7,223
64,7,233
16,7,237
4,3,252
44,7,237
544,7,230
32,7,237
328,7,237
4,15,239
104,7,237
4,7,238
4,7,239
168,7,235
140,7,248
4,3,250
24,7,247
28,7,240
4,7,237
20,7,235
16,11,241
340,11,241
4,3,253
24,7,253
172,7,241
252,11,237
8,7,247
48,11,241
112,7,242
4,11,236
156,7,252
4,7,254
8,7,240
36,11,235
4,3,243
4,7,237
20,7,243
4,3,244
4,3,251
20,7,244
288,11,243
464,7,245
4,3,249
80,7,246
72,7,252
148,7,252
228,11,249
52,7,249
4,11,251
104,7,249
4,18,1
9224,4,250
248,7,250
44,7,240
76,7,251
76,7,251
40,7,251
4,11,245
36,7,243
16,7,252
36,6,1
8896,4,252
8,3,1
8,7,5
8,3,255
4,7,252
4,19,251
124,7,252
76,6,1
9412,4,244
8,7,254
168,7,254
4,7,247
8,6,1
9460,4,247
60,7,254
12,7,255
12,7,255
4,6,1
37,4,253
124,11,255
56,7,255
176,11,7
4,6,0
40,3,1
28,4,253
436,11,254
9859,15,254
64,10,1
20,4,2
4,3,6
4,10,0
96,8,251
32,7,1
4,14,0
156,7,1
16,4,5
336,7,252
8,3,13
184,11,254
88,7,2
4,7,7
264,6,1
8,4,2
108,7,2
316,10,1
28,4,2
8,7,3
48,11,3
4,3,11
40,7,255
36,7,9
24,7,18
8,7,8
80,7,3
64,14,0
48,4,3
4,3,4
4,10,0
152,7,0
116,4,4
368,6,1
28,4,5
4,7,4
8,7,0
84,7,5
4,3,14
72,7,6
104,11,6
4,3,12
20,11,5
136,7,2
4,3,22
28,6,0
108,4,9
204,11,2
424,10,1
44,4,3
308,6,1
64,8,9
144,7,8
4,7,16
296,10,1
16,4,12
24,11,8
92,7,15
4,7,9
4,11,2
8,7,11
88,7,19
12,7,11
180,11,7
28,7,26
4,3,17
332,7,8
32,7,10
8,7,12
164,7,17
208,7,252
56,7,13
132,7,12
4,7,13
244,7,13
72,7,22
88,7,18
156,7,22
116,7,15
4,7,8
4,7,15
72,7,16
16,7,19
16,11,16
120,7,16
4,3,28
188,7,17
4,7,24
12,11,17
4,3,21
164,10,1
9248,3,1
44,4,22
24,11,31
8,7,25
28,7,23
156,7,21
12,7,27
124,11,19
16,7,25
196,11,20
64,7,33
12,7,24
8,7,16
8,7,27
4,7,20
84,7,20
8,7,13
136,7,17
12,7,12
208,11,13
72,7,27
292,11,31
128,7,22
336,11,15
64,7,20
148,7,23
4,7,24
16,7,25
4,3,29
176,11,26
4,7,30
392,11,26
36,7,35
392,7,27
20,7,24
32,11,20
332,11,29
164,7,18
220,11,23
8,7,33
28,7,26
12,7,22
48,7,23
116,7,50
52,11,33
4,7,24
332,11,29
32,11,27
120,7,30
4,3,34
16,7,28
4,11,29
56,7,31
4,7,33
8,7,24
24,7,22
40,7,23
44,7,31
252,11,27
20,7,29
68,11,29
60,7,28
4,3,36
308,7,30
28,7,27
276,11,30
4,7,35
24,7,31
48,7,31
4,15,36
76,7,31
4,15,18
8,7,37
260,11,33
16,11,28
24,15,33
4,11,29
4,3,39
124,7,33
4,7,35
60,7,29
40,15,35
4,7,42
32,7,35
4,7,36
4,11,39
12,11,33
28,15,36
216,11,39
4,3,47
48,11,31
68,19,37
48,15,36
20,7,27
20,7,40
4,3,43
52,11,37
4,11,44
276,11,32
4,3,38
4,3,41
176,7,44
92,11,43
28,7,37
4,3,46
20,7,38
44,7,40
88,11,43
60,7,39
4,7,43
224,7,39
156,11,35
284,7,38
8,7,39
4,3,45
64,7,39
112,11,35
132,7,39
4,7,42
12,11,39
36,7,37
128,7,40
44,7,47
148,7,43
384,11,42
28,7,42
4,7,43
112,7,54
280,11,37
12,7,44
92,11,43
4,19,46
36,7,44
104,7,42
56,11,36
32,7,46
4,3,53
144,11,44
4,3,51
4,7,45
136,11,47
20,7,46
192,7,46
4,7,50
84,7,47
4,3,58
20,7,43
32,11,51
4,7,47
16,7,47
192,7,47
4,3,48
216,7,54
352,7,47
4,11,54
4,7,47
296,11,47
284,11,51
124,7,46
20,7,45
16,7,40
12,7,44
112,11,51
228,7,47
12,7,54
144,11,51
4,11,66
248,11,51
160,7,52
48,7,56
72,15,60
164,11,60
12,11,54
20,11,47
112,11,54
4,7,55
8,11,55
116,7,55
20,7,53
12,7,53
8,7,56
4,7,47
4,3,67
84,7,68
32,7,62
4,3,63
244,7,55
12,7,62
52,11,69
8,7,62
408,7,56
204,7,57
16,11,68
40,7,53
24,7,57
20,7,58
4,7,60
8,7,68
4,3,73
4,3,59
4,7,60
8,7,52
236,11,60
12,11,62
20,11,68
12,11,74
8,7,57
88,11,56
48,7,78
92,11,63
240,7,74
232,11,69
48,7,63
4,3,65
312,7,54
32,7,71
428,7,60
56,7,68
48,7,66
12,7,78
8,7,55
84,7,66
256,11,74
4,3,75
12,7,68
4,7,64
64,7,60
248,7,60
4,3,61
88,11,59
12,11,73
96,7,69
80,11,84
60,11,69
4,7,72
16,7,74
264,11,82
60,7,82
52,7,73
4,3,79
40,15,74
4,7,69
200,11,74
320,7,62
32,11,77
8,7,78
8,11,66
48,11,74
4,7,68
84,15,77
4,3,76
48,7,75
100,11,75
4,11,78
36,7,76
52,7,49
20,7,84
20,11,74
16,7,84
84,7,77
344,11,88
48,7,81
8,15,82
8,7,83
176,11,79
4,3,70
8,7,76
36,7,79
8,11,76
100,7,80
4,7,97
24,7,80
4,3,87
92,7,73
48,7,82
56,11,80
164,11,87
4,3,85
24,7,84
4,11,93
24,7,84
36,11,84
4,11,87
16,15,84
4,3,90
24,7,86
16,7,83
8,7,91
64,7,93
8,7,85
4,11,81
280,7,90
16,7,89
160,7,85
60,7,82
48,15,84
4,3,98
92,11,85
116,7,79
68,7,83
16,7,88
64,11,80
240,15,87
104,7,95
12,7,82
244,11,90
28,7,88
4,7,93
12,11,88
92,11,85
44,11,87
112,15,85
28,7,90
32,7,96
44,15,93
4,3,92
8,7,95
28,7,93
56,7,96
16,7,98
8,7,104
76,11,91
24,7,103
64,7,92
12,11,96
20,11,95
80,7,93
4,11,90
16,23,97
144,11,97
192,7,94
12,7,95
4,7,88
188,7,89
16,11,96
12,7,97
76,11,95
4,7,102
172,7,96
4,19,99
276,11,96
4,15,110
8,7,101
88,7,97
20,7,87
24,7,97
4,7,98
8,7,107
8,7,104
4,3,106
24,7,101
132,7,109
4,3,116
152,7,98
40,7,103
40,7,97
36,7,92
28,7,104
8,7,108
4,3,111
12,7,100
96,7,109
84,7,101
16,7,101
72,7,98
12,7,109
64,7,101
84,7,111
4,3,113
260,7,102
4,7,97
4,3,105
204,7,102
8,7,104
140,7,103
132,11,103
8,7,104
68,7,101
156,11,105
128,7,104
264,11,105
4,11,114
8,7,106
4,7,116
8,7,104
148,7,106
4,7,113
72,7,107
4,7,94
8,7,98
8,7,114
16,11,103
12,11,116
184,7,117
36,11,108
256,7,109
144,7,109
96,7,109
108,7,109
148,7,98
60,7,110
68,11,106
12,7,113
16,7,110
88,7,118
176,7,111
12,7,109
4,3,112
176,11,97
44,7,118
148,7,116
68,15,124
72,7,113
172,11,106
8,7,114
4,15,113
400,7,114
164,7,106
88,7,114
4,3,119
8,7,125
48,11,115
132,7,115
4,7,114
132,11,116
4,7,108
16,15,113
240,11,119
160,11,126
108,7,124
4,7,117
44,7,111
24,7,117
4,11,123
276,11,119
28,15,117
48,7,125
28,7,116
80,7,116
96,11,118
12,11,119
104,7,125
232,11,124
8,7,119
56,7,119
116,7,117
4,3,132
36,11,117
56,7,131
256,7,120
24,7,121
24,7,123
4,7,110
4,3,128
12,7,124
4,7,120
12,11,131
168,11,131
88,7,124
68,7,124
8,7,132
152,11,124
80,7,124
200,7,108
12,7,123
152,11,124
16,7,131
348,7,120
60,11,124
96,15,128
4,3,122
284,15,120
36,15,116
12,11,119
56,11,125
104,7,128
12,7,125
116,7,124
4,3,135
20,11,126
4,7,128
204,7,132
4,3,130
156,19,126
4,3,136
60,7,128
4,7,130
4,15,119
84,7,130
4,3,127
4,3,142
16,11,125
60,7,130
4,11,117
8,7,132
92,7,131
132,11,125
16,7,131
4,11,125
40,7,132
148,7,132
16,7,140
4,3,143
96,7,119
44,7,128
32,7,135
8,7,126
108,11,137
4,7,132
104,11,132
4,3,133
468,11,133
140,11,132
204,7,133
4,3,141
60,7,138
4,7,133
92,7,133
4,3,147
56,11,131
12,7,135
120,11,146
16,7,139
8,7,131
80,7,134
16,7,135
204,7,131
16,11,130
8,7,136
60,11,132
4,3,129
24,11,140
140,7,139
100,7,133
20,7,136
292,11,136
168,7,132
24,19,136
132,7,143
12,7,139
80,11,136
4,3,145
244,7,145
4,7,132
324,11,145
268,11,140
12,11,138
68,11,138
152,7,145
100,7,145
88,7,138
108,15,135
24,7,137
76,7,139
44,7,139
348,7,136
12,7,140
4,11,138
12,11,133
36,7,141
4,3,148
20,7,141
4,7,140
8,7,146
92,11,141
4,7,139
4,3,152
28,7,136
264,11,143
504,7,143
592,7,149
36,7,143
4,11,160
280,11,145
4,7,142
12,11,139
188,15,145
108,7,138
4,7,141
84,7,146
4,7,141
36,7,146
4,3,156
60,7,147
60,7,160
64,11,147
4,23,152
40,7,148
4,3,155
48,7,148
4,7,143
72,7,155
96,7,160
48,7,149
4,3,163
4,3,159
40,7,153
4,7,149
4,11,163
16,15,149
4,3,150
4,3,144
8,7,151
36,7,143
84,7,152
204,7,156
44,7,152
84,7,152
4,7,143
8,7,165
4,3,162
144,7,152
128,7,154
208,11,154
88,7,147
32,7,154
48,7,154
4,7,152
208,7,161
4,3,164
20,7,157
120,7,156
4,11,157
68,7,157
116,7,146
12,7,173
16,7,155
4,7,166
112,7,163
24,7,144
308,7,165
20,7,168
72,7,165
172,7,160
88,11,155
4,3,169
160,7,169
16,7,162
4,11,160
56,7,158
148,7,155
84,11,171
12,7,172
8,7,154
136,11,163
152,15,154
28,15,163
4,19,172
108,7,165
16,7,164
12,7,164
4,3,170
20,7,155
4,3,167
24,7,169
324,15,168
24,7,160
184,11,165
436,11,165
44,7,173
12,7,174
64,7,171
84,7,167
232,7,168
4,7,173
48,7,168
4,7,163
8,11,169
132,11,170
4,7,173
16,7,169
4,7,153
12,11,170
112,7,176
104,7,170
4,7,165
12,11,170
4,3,175
16,15,172
4,11,170
64,7,172
16,11,172
20,7,168
128,7,173
4,7,167
112,7,175
152,11,172
188,7,174
4,3,177
28,7,165
32,7,163
64,15,170
40,7,174
368,11,176
4,3,181
56,7,174
12,7,170
40,11,174
36,7,174
12,11,175
8,7,176
12,7,175
4,11,181
20,19,174
4,3,179
32,15,176
40,19,180
48,11,174
104,15,183
16,15,173
4,3,178
12,7,169
144,15,181
36,11,176
4,7,190
84,7,184
40,11,178
92,11,174
320,7,177
4,7,182
8,7,179
28,7,178
4,15,172
12,11,176
28,15,176
204,7,180
40,7,175
148,7,190
8,7,186
4,3,193
12,7,181
48,7,186
60,7,181
4,11,179
416,11,176
24,11,180
8,15,175
176,7,182
4,3,187
76,7,182
4,7,190
8,7,186
232,7,191
12,11,183
4,7,176
40,7,190
4,3,185
24,11,181
20,7,179
312,7,185
192,11,186
16,7,185
360,7,181
12,7,190
220,7,178
108,11,185
68,7,185
180,7,185
4,15,181
40,7,181
120,7,186
4,3,192
200,11,186
4,3,189
88,7,186
88,7,190
236,7,190
8,7,197
8,7,183
4,3,188
208,11,190
148,11,185
388,11,193
4,3,203
40,19,196
56,19,190
8,7,191
4,11,186
276,7,198
28,7,182
24,7,187
4,7,191
4,7,198
8,7,192
40,7,193
4,19,199
100,7,197
60,7,193
4,7,196
32,11,193
4,11,191
12,11,198
8,7,197
48,7,209
8,7,194
144,11,194
68,7,194
4,3,195
32,7,196
56,11,191
168,11,193
116,11,198
40,7,203
28,7,196
12,7,193
76,7,197
64,11,197
4,3,201
20,11,197
4,7,198
4,7,197
260,7,198
4,3,223
8,7,208
32,11,193
404,11,205
24,11,198
156,11,216
120,7,209
8,7,198
140,11,199
208,11,199
92,7,193
12,7,211
72,11,199
96,7,212
228,11,203
20,7,208
20,7,199
40,11,207
20,15,199
4,11,200
52,7,200
44,7,194
80,7,202
4,3,213
88,7,213
8,7,202
108,11,197
56,7,208
16,7,216
8,7,199
4,3,206
4,3,214
128,11,214
8,7,205
4,15,208
92,7,205
4,3,204
16,7,211
76,7,205
16,7,207
4,19,216
124,11,208
332,7,205
8,7,209
280,7,202
92,7,210
88,11,212
164,7,212
4,7,219
8,11,197
48,7,213
4,7,216
24,7,194
4,3,218
160,7,214
76,7,217
136,7,213
4,7,214
20,7,214
4,7,228
12,11,214
72,7,220
16,11,204
28,15,199
12,7,203
200,7,215
128,7,224
112,7,221
4,3,225
44,7,219
108,7,226
4,3,222
168,11,214
140,7,219
4,3,231
36,7,223
76,7,220
16,7,218
32,7,211
12,7,207
8,7,222
340,11,214
36,7,224
56,7,219
56,11,228
8,7,216
36,11,219
16,11,219
16,11,225
4,3,227
252,11,220
4,7,221
20,7,221
80,7,221
96,7,221
32,7,222
4,7,219
12,11,214
12,11,223
4,11,224
296,11,232
8,7,226
8,7,224
12,7,226
16,11,219
40,11,224
4,7,218
8,11,232
12,7,225
192,11,226
4,7,232
344,7,227
84,11,219
40,7,222
8,7,226
196,7,224
16,11,232
8,7,231
388,7,229
4,3,234
20,7,234
4,3,233
84,7,227
272,7,218
12,7,224
112,11,228
80,7,235
12,7,228
4,15,226
4,3,238
92,7,222
4,3,240
24,7,224
20,7,237
4,3,230
4,7,226
88,7,232
28,7,219
16,7,231
48,7,236
348,7,229
128,11,231
52,11,226
8,7,232
100,7,235
12,7,242
60,7,232
128,7,232
4,7,220
20,19,241
248,7,234
56,7,233
4,7,238
8,7,224
28,7,235
404,11,235
56,7,222
156,7,240
20,7,235
4,3,246
124,7,237
4,7,238
72,7,243
12,7,238
4,7,244
56,11,247
4,3,249
276,7,242
4,7,240
4,7,230
44,7,229
4,3,248
252,7,244
128,7,232
8,7,245
8,7,237
8,7,241
60,7,242
4,15,231
8,7,248
52,7,244
68,7,244
168,11,233
64,7,242
24,7,236
192,11,243
176,7,243
64,7,239
188,7,243
4,7,236
56,11,242
64,11,244
4,11,235
12,11,252
28,15,244
40,23,240
220,7,244
188,7,247
12,11,244
4,15,238
140,7,244
60,11,244
8,7,253
360,7,244
4,11,242
204,7,249
16,7,245
4,7,251
72,7,249
16,7,242
112,7,251
484,7,246
20,7,246
4,7,245
44,7,252
16,7,247
4,11,244
8,7,253
8,6,2
10088,4,249
80,7,248
204,10,2
24,4,245
156,10,2
16,4,251
80,7,244
440,11,248
60,15,244
44,11,248
140,11,247
24,3,2
220,11,249
4,7,246
24,3,8
12,7,250
152,7,248
64,7,251
44,7,251
24,7,251
156,11,251
200,7,251
4,11,254
244,7,252
36,3,3
20,7,252
12,3,9
24,15,253
68,7,248
12,7,2
4,3,10
100,7,253
4,7,246
32,7,254
196,6,2
68,4,248
20,11,254
140,7,0
144,11,249
168,14,1
36,3,2
9992,4,254
188,14,2
48,4,252
12,7,2
4,10,1
36,3,2
48,7,2
24,11,2
204,7,2
28,3,2
4,4,2
308,6,2
9584,3,2
16,7,1
10384,4,254
84,7,5
4,11,6
4,10,1
68,4,6
100,7,251
12,7,8
96,6,2
10108,3,2
204,4,5
4,3,12
24,11,8
4,7,10
260,7,253
24,11,5
32,11,13
8,7,2
20,11,8
184,11,9
20,7,9
4,19,2
8,7,13
44,7,18
92,15,3
68,11,10
132,7,14
92,7,10
4,3,16
4,3,11
12,7,12
12,7,2
60,7,11
24,7,13
12,7,11
16,7,6
236,11,11
92,7,21
28,7,11
20,11,15
184,11,19
4,7,14
80,11,12
128,7,12
20,7,17
304,11,11
156,11,13
60,7,8
4,7,22
52,7,12
60,11,19
12,7,4
16,7,13
120,11,14
52,7,14
128,11,15
172,11,19
16,7,5
4,3,20
128,11,20
84,7,25
140,7,16
4,7,19
4,7,16
4,7,14
8,7,20
72,7,12
8,7,17
400,7,12
8,11,17
4,7,13
52,7,6
4,3,24
20,11,17
4,3,31
48,7,2
84,7,18
4,3,36
28,7,28
16,7,18
132,7,20
144,11,15
72,15,28
24,7,22
40,7,20
48,11,30
12,7,47
48,11,17
44,7,19
464,7,20
4,11,28
8,7,30
364,11,33
52,7,3
44,15,15
96,11,20
4,7,31
340,7,21
4,7,22
84,11,17
428,7,25
268,7,24
12,7,33
36,7,37
48,7,30
4,3,26
20,7,28
36,7,28
80,7,28
292,7,28
4,7,27
16,7,29
72,7,20
64,7,37
8,7,30
84,7,31
12,7,34
120,7,19
8,7,37
4,3,23
32,11,31
56,11,20
4,3,44
16,15,20
36,7,20
20,7,28
16,7,43
468,11,19
8,7,38
44,11,34
112,7,30
20,7,31
208,7,31
4,3,32
188,7,31
8,7,33
12,15,33
448,7,33
176,7,33
32,7,35
88,7,34
4,7,35
268,7,36
36,7,36
4,7,30
56,7,37
208,7,38
12,7,40
4,7,30
64,7,38
4,7,47
48,11,31
4,3,41
4,3,39
60,11,38
4,7,40
60,7,38
16,11,33
96,11,37
260,11,40
136,11,46
84,7,47
88,11,44
12,7,33
8,7,30
8,7,38
24,11,32
168,7,39
4,15,36
4,3,52
16,11,47
40,7,40
4,11,41
108,11,40
8,7,41
4,3,51
48,7,44
324,11,44
16,11,44
312,15,38
4,3,49
16,11,47
8,7,44
92,19,44
228,15,52
252,7,51
92,7,52
56,11,50
136,11,39
8,7,46
80,7,47
116,7,50
20,7,39
16,7,46
76,7,42
12,7,52
60,11,47
220,11,48
16,11,54
12,7,47
300,11,55
12,7,48
4,7,51
8,7,50
8,7,52
20,11,48
4,15,46
140,7,49
4,3,67
4,3,56
200,11,49
300,11,58
80,7,50
20,7,51
4,7,46
12,11,58
4,7,52
52,7,66
4,3,45
16,7,47
4,3,59
24,7,60
4,7,55
208,7,49
8,7,54
148,7,54
312,7,58
24,11,54
248,11,51
8,7,58
4,3,62
200,11,54
68,11,55
4,3,57
8,7,51
4,3,53
224,7,50
228,7,55
8,7,57
140,7,57
4,7,64
28,7,47
72,7,57
4,7,53
16,7,62
152,11,60
244,11,58
240,7,66
240,7,55
120,7,59
4,11,68
132,11,51
20,7,66
8,7,62
288,11,54
112,7,53
12,7,64
112,11,55
96,7,60
48,7,58
4,3,61
4,7,60
4,7,61
4,7,48
96,7,61
4,7,67
8,7,49
8,7,62
4,3,69
8,7,60
4,3,80
12,7,64
28,15,62
32,7,69
4,3,70
176,11,69
48,11,66
4,3,73
40,7,67
348,7,69
244,7,66
12,7,58
12,7,68
560,11,62
4,3,65
84,7,67
4,11,62
8,7,58
384,7,67
4,3,71
4,3,75
40,15,74
8,7,72
4,3,76
216,7,59
20,7,68
4,3,79
8,7,68
156,7,77
152,11,68
208,7,69
288,11,69
208,7,71
12,7,69
4,7,66
32,11,69
4,7,72
220,11,75
4,3,63
288,11,70
4,3,84
76,7,80
36,7,67
308,11,70
216,7,70
184,7,69
40,7,72
40,7,77
336,7,78
20,7,62
32,7,80
32,7,73
4,7,77
228,7,64
76,7,60
8,7,73
148,7,80
12,11,83
48,7,90
116,7,76
4,3,82
64,7,80
356,11,68
188,7,71
48,7,84
32,7,77
4,7,80
396,11,82
160,7,93
160,11,77
4,3,81
12,11,82
4,3,85
8,7,84
4,3,87
156,11,71
84,11,75
172,7,79
44,7,80
124,11,75
60,11,77
108,11,72
4,7,89
56,7,70
60,7,82
72,11,76
8,7,83
80,11,90
16,7,87
40,7,90
236,11,91
124,11,85
36,7,84
12,7,85
28,7,85
8,11,93
108,11,82
4,3,94
4,3,88
48,11,91
160,7,80
68,19,87
40,15,91
12,7,107
68,7,87
4,3,100
64,7,87
108,7,87
4,15,82
12,11,83
56,7,89
4,11,101
4,3,97
32,7,89
4,7,105
168,7,89
4,15,97
128,7,90
8,11,87
8,7,90
4,7,89
172,11,86
52,7,91
4,7,93
4,7,97
16,15,93
4,3,109
76,7,99
4,3,112
4,3,104
132,7,94
88,7,91
12,7,103
64,7,94
4,3,92
8,7,75
4,3,95
184,7,99
156,7,97
4,7,103
260,7,97
4,7,107
12,11,102
252,11,84
60,7,97
4,3,98
160,11,99
4,11,104
4,3,106
32,7,98
20,7,93
84,7,108
496,11,99
40,7,108
188,7,100
4,11,105
4,7,107
16,7,107
8,7,101
4,11,99
4,3,96
188,7,94
32,7,103
4,11,98
40,7,105
32,7,112
24,7,104
24,7,104
88,7,109
32,7,104
52,7,93
224,7,108
60,7,108
48,7,96
64,7,101
56,7,106
4,7,104
168,15,108
4,3,115
12,7,103
48,7,108
104,7,108
48,7,109
4,3,116
16,7,110
4,11,101
116,7,116
4,3,111
20,7,100
76,7,110
48,7,108
28,7,119
212,11,112
4,3,114
4,7,113
8,7,117
72,7,114
36,7,115
12,7,116
80,7,107
192,7,115
44,7,115
92,7,119
196,11,115
36,11,115
132,7,121
4,3,118
56,15,115
12,7,126
12,7,133
68,11,111
4,3,125
4,3,122
124,7,117
8,7,106
28,7,117
4,7,123
8,7,107
184,11,126
32,11,117
284,11,124
132,7,131
8,7,126
8,11,126
44,7,119
4,11,126
260,7,119
4,7,116
48,7,101
300,11,119
4,7,122
232,7,119
4,7,128
4,3,120
12,7,121
4,3,129
4,7,106
48,11,122
68,7,122
8,7,124
68,7,127
216,7,118
8,7,130
52,7,124
4,3,136
12,7,118
16,7,124
4,7,116
36,11,124
4,11,120
92,7,125
72,7,117
216,7,128
252,11,119
240,11,126
176,7,121
16,11,126
4,7,129
24,7,124
56,11,127
76,7,133
68,11,127
288,7,129
16,7,134
200,7,127
4,7,126
12,11,146
8,7,117
72,7,127
8,7,128
4,3,132
60,7,115
188,7,124
24,7,140
68,7,130
344,11,127
8,7,134
236,7,129
12,7,128
4,7,130
4,7,133
512,7,136
96,7,132
40,7,132
20,7,122
36,7,133
24,7,129
4,3,145
16,7,128
124,7,131
4,3,137
4,3,135
36,7,133
44,11,140
4,3,143
16,7,134
92,11,134
4,15,149
8,7,140
20,11,140
8,7,136
76,11,134
28,15,122
72,15,139
136,7,135
4,15,136
76,11,128
176,7,142
16,7,141
268,7,136
36,7,141
12,11,137
124,7,137
116,7,142
4,3,144
176,7,144
20,7,140
4,3,148
152,11,140
48,7,134
32,15,145
64,7,134
292,7,140
4,3,152
36,11,130
12,11,141
168,7,142
16,7,144
20,7,134
4,3,151
8,7,144
72,7,144
568,7,144
12,11,151
112,7,151
32,19,144
20,15,148
8,7,145
4,15,153
104,7,145
72,7,147
52,11,146
4,7,140
8,7,149
188,11,153
8,7,138
40,11,148
68,7,146
16,11,148
4,7,140
264,7,148
4,15,141
316,11,148
56,7,154
24,7,148
420,7,144
12,7,149
404,11,155
12,7,157
4,3,158
4,3,162
16,7,151
8,7,146
12,11,144
8,7,158
108,7,150
28,7,148
4,11,151
8,11,151
4,11,144
12,11,167
36,7,152
16,7,160
304,7,145
4,3,159
160,11,152
144,7,152
160,7,152
4,11,151
4,7,152
64,7,157
16,11,152
64,11,159
100,11,152
24,7,153
4,7,151
136,7,157
4,3,156
4,7,151
8,7,157
60,11,157
136,7,157
252,7,167
16,7,158
4,11,159
4,3,163
12,7,153
68,7,152
16,7,160
32,7,159
60,11,162
20,11,164
4,3,170
16,15,144
44,7,158
88,7,159
64,15,163
96,7,161
4,7,159
244,11,161
4,3,166
60,7,161
48,7,164
120,11,164
492,11,162
28,15,162
192,7,163
20,15,162
4,7,167
56,15,156
44,7,163
168,11,166
16,11,162
52,7,163
36,15,167
12,7,167
24,15,163
20,11,159
280,7,163
20,7,164
80,15,172
20,11,170
12,7,172
276,11,165
4,7,160
8,7,162
8,7,166
40,7,163
20,15,177
4,3,178
12,7,166
104,7,167
4,7,170
4,7,167
4,3,169
64,7,167
4,7,168
44,15,167
4,19,163
56,7,167
4,3,180
212,11,170
72,15,168
40,7,162
8,7,170
4,11,179
16,15,167
36,7,168
16,7,171
156,11,170
24,7,179
76,7,175
244,11,172
236,7,172
48,7,177
12,7,181
64,11,172
4,7,179
60,11,181
288,7,169
4,3,174
4,7,167
8,7,182
308,7,170
16,7,179
8,11,179
48,11,172
368,7,178
8,7,175
4,3,176
132,7,177
112,11,177
112,7,167
4,7,177
128,11,175
8,7,178
220,7,178
4,7,179
100,7,181
144,7,179
308,11,179
24,7,181
4,3,186
16,7,178
8,7,167
404,7,173
4,3,183
12,7,180
296,11,180
4,3,185
44,7,182
4,3,188
12,7,185
76,7,182
96,11,182
68,7,181
4,11,174
84,11,178
144,7,181
4,7,179
88,11,182
4,3,187
84,11,187
24,11,183
12,11,185
76,7,184
56,15,178
44,11,185
168,7,180
4,3,189
16,11,188
4,3,190
24,7,182
132,7,184
4,11,187
84,11,182
228,11,185
60,7,187
4,3,191
16,7,185
108,11,180
80,11,185
52,7,181
4,3,197
12,7,178
332,7,186
4,11,191
468,11,183
68,7,187
132,11,186
76,7,187
196,7,191
12,7,185
16,7,182
16,7,188
28,7,188
20,7,196
228,7,188
180,11,189
104,7,180
48,11,184
24,7,189
36,7,192
12,7,196
8,7,186
76,11,187
8,7,199
8,7,194
68,11,184
4,3,193
88,7,186
24,7,193
8,7,190
16,15,187
8,7,196
28,7,198
16,7,192
12,7,192
44,11,193
36,11,193
220,7,198
12,7,193
308,7,195
12,7,197
24,11,187
160,7,194
4,3,201
8,7,195
4,11,191
128,7,187
8,7,191
4,3,205
28,7,188
52,7,191
76,7,196
224,7,196
36,7,192
180,11,196
4,3,204
8,7,193
4,3,202
288,7,196
32,11,197
4,7,199
12,11,198
4,7,197
12,11,205
12,11,198
180,7,199
4,7,198
4,3,207
8,7,196
36,11,199
112,15,191
16,7,205
196,7,199
4,11,202
172,7,206
92,7,206
24,7,207
12,7,200
144,7,207
40,7,207
68,7,205
68,11,201
4,15,198
88,7,202
4,15,206
28,15,196
4,3,203
24,7,204
4,7,208
104,11,205
4,7,207
36,7,207
124,11,206
4,11,207
36,11,198
180,7,206
288,11,206
48,23,204
96,11,209
4,3,210
28,11,207
16,11,200
20,11,213
4,3,218
116,19,207
4,3,212
4,7,207
4,11,201
12,11,209
8,7,202
36,15,204
76,11,209
40,11,215
12,7,213
88,11,209
4,7,215
8,23,218
36,11,204
188,7,213
4,3,211
88,11,212
220,7,220
8,7,210
240,11,201
20,11,223
28,15,202
152,11,211
8,7,212
280,11,212
4,7,215
272,15,213
200,11,213
4,11,209
4,3,232
48,7,214
144,7,209
4,3,219
124,7,223
28,7,216
4,7,215
12,11,216
4,3,225
48,7,216
4,7,217
4,3,226
260,7,220
8,7,218
36,7,220
88,7,218
56,7,218
4,3,227
24,11,225
8,7,215
24,7,212
28,7,225
24,7,213
228,11,219
4,11,230
4,7,220
16,7,228
40,7,227
88,11,218
304,7,220
4,3,229
100,7,215
4,3,221
256,11,220
4,7,230
4,3,222
4,7,223
72,7,213
12,7,230
80,7,232
8,7,215
32,7,225
4,7,220
256,7,232
8,7,226
56,7,224
260,7,228
28,7,219
256,11,218
56,7,227
8,11,232
40,11,227
12,7,220
116,15,227
4,3,231
4,3,234
88,7,228
32,7,228
28,7,223
92,7,228
12,7,232
4,7,233
20,7,220
16,7,230
4,15,231
4,3,235
48,11,232
524,11,232
68,11,219
4,3,236
16,7,247
4,3,239
24,7,232
128,7,237
12,7,236
8,7,240
40,7,230
4,3,238
44,7,235
16,7,232
4,15,234
32,7,230
168,7,234
128,7,234
4,7,230
32,7,240
464,7,228
24,7,232
12,7,230
16,7,244
100,7,235
28,7,235
472,7,236
4,3,245
136,7,245
48,7,245
48,7,232
8,7,234
40,7,236
36,11,243
232,7,236
124,7,236
48,7,237
4,7,238
16,7,238
64,7,238
4,15,241
64,7,234
344,11,239
316,11,239
4,7,235
44,7,240
276,11,240
4,7,234
8,7,241
4,3,249
24,11,240
28,7,249
12,7,239
68,11,247
4,3,242
16,7,241
4,3,251
228,7,239
16,7,229
4,3,248
4,7,244
4,7,248
4,7,249
48,7,251
44,7,245
84,7,245
276,7,251
12,7,245
228,11,248
116,7,247
148,7,247
4,3,250
304,7,247
88,11,247
32,7,248
68,11,241
204,11,248
12,7,248
52,11,240
16,11,254
16,7,251
20,11,247
40,7,248
404,6,3
8872,4,234
4,3,253
28,6,3
9652,4,249
4,7,245
16,7,246
32,7,251
16,3,1
32,11,241
100,7,247
20,11,248
12,11,253
12,15,237
8,6,3
68,4,244
156,7,250
88,7,3
168,11,251
4,7,249
4,3,252
16,11,251
16,7,252
120,7,252
56,7,253
8,3,2
60,7,252
4,7,244
12,11,253
12,11,252
20,15,253
64,11,255
16,10,2
96,3,3
168,3,3
30175,4,1
4,7,5
112,7,252
108,6,3
52,4,241
64,7,0
220,10,3
13,3,3
40,4,254
112,10,3
20,4,1
8,7,2
28,7,253
20,7,8
48,7,249
4,6,3
36,4,8
240,10,3
48,3,3
80,7,3
28,4,0
76,10,2
72,4,254
96,15,3
4,23,1
64,18,3
4,4,6
4,3,7
4,7,10
8,7,1
160,7,3
60,10,2
156,4,10
4,3,11
4,3,4
40,7,18
4,3,12
4,3,15
288,7,6
24,6,2
340,7,3
120,8,6
48,7,12
12,7,6
136,7,6
4,7,3
4,3,9
92,7,12
52,7,7
8,7,9
32,7,7
4,3,19
36,7,1
56,11,6
28,7,9
200,11,8
204,11,8
84,7,9
8,7,14
68,7,15
4,7,3
44,7,6
8,7,10
4,15,0
100,11,10
80,7,11
172,11,11
4,6,2
488,8,12
20,7,17
8,11,6
296,11,11
12,7,12
28,7,12
280,11,21
40,11,12
132,11,12
192,7,13
36,7,11
8,7,13
4,7,15
4,11,13
4,3,20
28,11,20
8,7,17
252,7,13
196,7,14
20,7,9
64,15,15
36,7,12
12,7,21
16,7,16
180,11,21
8,7,17
16,23,12
164,7,19
16,7,18
8,7,23
4,7,11
16,7,15
8,11,24
40,7,18
4,7,10
4,7,28
192,11,8
108,7,21
92,7,24
108,7,21
16,7,19
76,7,23
24,11,17
24,7,21
88,7,27
44,11,18
44,7,28
76,7,19
16,7,25
96,11,20
4,15,23
8,7,17
64,7,21
216,11,21
4,19,24
80,7,16
248,7,31
4,3,41
28,7,28
28,7,17
164,11,25
184,11,22
12,7,15
164,11,18
108,7,29
120,11,23
4,11,24
8,11,17
64,7,26
220,11,24
4,7,37
108,7,25
76,7,20
124,11,25
4,11,28
8,7,27
8,7,30
52,11,26
4,7,34
8,7,33
112,11,25
52,7,27
44,7,27
120,7,28
12,7,28
260,11,31
392,15,26
12,7,28
72,7,32
68,7,29
4,3,39
104,7,28
40,7,29
64,11,36
16,11,29
120,11,27
164,7,29
4,11,23
12,11,30
104,7,31
4,7,34
156,7,34
160,11,39
204,11,39
44,11,33
60,7,33
44,7,33
36,11,41
68,11,34
8,7,39
12,7,34
4,7,35
4,3,50
4,3,40
56,7,34
336,11,28
4,3,42
108,11,42
132,7,36
4,11,28
28,11,31
60,7,36
480,7,36
4,3,43
4,3,38
120,7,29
292,11,37
4,7,40
36,7,37
244,7,36
276,11,37
4,7,50
4,3,47
12,7,28
48,7,47
8,7,39
120,7,43
32,7,39
4,27,50
112,7,40
4,11,41
276,11,40
200,7,40
20,7,40
40,15,41
4,7,37
264,7,46
152,11,42
4,7,34
12,11,42
4,3,48
4,3,49
160,7,43
64,7,43
436,7,41
24,11,40
12,11,44
128,7,47
36,7,47
76,7,47
4,7,48
48,11,41
256,7,44
104,7,34
8,7,49
120,11,50
4,15,43
16,15,36
80,7,44
16,7,44
300,11,41
4,3,45
156,11,43
16,7,47
164,7,49
80,11,49
52,4,0
