0,0,0
1,2,185
3,2,1
0,0,161
4,3,140
12,3,60
8,3,157
8,3,22
3,2,2
0,0,220
12,3,55
12,3,52
12,3,75
12,3,128
12,3,137
8,3,112
8,3,202
20,3,31
8,3,181
16,3,177
12,3,230
8,3,10
16,3,250
4,3,3
12,3,187
8,3,13
8,3,129
28,3,250
12,3,2
23,3,30
8,3,25
8,3,16
24,3,156
4,3,210
23,3,25
8,3,83
8,3,13
4,3,32
4,3,143
4,3,72
20,3,136
8,3,51
4,3,99
72,7,213
136,6,0
0,0,218
12,3,183
4,3,81
4,3,127
4,3,148
20,3,94
8,3,101
44,3,110
4,3,81
124,7,135
4,3,130
12,3,131
4,3,186
24,3,95
4,3,53
12,3,117
220,6,1
124,3,0
0,0,179
204,7,204
68,6,0
0,0,147
36,3,125
20,3,54
4,3,89
12,3,201
20,3,4
12,3,168
8,3,243
8,3,44
4,3,218
292,6,0
148,3,3
0,0,45
16,3,212
4,3,2
16,3,211
16,3,4
12,3,30
12,3,99
4,3,169
64,3,191
16,3,227
12,3,83
4,3,73
12,3,13
8,3,123
4,3,136
4,3,102
32,3,90
4,3,218
12,3,230
28,3,29
4,3,134
68,3,44
8,3,78
20,3,144
28,3,219
8,3,208
16,3,33
12,3,42
28,3,19
16,3,32
16,3,51
8,3,82
276,6,1
20,3,2
44,3,0
240,3,2
416,4,88
328,7,65
4,3,207
16,3,55
224,7,221
60,7,30
4,3,239
288,7,5
36,3,111
4,3,133
4,3,12
16,3,131
28,3,141
8,3,217
16,3,89
8,3,61
8,3,166
544,6,0
496,3,1
0,0,182
4,3,163
4,3,133
4,3,27
20,3,190
4,3,167
4,3,194
16,3,162
44,3,30
8,3,108
4,3,152
12,3,47
24,3,23
12,3,135
8,3,101
16,3,249
8,3,95
8,3,137
360,7,7
184,7,136
64,6,0
0,0,196
4,3,177
4,3,56
168,7,79
8,3,191
36,3,168
12,3,109
216,6,0
0,0,43
4,3,116
20,3,151
20,3,238
4,3,125
12,3,77
228,7,105
4,3,107
4,3,80
4,3,198
88,6,1
0,0,234
8,3,70
584,7,169
680,6,0
512,3,1
16,3,1
52,3,1
292,3,1
0,0,121
20,3,97
8,3,116
8,3,152
4,3,72
4,3,248
48,3,108
20,3,9
12,3,156
12,3,17
12,3,176
4,3,195
16,3,164
428,7,231
4,3,249
16,3,51
4,3,162
36,3,217
8,3,81
20,3,164
144,6,2
0,0,209
472,7,118
8,3,96
4,3,141
4,3,19
24,3,231
20,3,144
4,3,37
16,3,160
48,6,2
156,3,0
0,0,39
12,3,35
4,3,153
488,3,34
292,6,0
0,0,84
868,7,41
104,7,166
16,3,113
8,3,145
4,3,138
44,3,158
4,3,160
12,3,8
8,3,159
288,6,1
0,0,26
64,3,22
8,3,184
16,3,119
12,3,14
52,3,109
504,6,3
0,0,24
8,3,69
16,3,66
8,3,84
32,3,20
628,6,0
1000,4,86
4,3,252
4,3,74
792,7,10
276,6,1
120,3,3
84,3,1
0,0,233
152,6,1
0,0,253
296,6,1
360,3,2
368,4,228
152,7,208
4,3,14
284,7,37
20,3,74
708,7,196
16,3,209
380,7,233
8,3,181
8,3,12
8,3,14
1084,6,0
0,0,76
36,3,164
4,3,103
20,3,85
4,3,139
980,7,120
916,6,2
528,4,13
4,3,151
24,3,75
16,3,122
248,7,83
12,3,247
1111,5,0
496,5,36
12,3,225
8,3,62
28,3,100
4,3,122
1056,6,0
240,3,0
960,4,207
4,3,30
908,6,1
0,0,178
536,6,0
124,4,183
916,6,2
1140,4,6
12,3,29
380,6,1
476,3,1
0,0,115
24,3,114
8,3,61
8,3,197
8,3,104
952,7,181
1280,7,33
628,6,2
16,4,160
4,3,184
1024,7,84
8,3,245
24,3,87
108,6,1
268,3,1
260,4,26
924,6,0
232,3,0
72,3,0
0,0,93
16,3,227
284,6,1
1072,4,251
4,3,175
340,6,2
144,3,2
344,3,1
884,3,2
0,0,132
1084,6,1
0,0,242
28,3,222
716,7,225
364,6,2
392,4,10
4,3,195
228,7,253
4,3,7
28,3,114
8,3,115
24,3,69
1476,7,30
12,3,134
916,6,0
0,0,236
12,3,236
4,3,156
12,3,142
52,6,1
252,4,82
8,3,67
8,3,139
28,3,223
8,3,238
16,3,48
4,3,237
1128,6,0
644,4,247
12,3,214
756,6,1
0,0,106
672,6,2
1476,4,104
988,6,2
144,4,211
428,6,3
1228,3,0
1264,4,196
20,3,222
8,3,206
24,3,93
1576,7,148
568,6,1
0,0,189
8,3,237
8,3,77
4,3,200
124,7,29
12,3,53
1032,6,0
176,3,2
680,3,0
916,3,1
576,3,0
0,0,171
1616,7,84
4,3,209
4,3,66
144,7,96
24,3,206
4,3,224
388,7,188
4,6,2
436,4,12
1004,6,2
1228,4,59
4,3,6
288,7,13
300,6,0
560,4,197
560,7,164
1568,6,0
476,4,181
1252,7,204
1504,6,1
928,4,33
568,6,0
1696,4,81
16,3,196
8,3,39
1856,6,0
1292,3,2
200,3,2
1416,3,1
16,4,31
8,3,50
1316,7,135
828,6,2
1348,4,24
128,7,136
16,3,49
1356,7,9
1084,7,67
868,7,29
356,7,238
1776,7,3
304,6,0
1176,4,44
8,3,40
60,3,41
1264,7,185
1280,6,1
0,0,215
1436,6,0
1728,4,39
32,3,184
676,6,1
1288,3,1
40,4,166
936,6,1
732,3,2
988,4,238
8,3,240
4,3,215
824,6,2
144,4,113
1848,7,196
1064,6,0
780,4,57
1740,6,2
324,3,0
1572,3,0
360,3,0
1840,4,83
4,3,78
48,7,28
1852,7,50
1808,7,130
4,3,38
12,3,46
8,3,240
268,6,0
180,3,1
2040,4,164
12,3,1
1580,7,239
4,3,94
4,3,5
968,7,85
1028,6,2
412,4,111
12,3,188
80,7,237
592,3,32
468,6,1
0,0,172
108,7,55
16,3,86
8,3,151
756,7,153
4,3,12
556,6,0
764,3,0
1484,4,7
1068,6,0
1552,4,169
4,3,76
2068,6,2
44,3,0
1376,4,125
636,6,2
1496,4,115
924,7,149
4,3,89
4,3,133
228,7,171
1300,6,0
836,4,60
1128,7,243
920,6,0
536,3,2
696,3,2
0,0,203
1936,6,2
1924,4,140
44,7,95
188,6,1
292,4,67
1680,7,142
136,6,0
204,4,142
284,7,195
20,3,102
516,7,62
176,6,1
288,3,3
2324,4,157
200,6,3
1404,3,2
2156,4,92
92,6,1
1240,4,164
1576,7,80
16,3,113
1948,6,0
2368,3,0
192,3,1
392,4,236
948,7,117
4,3,246
2444,6,0
1376,4,227
240,6,0
1528,3,0
176,4,74
1112,6,0
680,4,33
624,7,94
12,3,110
2440,6,1
1828,3,1
0,0,241
696,6,0
1176,4,12
1452,6,2
0,0,255
1492,6,0
1640,3,0
828,3,3
24,4,210
2008,7,189
172,6,1
196,4,39
860,6,2
2384,3,2
1304,3,0
0,0,193
516,6,1
0,0,11
244,7,131
100,6,2
1016,4,245
1228,7,76
2132,7,213
1120,6,2
628,4,162
20,3,216
104,3,38
2028,7,183
1320,7,171
888,7,212
1516,7,82
36,3,41
1916,7,62
908,7,147
1916,6,0
0,0,232
1980,7,29
232,6,2
228,4,4
2292,6,0
632,4,249
484,6,1
484,3,3
2420,3,1
532,3,1
1656,4,150
32,3,68
900,7,24
4,3,187
320,6,3
920,4,244
320,7,81
2128,7,91
292,6,2
364,4,151
2020,7,77
8,3,154
2308,7,163
2660,6,2
340,3,0
160,3,0
172,4,244
4,3,150
244,6,0
1848,4,64
1940,7,128
1204,7,185
2812,6,0
2044,3,2
1632,4,236
4,3,191
968,6,0
1180,4,48
2700,6,0
48,4,220
540,7,152
32,3,130
172,6,1
1136,4,50
2540,6,1
636,4,242
1264,7,201
1132,7,243
2496,6,0
0,0,199
448,7,93
1040,6,1
60,3,2
300,4,51
2828,7,155
4,3,34
12,3,47
1304,7,7
2088,7,242
3068,7,55
368,7,111
1412,7,252
252,7,20
1652,7,72
376,6,0
452,4,27
4,3,45
2028,7,22
192,6,3
0,0,15
12,3,124
2696,7,172
4,3,178
464,6,0
1512,4,193
4,7,161
684,7,172
12,3,219
980,6,2
764,4,196
1512,6,0
140,4,62
364,7,26
2128,6,2
180,4,84
1256,7,217
20,3,126
2224,6,0
0,0,18
2384,7,136
16,3,83
2296,7,24
1352,6,2
464,3,2
3188,3,3
288,4,196
40,7,27
4,3,37
136,6,2
924,4,50
2288,6,2
12,4,99
1808,7,86
552,7,85
336,7,230
2076,6,2
3200,4,37
60,7,114
1112,6,1
2684,3,0
768,3,3
1628,3,0
740,4,166
2228,6,3
1560,4,247
440,6,2
2384,4,248
652,7,27
12,3,175
544,6,0
1524,3,2
2076,4,61
2948,7,8
16,3,46
8,3,15
1828,6,2
1704,4,62
2572,6,1
372,4,48
2708,6,0
2884,4,231
364,6,2
292,4,111
20,3,118
36,3,171
2732,7,236
948,7,148
4,3,146
1264,7,33
208,7,220
1400,7,90
952,7,30
1456,7,234
8,3,99
864,6,0
1248,4,6
1504,6,2
1792,4,8
460,7,139
332,7,176
2680,7,174
8,3,230
36,3,79
132,7,25
288,7,233
664,7,220
2020,6,1
1076,4,198
864,7,106
1180,7,240
2228,7,145
1032,6,0
12,4,41
96,3,1
3368,7,86
3124,7,88
92,3,62
44,3,90
1512,6,0
548,4,225
20,3,123
232,6,1
0,0,192
2756,7,120
1660,10,0
2404,4,60
4,3,82
12,3,213
240,7,108
4,3,212
4,3,15
180,6,1
1956,4,95
108,3,18
4,3,48
56,7,39
3768,7,72
3340,7,249
3232,7,154
48,7,198
324,7,206
16,3,23
1900,7,135
1248,7,174
268,7,205
1712,7,88
1112,7,253
2612,7,69
1056,6,2
268,3,1
2200,4,244
4,3,17
3052,7,18
8,3,25
3600,7,2
4,3,59
3248,7,173
1196,6,1
0,0,21
1648,7,7
3112,7,123
928,7,196
3932,7,209
8,3,219
728,7,219
740,7,156
2108,6,2
3332,4,120
1004,6,1
1732,3,2
2112,3,0
1380,3,2
2740,4,17
2888,7,139
1420,7,255
20,3,143
2796,7,5
20,3,42
2884,7,21
3544,7,74
2892,7,111
2060,6,0
656,4,121
2708,7,114
2884,7,3
3536,7,185
4,3,125
2704,7,101
3468,7,42
2864,6,2
3072,4,199
336,6,3
20,4,104
1080,7,247
596,6,0
532,3,1
96,4,81
28,3,36
2032,7,74
2212,6,0
1796,4,36
1328,7,121
1812,6,1
3052,4,152
24,3,163
3492,6,1
880,4,242
1148,7,14
1428,6,3
1088,3,3
2424,4,78
16,3,105
816,6,0
388,4,137
1532,7,195
528,6,1
1768,4,54
2604,6,0
208,3,2
632,4,65
2372,7,64
412,7,91
4276,7,242
988,7,83
328,7,237
560,7,145
8,3,59
2012,7,200
192,6,0
92,3,0
1488,4,227
4008,7,214
4356,6,0
2284,4,248
24,3,155
2536,7,94
2284,7,161
4,3,232
1356,6,0
16,4,210
2304,7,160
4,3,25
4216,7,51
4,3,165
16,3,71
536,7,181
2616,6,0
996,8,29
3940,6,0
1060,4,7
3636,7,76
12,3,118
1000,6,2
868,4,140
1440,7,42
32,3,220
1368,6,1
1348,4,97
144,7,65
3816,7,40
1736,7,73
1988,7,14
4080,6,2
0,0,98
4400,7,130
712,6,1
444,4,237
832,6,2
940,4,120
48,6,0
3116,4,104
2244,7,131
948,7,88
2280,6,2
2900,4,231
3472,7,145
1560,7,67
2116,7,69
872,6,3
3772,4,2
1552,6,0
60,4,80
4032,7,149
1084,6,2
284,4,139
140,7,218
1796,7,172
948,7,48
16,3,170
2432,7,212
856,6,2
956,4,126
748,7,205
16,3,239
436,7,157
2464,7,141
1452,6,1
1516,3,0
4412,4,249
208,6,0
52,3,0
4468,4,108
1336,7,159
612,6,0
492,3,3
608,3,2
812,3,1
44,4,177
1868,7,136
2340,7,106
20,3,94
2412,6,2
2120,4,248
3816,6,0
2568,4,211
2808,6,2
3740,4,111
1456,6,1
2012,4,123
876,7,225
204,6,2
228,4,4
364,6,2
592,4,42
2064,6,3
20,4,225
428,7,51
3220,7,10
4408,7,117
2200,7,121
1944,7,189
1672,7,9
184,7,20
672,7,83
5176,6,2
3408,4,253
1608,6,1
3744,4,25
1104,6,1
0,0,63
1092,7,231
4352,6,0
1636,4,144
4,3,63
3108,7,118
1036,7,27
1384,7,2
2300,7,38
4,3,197
12,3,49
1536,7,196
27,3,92
3135,5,0
2304,4,1
1608,3,2
288,4,158
772,6,0
212,3,0
436,4,184
4196,7,237
2304,7,186
2680,7,1
4,3,185
3576,7,75
2924,7,134
1272,7,249
372,7,51
200,7,130
2312,6,0
2984,4,198
2312,7,234
848,7,104
1364,7,105
4472,6,2
172,4,147
1272,6,1
220,4,50
2324,7,243
620,6,2
232,4,44
8,3,120
8,3,206
2700,7,197
5408,7,21
168,7,72
192,7,19
500,6,2
992,4,136
1536,7,83
4,3,113
48,3,7
8,3,71
628,6,0
3728,4,184
1892,7,135
1516,6,2
1352,4,95
716,7,198
204,7,74
240,7,124
684,7,109
1292,7,158
1412,7,204
3104,6,2
788,4,76
5492,6,2
2912,3,1
312,4,71
1876,6,0
708,3,0
900,4,219
644,7,159
196,7,182
1956,7,234
16,3,6
1608,6,1
1024,4,183
216,7,75
4920,7,86
2716,6,2
804,4,42
2756,6,0
3552,4,129
2744,7,198
1432,7,114
5140,7,232
2252,6,2
2488,4,207
3808,7,9
2140,6,1
3372,4,189
4216,7,141
1352,7,174
852,6,0
236,4,152
4200,7,44
5828,6,3
280,4,232
1692,6,2
1576,4,103
1680,7,29
3560,6,1
2160,3,2
768,4,165
3164,7,232
12,3,217
2660,7,184
988,6,1
1572,4,166
1208,7,95
2720,7,176
212,6,1
536,4,164
12,3,180
4,3,77
36,6,1
3544,4,4
2636,7,131
3544,6,0
216,4,184
2100,6,0
332,4,247
2592,6,0
268,4,71
3512,7,238
112,3,22
4,3,57
344,7,75
4,3,198
3288,7,211
1136,6,2
5900,4,248
8,3,190
1440,7,155
5252,7,221
8,3,216
548,7,231
4432,7,122
1800,7,230
16,3,56
684,7,92
5280,7,138
1700,7,28
3648,6,2
2172,4,152
3204,7,41
4,3,58
1828,7,233
16,7,105
36,3,48
4156,7,233
1584,6,2
1272,4,7
1000,7,250
560,6,0
1484,4,92
1140,6,3
4588,4,13
32,3,27
136,7,35
264,7,40
1932,6,1
3208,4,187
5124,7,226
1728,7,97
8,3,36
1516,7,154
8,3,45
4312,7,84
3784,7,131
2720,7,157
5692,7,71
780,7,89
44,6,2
2616,4,166
12,6,0
428,4,63
5157,4,0
4012,6,79
4220,7,18
1124,6,0
1440,4,2
1056,7,3
436,6,0
4,8,166
536,6,2
1940,4,94
4,3,112
2340,6,0
2672,4,5
4,7,6
4,15,7
4,7,51
12,11,9
1532,7,184
1484,7,97
20,7,255
16,7,185
8,3,10
4160,7,80
12,3,11
4788,6,2
448,4,13
4,15,84
2424,7,13
4,10,2
3048,4,13
20,15,25
1316,6,0
688,4,14
5752,7,169
1792,7,14
2264,7,105
12,10,0
4,12,15
4,11,16
5132,7,17
4,7,18
1320,7,18
4,23,43
2252,7,19
2380,7,149
8,7,169
20,7,20
4,6,2
4624,4,20
1600,7,38
8,7,110
20,10,0
1084,4,21
4,7,249
8,7,22
4,18,1
1836,4,188
1700,7,73
428,7,40
996,7,22
2652,7,23
6284,7,96
4912,7,23
380,7,23
5248,7,23
1596,7,24
1472,6,2
2308,4,24
1360,7,196
12,7,38
1692,6,3
1336,4,27
1708,6,2
2508,4,214
1096,6,2
208,3,3
6904,4,181
2360,7,14
1120,7,29
5032,7,29
152,7,29
4,11,30
4,7,167
12,11,30
4732,7,30
2120,7,2
28,15,31
4,7,248
8,7,167
96,3,93
12,6,2
204,4,33
24,7,32
344,7,32
596,7,32
3232,6,0
8,4,20
4616,7,171
48,7,174
8,7,62
1932,7,34
1924,6,1
5440,4,158
860,6,2
3740,4,35
3236,6,0
964,4,35
4924,6,0
936,4,227
5960,7,37
8,3,85
300,6,2
1360,4,244
5104,6,0
16,4,30
128,7,39
4,6,3
5032,4,39
788,7,40
188,7,144
64,7,84
300,7,40
4,7,141
16,15,40
4,6,3
3468,4,75
1232,7,2
1960,7,81
80,7,186
2112,6,1
1892,4,216
4464,6,0
52,4,30
64,7,41
4,27,201
756,6,2
1676,4,41
4,7,42
4,14,2
260,4,42
2808,7,146
8,7,95
20,7,17
28,10,3
1044,4,14
792,7,43
4136,6,1
300,4,43
4,7,99
1480,6,0
12,4,44
4368,7,45
4,14,2
280,4,67
12,7,170
3588,7,41
5536,7,46
1788,6,0
4496,4,48
6232,7,48
4,27,210
4,3,49
4280,6,0
88,3,3
856,4,50
4,11,51
4992,7,51
7536,7,53
7044,6,0
6032,4,53
2260,7,53
1792,7,53
4,7,55
4,11,14
28,3,235
2460,6,0
1648,4,56
4,6,1
1504,3,3
656,4,59
2376,6,2
1788,4,59
808,7,59
4,7,47
8,7,108
4544,7,230
464,7,93
16,7,42
8,7,62
2440,7,62
4,11,63
4,7,66
5484,6,0
4,4,69
104,3,131
2852,7,69
4,10,2
3920,7,0
1192,4,70
4,19,213
36,3,105
7228,7,156
2220,7,51
1572,7,70
1648,7,71
4,7,72
4,10,2
380,4,72
16,11,5
3312,7,140
5840,7,183
2044,7,73
5812,7,73
24,3,24
5288,6,1
6316,8,73
2244,7,74
4,10,1
1892,4,217
12,6,2
1852,4,74
24,7,36
44,15,75
4,7,249
2884,7,143
2972,7,76
4,11,119
132,3,2
5552,10,0
24,8,77
4,7,79
1316,7,80
4,7,20
3372,7,125
20,11,81
4,14,3
452,4,73
192,7,81
4848,7,81
4,18,2
4092,3,3
124,4,168
3636,7,83
5380,7,83
348,6,1
1172,4,127
2796,7,83
1032,7,84
4,6,3
1812,4,208
16,7,248
6708,7,158
16,7,67
2416,7,84
20,11,84
4460,7,85
728,6,3
1132,4,85
4,19,86
3696,6,0
2720,4,86
5888,7,33
16,11,86
4,7,155
4548,7,86
4,7,87
3712,7,242
6112,6,1
4160,4,88
1424,7,190
1476,6,2
232,4,89
352,7,90
7472,7,90
4,7,198
3124,7,90
4,22,1
296,4,90
56,7,236
24,11,189
2316,7,90
500,7,91
4,11,130
812,7,93
4,6,1
0,0,229
12,10,2
1272,4,93
24,7,40
7076,6,0
4288,4,94
4188,7,94
12,11,95
4084,7,224
5068,7,217
16,7,184
2060,7,95
228,7,95
4,7,96
4,18,1
192,4,96
12,7,249
8,7,155
7720,7,190
7088,7,218
2540,6,0
4,4,230
4,3,98
4,10,2
172,4,99
1312,7,138
2424,7,99
4132,7,57
28,7,100
4,7,176
4124,7,25
3180,6,1
396,4,100
4,7,101
2352,7,101
1308,7,102
5024,7,75
24,3,222
20,7,103
4,14,2
636,4,104
3548,7,105
728,7,105
3204,7,205
12,7,106
6276,7,95
8,7,107
4,7,108
4,3,109
4,15,72
8372,6,0
16,8,111
4,18,2
2564,4,111
1348,7,111
3308,7,113
6856,6,1
2368,4,61
6868,7,116
4,11,117
4,10,2
3904,4,117
4,11,208
3924,7,118
3560,7,118
4144,7,118
2172,7,123
4500,7,119
4,6,1
888,4,119
1872,6,0
8,4,32
28,7,75
16,7,94
5728,6,0
5132,4,120
724,7,202
4156,7,81
9088,6,0
4032,4,83
8,7,123
4156,6,0
5228,4,123
4636,6,0
12,7,0
4,8,124
7092,6,0
1116,4,126
4,11,127
3412,6,0
148,4,14
6356,7,248
8,7,128
3656,7,163
652,7,129
4,7,130
7764,7,221
4320,7,7
8,6,3
4844,4,41
4840,6,0
36,4,130
4656,6,0
12,7,0
1772,4,130
4,7,172
8,7,211
20,11,130
8268,6,0
12,8,137
12,7,131
4,11,78
5012,7,238
7220,7,133
4632,7,194
12,7,17
4000,7,135
4,7,27
16,14,2
1160,4,135
4,7,21
3360,7,136
4,6,3
3096,3,3
844,4,136
16,7,12
5236,7,137
4,14,2
224,3,2
476,4,137
4,7,186
3664,7,140
7268,7,138
4,6,2
188,4,138
8820,7,139
6900,7,233
12,11,193
5076,7,141
5936,7,141
4,6,2
2076,4,141
2404,7,142
992,6,3
5028,4,182
16,6,2
1120,4,142
196,7,93
40,10,2
252,4,15
16,7,143
4,11,133
28,3,112
8520,7,221
24,10,3
3184,3,0
7512,4,143
4,7,144
3492,7,144
4,7,13
1576,6,3
2124,4,145
5612,7,139
628,6,1
1852,4,101
8,6,1
816,4,74
36,10,0
1328,4,145
8080,7,145
5944,7,210
1684,6,0
32,4,53
36,10,0
4,7,2
1172,4,146
7228,7,81
8,7,61
2528,7,147
16,7,51
4,3,8
16,7,212
644,7,148
616,7,247
16,11,148
4,7,149
4,30,3
2940,4,151
5952,7,151
2040,7,151
5628,7,144
8520,6,1
5928,4,1
9392,7,90
20,3,140
4712,7,152
3040,7,152
4,3,153
4,15,154
4,15,155
4,27,167
4272,7,156
4436,6,2
872,4,156
4,7,157
1104,7,158
4,11,142
2264,6,1
8160,4,70
5860,6,2
252,4,250
6100,7,160
4200,7,61
12,7,161
12,3,55
2352,7,184
4284,6,0
4,8,163
1188,7,163
1096,7,163
9588,7,177
1656,7,21
3468,7,165
5820,7,212
1168,7,165
4,7,166
4092,7,253
12,10,0
4,4,228
8,7,154
32,7,96
2684,6,2
4664,4,161
28,7,253
2716,6,0
708,4,167
936,6,2
3888,4,167
8812,7,167
16,3,199
2240,7,168
64,3,142
12,10,0
6420,4,36
6432,10,0
16,4,167
1676,7,168
40,15,206
16,11,89
52,7,169
4,11,171
4,10,2
644,4,171
4,6,3
1032,4,172
5988,7,3
624,7,172
4,11,136
8,7,173
6336,7,42
3548,7,174
4,7,85
52,7,175
4,15,176
4,7,177
7592,6,0
5136,4,177
4,7,188
1268,6,1
3816,3,2
1228,4,140
2980,7,177
6432,7,179
9776,7,201
8608,6,1
2220,4,179
10628,7,179
4228,7,180
4,10,1
272,4,180
2036,7,180
20,7,10
9068,7,181
64,7,181
4,23,182
508,7,182
140,3,38
16,7,182
9768,7,122
2088,7,182
4,11,196
8,6,1
244,4,182
4,19,183
704,7,184
4,11,143
3164,7,185
4,6,2
2616,4,185
6768,7,185
4,7,171
32,11,56
3784,7,185
2972,7,185
4,11,206
1416,7,186
4,7,187
5772,7,115
12,7,39
4160,7,187
4,23,188
9012,7,0
9424,10,0
3880,4,189
4016,7,189
9376,7,190
4,15,119
10556,6,0
4,4,63
1344,7,193
8868,6,0
8,4,41
1308,7,193
8164,7,233
4936,6,2
1000,4,194
4,10,1
7312,4,80
8648,7,197
6388,7,195
244,7,195
484,7,195
1136,7,196
4,11,13
16,15,196
5868,6,3
4188,4,197
2184,7,197
3028,7,198
4,14,1
3284,4,198
7132,7,2
5408,6,1
2284,4,199
4,7,201
2380,7,83
12,6,3
7728,7,1
436,4,166
8208,7,201
5808,7,202
4,14,2
2124,4,204
4,7,217
1512,7,204
24,3,210
272,7,204
4,7,205
3252,7,206
11136,7,2
12,7,243
752,7,206
4,23,130
12,11,207
1084,6,2
208,4,208
4,18,3
1128,4,209
8928,7,153
1120,7,209
4,11,211
5296,7,222
12,10,1
1036,4,211
336,7,211
4300,7,211
28,7,4
12,7,3
7920,6,0
20,4,249
12,3,127
36,10,0
776,4,212
2456,6,2
2668,4,212
10168,7,31
5536,7,212
20,7,85
7700,7,212
6668,7,168
3860,6,0
684,4,214
4,10,2
204,4,47
12,6,1
1140,4,215
344,7,217
4,7,88
36,3,176
12,7,204
24,10,3
4328,4,217
4,7,7
52,15,95
6148,7,218
4,7,219
2040,7,219
3424,7,219
7328,7,29
8224,7,187
8,7,220
2848,7,220
8216,7,220
4,11,142
2584,7,221
4,7,123
9932,7,222
4,7,248
1708,7,222
4,3,223
4,6,2
4348,4,223
10320,7,37
4372,7,225
7088,7,225
2260,7,225
28,3,174
16,7,233
5912,6,3
4988,4,130
20,7,225
4,3,227
1784,7,45
1668,7,228
5160,7,69
8,3,8
20,10,0
4,16,119
12,10,1
2104,4,228
168,7,228
6052,7,91
6144,7,249
3388,7,230
8500,7,232
4,23,233
4,10,2
1476,3,1
132,4,2
16,3,234
4,7,236
7060,7,31
12,10,0
3864,4,237
4,34,3
5396,4,237
4884,7,250
1044,7,239
4,18,1
676,4,239
2816,7,240
4,6,3
4368,4,240
5568,6,0
10380,4,7
692,7,240
5684,7,202
44,10,0
344,4,184
16,11,240
1100,6,3
6083,4,165
5,3,241
4,6,1
3388,4,242
2364,7,242
9236,11,242
324,7,140
9456,7,118
980,7,243
8684,6,2
920,4,49
20,10,0
4,12,1
3888,7,244
2460,7,244
3192,7,245
6972,7,108
8,6,0
4,7,2
500,4,122
11056,7,128
8592,7,147
8356,7,145
9968,7,222
600,7,248
4,15,100
8,7,117
8576,7,8
32,14,2
1492,4,248
4472,7,248
28,15,247
92,3,60
16,7,23
972,6,3
2644,4,242
4632,7,249
4,10,1
2092,4,249
1560,7,250
2880,7,250
4,15,107
28,7,15
16,7,71
6752,7,222
12252,7,251
9700,6,0
11836,4,44
9056,7,134
84,3,78
24,10,0
9732,4,88
12,7,253
6032,7,253
300,7,253
4,23,255
748,7,0
364,6,2
320,4,0
4,11,199
7628,7,1
4,6,2
1624,4,1
16,11,108
4596,6,2
364,4,2
8024,7,2
3788,7,2
4,7,3
4,15,4
540,6,1
7096,4,4
6156,7,113
7636,7,5
7144,7,6
4,6,2
3840,4,197
16,7,178
276,6,1
4,4,8
9656,7,218
648,6,1
4,4,157
5976,6,2
8728,4,9
4,19,121
2396,7,9
4,10,0
3692,4,9
4224,7,84
3132,6,1
32,8,219
8,7,6
8,7,33
7540,7,10
4,7,101
3736,7,171
24,14,2
536,4,99
8236,6,1
4,8,13
10660,7,163
13232,10,0
2288,4,14
6812,7,14
4,11,230
8,7,79
20,10,2
576,4,113
16,10,0
2676,4,141
12052,6,1
20,8,138
11164,7,15
4,7,69
3860,6,1
4,11,2
11072,4,17
4576,7,18
11888,7,94
2704,6,1
2708,4,55
10308,7,227
9424,6,1
4,7,0
56,4,22
9552,6,1
6576,4,153
652,7,24
4624,7,25
4,7,26
4,6,0
8332,4,26
40,3,253
8608,7,27
4,7,28
8668,7,28
4516,6,1
16,4,29
1380,7,29
4,11,60
1660,7,99
24,15,30
892,7,160
12,7,64
1236,6,3
13548,4,30
4864,7,169
7048,7,31
4,15,21
48,6,2
136,4,32
464,7,33
4,6,3
136,4,33
4776,6,1
8900,4,34
4,7,35
9780,7,35
13140,7,182
10044,7,35
4,10,0
8104,4,103
7500,7,36
3388,7,162
520,7,250
92,3,17
52,7,163
8,7,37
4,10,3
1365,4,204
16,7,38
4,6,3
888,4,38
9252,6,1
4,11,0
2780,4,190
16,7,40
4,14,0
6140,4,40
4612,7,153
24,7,41
4968,6,1
900,4,41
9916,7,44
4,7,225
8180,6,1
10792,4,100
13420,7,45
852,7,45
4,10,2
12056,4,46
4,7,47
9680,7,48
4,10,0
3544,4,157
11528,7,51
4,7,32
476,7,51
12384,6,2
1224,4,67
1196,6,1
6356,4,53
13820,7,54
4,11,253
13972,6,1
4368,4,55
4,15,56
4,30,2
816,4,92
20,11,57
4,7,55
12,11,57
4,3,58
932,7,59
4,11,183
156,3,254
10664,7,39
20,6,0
8896,4,61
1496,7,61
3832,6,1
9572,4,61
10428,7,62
7412,10,1
10984,4,212
13500,7,62
4,10,2
452,4,20
684,7,219
7964,6,1
4,4,65
4,10,2
372,4,65
5796,7,77
4,3,121
1396,7,65
4,10,0
864,4,65
696,7,76
4688,6,2
10652,4,66
10280,7,213
8,6,1
4,20,111
10660,6,1
16,7,2
2232,3,1
1044,4,69
4,14,3
536,4,125
4180,7,70
8284,6,2
1648,3,1
8,4,68
9912,7,71
556,7,72
4,6,2
4564,4,216
12,7,247
4620,7,73
856,7,74
11184,7,74
8408,7,74
348,7,74
8552,7,75
12656,7,75
12328,7,76
132,7,76
4,6,0
3168,4,76
4,7,9
12980,7,77
4540,7,170
12264,7,116
6160,7,78
4,6,2
1660,4,72
20,14,1
4,7,3
780,4,78
4652,7,10
1172,7,78
4,11,80
13312,7,241
8724,6,1
6524,4,155
24,7,220
1144,7,81
5228,7,83
6332,7,45
8476,7,84
8904,7,84
4,6,2
9168,4,85
12216,7,154
14544,7,85
4,6,0
2652,4,180
1764,7,85
14680,7,85
5536,7,161
52,7,229
11920,7,86
4,7,89
4,6,0
1872,4,90
4,7,91
4,7,14
8,7,37
3556,6,1
672,3,1
776,4,92
14612,7,92
9208,7,92
20,7,213
3732,7,147
3252,7,250
28,10,1
836,4,93
4,11,94
908,6,2
64,4,94
4,6,2
816,4,96
4,7,93
6208,6,1
12,4,85
9140,6,2
3016,3,1
32,8,96
4,7,98
3980,7,98
2192,7,56
11456,6,1
2640,4,35
1148,7,100
4,14,2
1108,4,138
24,15,101
14972,7,172
7588,6,1
12,3,3
2592,4,18
28,11,96
164,7,104
4,6,3
440,4,104
4,15,148
8,7,105
8600,7,9
1884,6,1
2048,4,177
11512,7,106
4,10,2
5240,4,36
12,6,0
1236,3,2
228,4,107
13140,7,109
332,7,109
8532,6,2
7008,4,110
1768,7,111
4,6,2
10960,4,28
15104,7,149
12864,7,113
2580,6,3
1716,4,114
4,7,245
8,7,76
20,10,0
2864,4,56
11932,7,230
13032,7,114
4312,7,165
8,7,92
10280,7,115
4,23,116
3416,7,162
4064,7,219
8,7,18
28,7,116
4,14,2
2024,4,117
1544,7,238
14792,7,157
7484,7,134
8,6,2
36,4,20
6884,7,237
4,3,119
4,7,186
1008,7,44
5044,6,1
5472,4,121
256,7,17
10460,7,201
12312,7,121
2448,7,1
12140,7,95
1976,11,121
5300,6,1
36,4,122
4,3,124
13664,7,125
4,10,0
1060,4,125
4,7,126
4,11,224
8,6,0
1804,4,14
28,14,0
84,4,126
2800,7,126
12444,7,232
8,7,129
20,7,127
4,34,0
40,8,220
2064,7,127
1572,7,127
7828,7,69
48,11,128
4,11,129
4,14,3
2348,4,129
1132,7,129
11140,6,0
3700,4,129
10416,7,25
40,7,24
20,7,130
4,7,131
3936,6,2
2824,4,131
4,10,3
2892,4,133
12628,7,60
1804,7,134
4,7,51
13700,7,134
4,15,25
20,18,2
1792,4,134
4,18,0
2644,4,135
1196,6,2
3200,4,135
4,15,136
12184,7,165
12,7,176
1552,7,136
5340,7,137
4,3,138
12492,7,138
7816,7,188
6232,7,194
16,7,94
8,7,122
8,7,139
10724,7,139
4,7,100
20,7,171
3076,7,140
8416,7,219
924,7,140
2116,7,142
12072,7,252
12,7,218
660,7,143
4,22,0
964,4,144
11544,7,145
11596,7,145
12,7,135
8,7,126
8836,6,1
4,4,148
4,14,0
1368,4,162
11788,6,2
6812,4,97
24,7,237
408,3,7
1208,6,1
1024,4,149
4,6,2
840,4,98
9552,7,150
11108,7,90
12,7,214
9176,7,150
4,11,45
8,7,151
4,11,59
9628,7,152
12644,7,152
7868,7,152
1380,7,152
20,7,139
12,11,236
15928,7,169
16,7,124
7100,7,107
148,6,1
1604,4,153
4,10,2
1560,4,153
4,14,0
196,4,19
13672,6,1
276,4,154
4,7,155
3652,7,80
13504,7,156
1816,7,156
1988,7,157
200,7,157
4,10,2
2736,4,157
1428,7,157
10348,7,188
12,7,158
488,6,0
1916,4,158
16152,7,158
4,11,159
4,10,0
5984,3,1
436,4,23
48,7,160
4,11,244
692,7,82
1896,7,161
2504,7,13
16,10,1
4,7,2
1496,4,162
10652,7,32
9660,7,139
24,3,119
3008,7,163
4,31,228
8,7,164
296,7,164
9664,7,137
14220,7,148
8,7,245
8,7,164
1260,7,165
1860,6,1
4,20,167
5148,6,2
532,4,168
12384,7,169
5748,6,1
12,4,162
13820,7,169
4,11,84
5776,7,147
196,6,1
4,4,188
1656,6,1
4,4,173
4948,6,1
312,4,175
544,7,175
4,6,0
988,4,54
9152,6,1
16,4,78
28,7,176
4,7,245
616,7,176
9808,6,1
928,4,177
12,3,4
12220,7,177
6876,7,177
1212,7,177
552,7,30
1160,7,137
48,7,26
4052,7,177
1336,7,65
8680,7,178
9520,6,1
1668,4,178
4,7,104
4588,6,1
6412,4,168
3908,7,178
7592,7,220
344,7,178
4,7,179
4,3,180
4,11,181
2528,7,98
580,7,183
8,7,182
16,11,183
4,10,0
2064,4,183
2736,7,183
20,7,119
13792,7,184
10824,6,1
4,4,18
12,10,0
7732,4,39
16,7,186
4,7,35
8,6,3
3532,4,186
3100,7,186
2876,6,1
36,8,187
2144,7,187
9784,6,3
276,4,187
808,7,187
4,7,17
12,11,56
9988,7,187
464,7,188
4,10,0
1852,4,188
1100,7,189
5680,7,189
4,3,190
20,7,191
4,7,240
13712,6,1
2108,4,193
4,7,86
12,11,193
4,7,74
16,15,195
11876,7,96
12,7,196
12328,7,81
12,10,0
5180,4,2
4248,7,196
836,7,196
9016,6,1
6364,4,136
11624,6,2
624,4,199
1236,7,199
2676,7,199
24,3,214
16,7,182
11608,6,1
4,4,206
8,6,2
100,4,201
6264,7,246
12,10,2
52,4,202
6360,7,203
3872,7,204
8772,7,107
2300,7,205
4,7,139
12,11,156
8272,7,205
4,10,2
2356,4,206
144,7,206
4,11,26
16,14,0
4628,4,206
12388,7,60
8,3,207
4,3,208
3108,7,217
8,7,209
11848,7,11
8,7,195
24,11,127
13356,7,210
692,7,210
508,3,23
188,7,210
512,7,210
4,7,74
5680,6,1
14984,4,119
10640,7,247
1456,7,178
3760,7,212
2176,7,175
12,7,212
4180,7,212
11504,7,8
8,7,151
8,6,3
5292,4,171
968,6,3
2120,4,213
13548,7,214
16552,7,214
12432,6,1
20,7,1
1684,4,195
7716,7,158
16,7,142
4912,6,2
3764,4,214
4,7,215
4,7,216
4,11,217
33,3,229
8,6,2
2572,4,176
292,7,217
4,11,218
17908,7,219
8,7,12
3896,7,219
4,10,2
588,4,220
4,3,221
4,6,0
336,4,223
4936,7,223
4,7,83
8,6,2
1088,3,3
6484,4,224
15304,7,224
4,7,225
15476,7,11
276,7,225
4,3,226
4,6,0
152,4,226
12,7,80
18004,7,121
8,6,1
4,4,229
3992,7,229
4,11,230
7104,7,155
12,10,1
4,36,231
1292,7,64
2100,6,1
2104,4,134
1024,7,232
6844,6,2
3084,4,183
7032,7,80
8,7,233
5748,7,211
1908,7,233
12316,6,0
13108,7,1
4,11,2
780,3,2
13588,4,234
16528,7,234
6432,6,1
1688,4,234
10816,7,178
8,7,236
3020,7,237
2500,7,232
14684,7,238
4,14,0
1120,4,239
18140,7,82
12,10,1
3112,4,240
4,6,2
8256,4,37
16,10,1
6212,4,51
3600,7,241
4,7,55
8,7,242
4,10,2
608,4,6
1380,7,242
4,7,36
36,14,0
1088,4,242
4232,7,115
120,7,242
32,11,182
2032,7,244
4,11,245
4,15,246
4,11,247
4,7,37
760,7,247
1584,6,2
976,4,247
4,7,249
4,26,3
988,4,249
4,10,0
1452,4,250
4,3,251
4,6,2
924,4,184
1788,7,2
2704,7,252
4,11,253
4,18,0
6572,4,123
16,7,255
4,6,0
11024,4,162
12,7,88
884,6,2
6016,4,1
5972,7,182
16,7,2
6652,7,124
4372,7,2
13416,6,1
2264,4,175
1956,7,5
4,15,181
12,10,1
5516,4,6
4,7,7
4,39,8
844,7,21
11576,7,156
11392,7,8
6492,7,123
36,10,2
4,4,81
6204,7,10
4,7,163
12,11,227
8,6,3
2776,3,3
9468,4,34
11220,7,189
13732,7,13
16,7,228
220,7,13
4,7,5
12,11,33
10500,7,14
7820,7,81
12,7,15
3956,6,2
10344,4,21
13476,7,40
13788,7,15
3744,7,217
5068,6,3
5052,4,17
3964,7,17
15776,7,18
4,7,238
2792,7,18
4,3,19
4,23,113
8,7,21
3448,7,233
1288,7,55
20,7,21
7860,7,167
16,11,21
13460,7,22
276,7,24
32,3,134
52,7,24
9112,7,25
4,14,1
3284,4,41
12,7,27
32,19,78
5872,6,3
1292,3,2
32,4,27
5888,7,85
8,7,34
1632,7,29
4972,7,164
11832,7,29
4,10,1
7016,4,29
7748,7,105
28,14,0
2504,4,29
12,7,193
28,11,30
4,15,27
8,7,31
3520,7,31
9752,7,31
12,7,82
12,7,55
8,7,32
1520,7,149
5224,6,2
16,4,137
52,7,32
11868,7,204
2124,7,32
4,27,23
10948,7,7
52,7,126
8,7,82
15736,7,33
15056,7,235
568,7,182
3156,7,92
4540,6,2
4,4,33
1424,7,34
4,7,190
14128,7,198
8,3,180
7568,6,1
3896,4,35
9372,7,36
16596,7,36
4,18,1
4068,3,2
4496,4,37
1316,7,148
372,7,202
24,14,2
8940,7,0
5912,4,39
5040,7,39
536,7,39
4,15,27
8,7,127
4,3,40
5092,6,2
4,4,176
12,11,41
1236,6,2
12628,4,42
4,6,1
228,4,43
8,3,64
8108,7,44
4,15,45
1428,6,2
48,4,45
14376,7,140
8,7,46
4,7,9
12312,7,232
19596,7,84
8,6,2
600,4,182
20,7,15
14032,7,48
8424,6,2
4,8,50
14208,6,1
4264,4,70
16,7,50
4,15,43
12,11,203
16388,6,2
2380,4,50
5020,7,58
636,7,55
16,7,188
8,7,51
4,7,181
12,11,52
5060,7,52
16932,6,2
10380,4,144
12,10,2
4,12,54
4,7,137
10848,6,2
16,8,55
4,7,231
8,6,1
1964,4,51
20,7,56
5040,7,255
12,7,42
224,6,2
6012,4,57
5276,6,2
4,8,109
14756,7,103
1948,7,30
8440,7,59
4,15,221
12,11,60
4,10,0
264,4,60
2684,7,72
3356,6,2
4,4,196
1308,7,61
4,7,75
3384,7,69
16800,7,127
3472,7,54
8896,7,102
15388,11,149
12,3,252
5028,6,1
2208,4,221
6264,7,64
13288,7,156
12,7,65
8504,7,77
12,6,1
20232,8,65
16,7,169
19508,7,65
19716,7,65
13124,7,212
8,6,2
272,4,67
10544,6,1
2184,4,206
16,6,3
708,4,144
32,7,68
1764,7,68
1432,7,73
12,3,70
4,3,71
6120,7,178
3576,6,2
252,4,72
4,7,87
8,7,201
8,6,0
12596,4,25
11188,7,72
7708,7,72
20176,7,72
4,15,250
15180,7,72
16252,7,73
2696,6,2
1308,4,75
4,22,3
876,4,76
9644,7,76
4,15,201
6612,7,77
14836,7,239
16,7,163
6944,7,131
7124,7,86
40,10,2
4,4,78
20,3,28
8,6,2
4,4,79
2444,6,0
6681,4,172
8408,6,2
500,4,184
28,7,79
4,10,1
152,4,80
4,7,81
4,23,239
8580,7,82
4,15,83
4,15,84
4,10,0
620,4,84
2888,7,187
28,15,22
11608,6,2
4,8,185
17060,7,86
4,6,1
2000,4,86
4,7,87
8352,6,2
10636,4,59
8,7,114
20896,7,91
4,7,92
664,6,2
3512,4,92
16004,7,206
18676,7,233
12464,6,3
536,4,93
16296,6,2
4,7,1
632,4,195
16240,7,23
15036,7,95
7068,7,95
8004,7,95
12,7,152
12,7,104
8,7,96
4,7,97
4,6,1
228,4,97
4144,6,2
4,11,0
1760,4,98
4,7,99
4,3,100
4,6,1
1140,4,101
20396,7,102
4844,7,158
12,7,51
7708,6,2
108,4,104
4,14,0
80,4,106
236,7,107
4,7,253
12268,7,117
13000,7,5
11292,7,108
8556,7,20
12,10,0
18044,4,202
6840,7,109
7708,6,2
5320,4,200
1120,7,109
21308,6,0
2184,4,109
18820,6,0
288,4,248
21444,7,110
700,7,110
8580,7,130
7884,7,126
16608,7,111
4,7,113
4,10,0
1800,4,228
1872,7,29
20,7,26
32,10,1
284,4,113
4,15,0
16924,7,9
496,7,114
4,7,15
16,15,114
6652,7,114
2188,7,238
9708,6,2
4,11,0
1904,4,117
6416,7,117
5448,7,118
12224,6,2
12,7,2
4,16,208
16884,7,118
4,11,119
3352,7,119
76,7,119
4,7,120
4,10,0
1916,4,121
4,7,5
11412,6,2
12,4,131
11016,7,122
2260,7,123
5564,6,2
1860,4,124
2544,6,2
4,19,0
10292,4,125
4472,7,55
872,7,125
20,7,21
4052,7,126
2816,6,1
11924,4,126
20568,6,2
8,4,126
2016,6,1
1060,4,127
4,14,1
720,4,128
7180,7,65
12,6,2
4,12,129
6368,7,129
888,7,130
10096,6,2
8,4,130
7600,7,74
159,3,27
20,7,72
524,7,13
236,7,131
18688,6,2
4,4,210
12,11,132
10440,7,233
7884,7,8
21732,7,133
4,14,3
380,4,133
6652,7,134
4,14,1
9936,4,134
4,3,135
4636,7,161
2660,7,74
20264,7,136
20720,7,137
8576,7,100
11724,7,251
16,7,181
8,6,3
4048,4,137
4,11,138
4,14,0
84,4,144
1260,7,140
10140,7,63
4292,6,1
8644,4,211
7776,7,160
40,7,144
12260,7,228
816,7,144
14404,7,209
12,6,1
10180,4,145
2372,7,145
4,7,146
4,3,147
4,3,149
4456,7,195
8,7,136
8,6,2
4,11,1
5460,4,188
16,7,152
4,14,1
2412,4,152
4,11,153
4,11,241
1860,7,153
3396,7,153
4220,6,2
724,4,155
2432,7,156
4,7,157
4,18,1
3344,4,75
16,7,158
15480,7,221
12,10,1
400,4,159
10624,7,209
12,7,160
7740,7,161
4,7,167
12,11,184
3444,7,162
4,10,1
724,4,163
4,19,224
16512,7,164
5776,6,2
8,4,131
20,10,2
4,15,1
716,4,165
4,23,166
456,7,166
144,7,201
5780,7,135
3812,7,167
2580,7,167
14368,6,2
4,12,169
748,7,189
6408,7,189
3768,7,170
4,7,171
4,7,227
828,7,171
4,14,0
272,4,171
6788,7,143
12,7,172
9140,7,29
12,7,92
7852,7,172
3268,7,172
4,6,0
19036,4,172
9300,7,5
1264,7,174
21648,6,2
5052,4,73
6988,7,63
1852,7,175
1920,6,1
552,4,176
17508,7,188
11248,7,105
20,7,176
10168,7,214
15696,7,178
4,15,179
3240,7,180
4,11,181
21840,7,39
568,6,3
19408,7,2
24,7,2
592,4,182
4,7,224
12,11,182
4,6,3
4304,4,157
16,7,183
4,14,0
852,4,79
7340,6,0
1696,4,183
4,6,1
660,4,183
4,7,184
4,15,132
6244,7,73
92,3,47
20,7,153
2128,6,3
3836,8,185
1260,7,185
2704,7,169
8,6,2
4,11,1
1100,4,186
11576,7,188
484,7,189
19216,7,189
5924,6,2
20,7,2
4,16,190
1556,7,190
12,7,23
12,10,2
4,3,3
10020,4,189
20,14,0
3632,4,157
21432,7,191
4,7,1
12,10,1
2136,4,192
4616,7,72
13816,7,21
8,6,2
1656,4,193
4,22,3
2732,4,193
4,3,194
4888,7,184
5696,7,96
9312,7,195
2352,6,0
1700,4,196
1016,7,196
12,7,209
4172,7,196
11236,7,85
14172,7,8
4320,7,197
44,10,2
12,3,0
944,4,197
4,7,198
2412,6,2
1772,4,21
4012,7,199
13200,7,206
10636,6,2
12,4,7
19752,7,7
21400,7,212
8,7,200
2812,7,201
4,7,202
12824,7,95
3332,7,202
4,7,203
9204,7,107
5288,7,203
4,10,1
5336,3,2
12,4,204
4,7,205
17716,7,56
22140,7,206
14492,7,207
4,10,0
3152,4,85
20,11,86
13268,7,120
15116,7,208
4,15,13
16,15,201
1884,7,208
16868,7,65
3688,7,89
8,6,1
11232,4,27
20,7,210
4,6,3
356,4,210
3996,7,211
8376,7,211
6916,7,233
5344,6,2
280,4,212
3968,6,1
456,4,183
16,6,3
2300,4,212
4,7,213
9820,7,225
1384,7,213
18044,7,70
6364,6,2
5976,4,40
152,7,216
4144,7,216
4912,7,201
8528,6,2
12272,4,4
8540,7,209
20,10,2
3140,4,217
304,7,218
4,7,132
12,10,0
3536,4,220
17868,7,244
3224,6,2
16,4,221
4,6,1
5128,4,221
11588,7,222
4,15,223
13004,7,181
12,10,3
696,4,223
12,7,27
12,10,2
4,8,76
32,11,11
12,7,224
4,7,151
15628,7,144
3148,7,225
520,7,225
7420,7,241
16788,6,2
16,7,2
308,4,164
16,10,0
228,4,181
32,11,226
8,11,227
9988,7,156
12,7,86
3600,7,241
1512,7,227
6236,6,2
12,4,229
17868,7,229
7936,7,90
864,7,230
4,10,0
1324,4,230
16492,7,13
10528,7,75
10996,7,230
13180,7,53
4136,7,231
18884,7,201
12,7,232
8824,7,200
12,10,2
16,4,168
16,14,2
20,4,30
7808,7,236
4,14,0
16048,7,2
1968,4,238
2060,7,225
12,6,2
3036,4,238
14700,7,74
1060,7,238
20,7,250
2488,7,172
20,7,206
3604,7,239
6216,7,159
18824,7,65
20,7,241
4,10,0
2336,4,182
1764,7,241
3208,7,241
7688,7,242
4,7,243
4,26,3
5500,4,230
1380,7,245
17248,7,54
64,6,3
616,4,247
10316,7,161
8,7,171
500,7,247
5312,7,130
12,7,14
2876,7,247
4,3,248
9668,6,3
4072,4,249
24320,7,158
9684,7,127
21408,7,133
4064,7,213
1588,7,250
16300,7,250
4,7,116
32,7,5
16116,7,202
28,11,250
16324,7,168
12,7,251
14088,7,251
4396,7,23
1100,7,255
16,6,2
4,7,0
276,4,253
17220,7,72
12,6,2
6088,7,2
44,4,255
22640,7,0
4,6,0
17604,4,0
19460,7,118
12184,6,2
672,4,214
1948,7,2
3352,7,206
5912,7,2
284,7,75
23956,7,158
16148,6,3
24,4,85
9228,7,78
11360,6,3
89,4,136
496,6,3
24,4,83
8,6,3
4,16,5
900,6,3
6532,4,169
8,6,3
4,4,7
4,10,1
2828,4,224
13140,6,3
1616,4,225
3424,7,9
6328,6,3
396,4,9
4672,6,3
12,7,3
4,4,10
11108,7,10
4,10,2
24716,7,3
14488,4,166
1040,6,3
4,11,0
300,4,176
20,11,12
4,14,1
648,3,3
1708,4,226
22980,7,85
8,7,39
4248,6,3
25148,4,14
364,6,3
8,3,3
4,4,15
10288,7,168
288,7,15
6992,7,136
5380,6,3
1432,4,93
1440,11,111
692,6,3
15664,4,119
708,7,207
8,6,3
4,11,2
276,4,16
652,7,17
504,6,3
6216,4,17
15284,7,233
21700,7,18
4,6,2
1548,4,77
28,7,65
1876,6,3
2144,3,3
10072,4,237
12,10,3
1924,4,160
5028,6,3
4460,4,227
6428,7,22
16248,7,22
2740,6,1
128,4,22
2348,6,3
3240,4,249
12,7,19
360,6,3
12212,4,181
32,10,2
5980,4,161
16,11,167
836,6,3
19552,4,218
1948,7,83
8,7,161
28,10,3
4,7,2
1288,4,148
17632,7,25
3980,6,3
24852,4,26
460,7,27
244,7,27
1288,7,65
10500,6,1
692,3,3
6288,4,27
3828,6,3
1572,4,81
8512,7,27
24920,7,28
9924,6,3
12324,4,217
8,6,3
4,4,29
12108,7,43
11844,6,3
16,4,30
4,10,0
2148,4,202
15136,6,3
6068,4,45
15324,7,224
6728,7,195
11052,7,34
5232,7,34
21168,7,136
7952,7,95
20,10,3
6092,4,114
14404,7,35
14592,6,3
12188,4,38
2692,7,250
11696,7,156
12996,6,3
628,4,212
4528,6,3
12,4,243
8,6,3
4,8,40
23340,6,3
4,8,42
4,3,43
3868,6,3
10544,4,214
14256,7,228
20,10,3
3592,4,183
8,7,190
25864,7,163
1892,6,1
14488,4,46
12,7,86
6888,7,83
1720,6,3
24,8,126
2776,6,3
8792,4,48
1348,6,3
4,24,34
6476,6,1
4784,4,250
368,6,2
11384,4,174
16012,6,2
2132,3,3
408,4,178
12248,7,242
14772,7,38
13752,7,107
1556,7,11
168,7,232
2292,7,51
14396,7,18
17744,7,6
21312,7,0
11564,7,186
3564,7,83
8052,6,3
1284,4,16
11580,6,2
5420,4,35
4348,7,190
11408,7,145
5840,7,177
5436,6,3
4188,4,122
9884,7,214
13812,7,233
9264,7,197
1308,7,60
6144,7,176
9160,7,185
14220,6,2
6108,4,245
15772,7,183
19564,7,11
15360,7,174
15136,7,69
1680,7,127
5384,7,118
964,7,21
16524,7,230
4420,7,201
6008,7,7
2264,7,216
4,3,16
4316,7,169
6560,7,7
2408,7,191
8,3,3
5824,7,54
6144,7,72
17468,7,126
3996,7,30
7996,7,97
10932,7,162
2840,6,3
952,4,154
8412,7,252
1100,7,56
24464,7,29
6708,6,3
584,4,211
860,7,249
2396,7,173
9672,7,129
1104,7,92
14268,7,128
16,3,132
8984,7,163
1264,7,208
9152,7,188
3180,6,3
7460,4,233
140,6,2
3320,4,92
124,6,2
2252,4,139
7664,7,70
1752,7,134
9272,7,127
200,7,214
16480,7,250
3196,7,222
612,7,162
4040,7,94
4516,7,190
7088,7,120
6864,7,138
172,7,133
7992,7,243
1236,7,32
144,6,0
112,4,111
11536,7,236
6964,7,45
9712,6,2
68,4,141
1380,7,226
308,7,135
6372,7,168
2740,7,172
2864,7,215
23600,7,139
9312,7,170
316,7,45
15252,7,77
152,7,53
3256,7,68
4192,6,1
1160,4,92
712,7,25
18064,7,93
4224,7,86
6524,7,168
18272,7,130
7724,6,1
3100,4,224
10816,7,126
592,7,32
3868,7,206
10852,6,2
592,4,216
7444,7,217
2476,7,148
18812,7,160
18516,7,250
10148,7,9
2688,7,4
10432,7,127
104,6,0
3504,4,81
5348,7,6
272,6,3
1444,4,217
2296,7,215
27252,7,193
12900,7,213
4712,7,238
9280,7,110
7120,7,25
22724,7,130
132,6,3
1812,4,22
13300,7,118
1940,7,4
6700,7,182
10212,7,200
8088,7,80
1900,7,252
28,6,0
21320,7,2
84,4,229
3584,7,4
1112,7,17
2892,7,177
3012,7,64
5784,6,3
12064,4,249
132,6,0
6504,4,160
3748,7,205
24172,7,243
8776,7,188
700,7,68
6816,7,32
11524,7,82
20036,7,241
4,7,120
14800,7,24
5012,7,223
452,7,143
4912,10,0
356,4,84
5240,6,3
8096,4,7
184,7,209
19684,7,249
16080,7,93
2616,7,128
252,7,233
448,7,12
9116,7,150
10648,7,181
13700,7,129
17740,7,70
11500,6,3
212,4,211
6580,7,61
796,6,1
580,4,228
14248,7,83
3484,7,107
648,6,3
5652,4,188
2172,7,24
6640,7,115
22928,7,110
112,7,139
1204,7,131
19708,7,121
2456,7,248
8164,7,170
2788,7,161
11732,7,189
2832,7,170
104,7,230
3068,7,232
24608,10,2
3424,4,65
9560,7,133
7196,7,249
5536,7,76
7112,7,167
488,6,0
2156,8,46
3636,7,31
9728,7,148
15000,7,228
3172,7,184
3896,7,1
18836,7,204
14312,7,159
19524,7,19
3508,7,33
5300,7,131
24244,6,0
1128,4,233
1420,6,3
1060,4,255
1996,7,133
1916,7,184
4500,7,141
804,7,123
7332,7,68
7236,7,5
11760,7,17
544,7,209
5640,7,131
7596,6,0
3704,4,128
8576,7,50
448,7,39
3052,6,3
1084,4,13
11736,6,2
3620,4,231
5808,7,182
20904,7,70
4732,7,184
17468,7,163
4164,7,193
8308,7,77
1748,6,1
912,4,161
13720,7,21
652,7,73
1764,6,3
620,4,114
3200,10,0
5764,4,171
3264,7,139
4624,7,25
860,7,5
6904,7,247
140,7,8
6820,7,171
2128,7,247
7812,7,14
10280,7,1
28,3,192
14884,7,237
64,7,62
1960,7,231
12356,7,69
24792,7,187
19888,7,62
7728,7,209
25632,10,1
996,4,192
4,3,68
4236,7,4
4368,7,83
14352,7,209
9788,10,3
2620,7,1
2284,4,30
4076,7,17
7512,6,3
3060,4,178
5972,6,2
612,4,186
584,6,3
52,4,186
84,7,206
1064,7,19
1548,7,152
12928,7,165
12768,7,70
3828,7,17
4,3,246
384,7,231
10320,7,126
388,7,25
728,7,177
5052,7,208
940,7,135
11648,7,240
5604,7,223
10396,7,229
5528,7,199
1332,7,13
22227,6,1
200,4,172
23812,7,94
10168,7,230
372,6,3
468,4,191
968,7,236
208,6,3
688,4,148
22236,7,185
5400,7,232
7188,7,71
8448,7,54
3248,7,151
4584,7,30
7436,7,139
884,7,211
2668,7,53
1828,7,191
2620,6,0
4704,4,9
512,7,131
17764,7,144
19056,7,159
10296,7,116
20652,11,221
2004,7,210
556,7,164
27312,7,133
1632,6,3
1456,4,27
28048,10,0
6856,4,51
26632,7,24
11520,7,5
496,6,0
244,4,191
16880,7,204
7232,7,129
4224,7,218
7612,7,12
4496,7,81
6676,7,247
10024,7,238
25492,7,55
10956,7,59
680,6,3
1624,4,143
3432,7,12
14252,7,96
2040,7,55
3428,7,2
460,7,158
360,7,25
2348,7,230
11352,6,3
8996,4,65
1316,7,57
6040,7,95
15156,6,2
9380,4,118
7016,6,3
1072,4,203
14232,7,133
16652,7,110
24456,7,181
16988,7,0
376,7,76
1864,7,221
11292,7,210
13756,7,158
1780,7,191
4908,7,55
9828,7,180
23672,7,79
14756,7,144
17608,6,3
3020,4,48
6132,7,241
11448,7,90
23068,7,36
5008,7,76
12,3,224
11292,7,67
11084,7,65
3756,7,211
7220,7,156
21876,7,15
2260,7,242
14760,7,29
3816,7,174
3660,7,243
4380,7,137
18372,7,213
7988,7,128
2264,7,19
10412,7,166
23528,7,229
7640,7,225
1900,6,3
1976,4,92
5388,7,177
7220,7,54
2704,7,213
196,10,0
92,4,118
4548,6,3
2804,4,190
7996,7,253
464,6,0
2252,7,3
15972,4,164
516,7,186
14232,7,14
4736,7,220
8412,6,2
8420,4,206
1132,7,62
7340,7,152
1300,7,212
884,7,207
28140,7,117
6176,7,143
10896,7,152
16072,7,149
3040,7,106
6436,7,207
2324,7,125
2328,6,3
1148,4,203
104,6,2
296,4,102
11968,7,95
2100,7,245
22856,7,187
2356,7,46
1464,7,48
8728,7,50
2752,7,168
1296,7,235
8900,6,2
7240,4,13
2100,7,18
1148,7,220
7080,7,128
9892,7,84
1420,7,207
2096,7,28
10732,7,143
6592,7,63
680,7,79
1832,7,171
3060,7,8
24048,7,248
440,6,0
3704,4,84
6764,7,116
7752,7,221
19464,7,185
9944,7,113
19220,7,196
14372,7,153
6084,7,12
424,7,110
2696,7,94
1032,6,0
1356,4,156
3320,7,139
1092,7,214
8144,7,166
9260,7,191
25864,7,14
3184,7,180
1356,7,74
488,7,255
9708,7,171
400,7,139
10156,7,204
28,7,114
24996,7,36
1152,7,61
10760,7,152
1024,7,210
7360,7,168
6464,7,153
792,7,239
9368,7,133
2324,7,3
572,7,121
200,7,80
4540,7,4
796,7,140
8428,7,81
2060,7,240
6320,7,84
3672,7,245
8076,7,212
9320,7,176
2076,7,31
6660,7,231
10516,7,175
10008,6,2
3692,4,215
7600,7,16
2688,7,163
2572,7,120
7560,7,10
13932,7,199
376,7,249
76,7,106
7628,6,3
4176,4,0
17312,7,61
1564,7,118
10376,7,137
1348,7,165
15056,7,3
29840,6,1
200,3,3
1268,4,41
6568,7,1
3280,7,17
5108,7,84
11532,7,97
9572,7,162
1292,7,129
6964,7,20
18684,7,102
280,7,76
1604,7,171
440,7,143
5988,7,107
11368,7,131
13364,7,228
3112,7,211
8544,7,227
12908,7,78
908,6,0
2788,4,181
752,7,164
11040,7,193
12172,7,51
12,3,244
9808,7,146
376,7,43
44,6,1
1092,4,231
1336,6,0
24592,7,0
11884,4,87
8936,7,120
1748,6,3
2128,4,36
15248,7,176
9516,6,3
2900,4,193
1772,7,149
9056,7,121
4128,7,10
6892,7,195
29356,7,170
588,7,50
356,7,168
2012,7,110
1960,7,195
5032,7,55
3940,7,62
1620,7,82
4116,7,230
632,7,47
2428,7,108
340,7,125
23896,7,130
25632,7,143
644,7,50
3104,7,200
15148,7,209
23504,11,197
5500,6,2
448,4,113
12264,7,230
21164,7,226
13256,7,61
2076,7,172
596,6,1
1140,4,15
26480,7,53
12092,7,221
172,7,183
12392,7,116
612,7,223
2636,6,1
924,4,222
14140,7,173
13400,7,94
10992,10,0
1508,4,15
25188,7,41
708,7,84
172,7,240
18380,7,184
144,7,206
2296,7,46
2444,7,162
11428,7,169
7152,7,143
26096,7,14
2832,10,1
7260,4,0
1904,7,100
12104,7,123
3276,7,227
2884,7,181
16864,7,19
13132,7,191
7632,7,130
204,7,98
18968,7,128
8148,7,100
7836,7,227
17340,7,151
1644,7,39
5660,7,148
3580,7,164
19752,7,100
3736,6,3
1584,4,51
14592,6,3
968,4,61
1964,7,86
5044,7,45
30836,7,72
888,7,32
23424,7,199
628,7,1
420,6,3
60,4,238
2684,7,182
2556,7,29
3492,7,6
920,7,206
2668,7,230
360,7,141
20,3,187
3888,7,179
20324,7,25
1396,7,255
2240,7,211
11368,7,19
5424,7,2
17740,7,35
2196,7,71
26748,7,180
10272,7,204
820,7,95
3044,7,21
30328,11,194
324,7,100
10104,7,221
9504,7,52
14108,7,44
5696,7,232
7024,7,25
9848,7,101
20,3,103
2224,6,1
580,4,59
2332,7,4
19140,7,50
3180,7,137
9180,7,19
4264,7,190
13792,7,219
788,7,104
4680,7,128
5520,7,34
4020,7,86
7200,7,253
508,7,238
2680,7,97
27304,7,181
17952,7,237
432,7,156
9064,7,53
7436,7,127
14764,7,0
25148,7,249
6668,7,57
2324,7,54
3632,7,143
21792,7,34
15688,7,147
1584,7,85
11668,7,31
5140,7,37
6368,7,28
9972,7,57
3000,7,16
11496,7,120
11180,7,121
6348,7,19
8,3,254
4744,7,88
19316,7,104
4208,7,24
20236,7,234
10492,7,32
16184,7,81
4580,7,157
13684,7,242
3188,7,145
14928,7,20
4704,7,55
3252,7,12
25288,7,206
4668,7,183
9160,7,125
736,7,236
2072,7,226
13452,7,152
1388,7,68
4268,7,116
21616,7,212
2932,7,223
204,6,0
684,4,5
24120,7,213
28916,7,129
6724,6,2
8,4,42
23376,7,64
13252,7,113
24632,7,167
23596,7,62
18124,7,154
19076,6,2
2904,4,62
1184,7,36
712,7,76
1996,6,3
796,4,102
1168,7,17
7396,7,40
36,7,203
19212,7,164
7488,7,123
1732,7,74
11324,7,183
4180,7,157
3540,7,132
22432,7,179
328,7,216
556,7,230
5124,7,152
6924,7,21
29568,7,242
1216,7,255
21712,11,138
6580,7,24
1080,7,127
27236,7,202
12,3,254
828,7,20
3556,7,164
824,7,118
1988,7,7
12560,7,104
32,6,3
596,4,116
2244,7,235
2432,7,44
7840,7,228
23036,7,56
32048,7,154
8228,7,35
25164,7,114
2556,7,41
7228,7,198
21452,7,71
29500,7,181
3772,6,3
6152,4,7
14368,7,96
25536,7,240
9268,7,195
168,7,222
1760,7,223
252,7,205
3564,6,1
7076,4,152
432,7,165
2916,7,197
14072,10,3
25180,7,2
780,4,21
19756,7,112
824,7,85
508,7,86
604,7,149
5212,7,212
4352,7,51
28776,6,2
348,4,220
18548,7,163
1448,7,208
2508,7,148
25224,7,250
824,7,114
16420,7,143
7428,7,94
3412,7,237
4456,7,227
4756,6,3
356,4,88
8680,7,65
23688,7,250
13800,7,74
16420,7,210
1788,6,3
2788,4,226
7492,7,52
1572,7,85
30196,7,231
1216,6,0
1644,4,156
3128,7,251
14364,7,29
1460,7,218
2116,7,146
10328,7,110
20284,7,172
204,7,46
4000,7,223
7008,7,29
708,7,202
2868,7,37
31008,7,45
2568,11,7
1732,7,131
25492,7,97
25724,7,199
7548,7,148
3388,7,203
9080,7,65
2264,7,50
