0,0,0
1,2,46
4,3,83
4,3,51
4,3,0
1,63,1
4,31,2
4,35,3
4,15,4
4,15,24
20,19,4
4,35,5
4,3,6
4,51,7
4,27,8
4,3,9
4,23,10
4,3,11
4,15,104
20,19,11
4,11,12
4,3,13
4,39,14
4,11,15
4,43,16
4,15,17
4,35,18
4,35,19
4,51,20
4,67,21
4,3,22
4,43,23
4,27,24
4,107,25
4,51,26
4,15,27
4,63,28
4,115,29
4,19,169
24,23,29
4,3,30
4,27,31
4,31,32
4,3,33
4,63,34
4,27,35
4,35,36
4,43,37
4,51,38
4,47,39
4,3,40
4,7,41
4,11,42
4,83,43
4,27,44
4,47,45
4,7,46
4,11,47
4,3,48
4,115,49
4,3,200
8,7,49
4,67,50
4,27,77
28,27,51
4,47,52
4,19,53
4,11,54
4,27,55
4,15,56
4,31,57
4,79,58
4,39,59
4,3,60
4,3,61
4,99,62
4,47,63
4,39,64
4,75,65
4,99,66
4,43,67
4,63,68
4,23,69
4,39,70
4,23,71
4,3,72
4,3,73
4,35,74
4,7,75
4,3,76
4,23,77
4,43,78
4,27,79
4,35,80
4,3,81
4,3,82
4,51,83
4,55,84
4,39,85
4,35,86
4,7,87
4,3,88
4,11,140
16,15,88
4,19,89
4,3,90
4,3,91
4,91,92
4,15,93
4,75,94
4,3,95
4,59,96
4,15,97
4,91,98
4,63,99
4,55,121
44,43,100
4,19,101
4,47,102
4,3,103
4,15,104
4,15,105
4,35,106
4,27,107
4,127,108
4,11,109
4,63,110
4,11,111
4,27,112
4,51,113
4,63,114
4,67,115
4,55,116
4,43,117
4,43,118
4,31,119
4,23,120
4,55,121
4,19,122
4,35,123
4,7,124
4,3,125
4,31,126
4,47,127
4,35,128
4,3,129
4,55,65
36,35,130
4,83,131
4,3,132
4,51,133
4,3,134
4,123,135
4,51,136
4,3,137
4,95,138
4,3,139
2124,7,140
4,91,141
4,3,142
4,51,143
4,83,144
4,63,145
4,43,7
48,47,145
4,11,146
4,7,147
4,59,148
4,3,149
4,47,150
4,31,151
4,35,152
4,26,1
3712,4,152
4,19,153
4,99,154
4,63,155
4,35,156
4,3,157
4,3,158
4,39,159
4,26,1
3408,4,159
4,7,160
4,3,161
4,15,162
4,15,163
4,35,164
4,19,165
4,59,166
4,18,1
5876,4,166
4,67,167
4,3,168
4,39,169
4,63,215
4,3,170
4,39,171
4,3,172
4,43,173
4,115,174
4,27,175
4,3,176
4,3,177
4,79,178
4,15,179
4,67,180
4,35,181
4,91,182
4,99,183
4,26,1
1028,4,183
4,31,184
4,83,185
4,46,1
5928,4,185
4,15,186
4,35,187
4,67,188
4,79,189
4,15,190
4,27,191
4,31,192
4,23,193
4,3,194
4,87,195
4,67,196
4,67,197
4,43,198
4,19,199
4,11,200
4,51,201
4,35,202
4,23,203
4,39,204
4,91,205
4,3,206
4,71,207
4,23,208
4,47,209
4,15,210
4,23,105
1044,3,61
20,15,211
4,55,212
4,19,213
4,62,1
6948,4,213
24,19,25
64,35,214
4,71,215
4,79,216
4,7,217
4,31,218
4,83,219
4,3,220
4,39,221
4,15,222
4,15,223
4,15,224
4,47,225
4,31,226
4,7,227
4,27,228
4,27,229
4,83,230
4,23,231
4,75,232
4,11,233
4,79,234
4,3,235
4,27,236
4,47,237
4,23,238
4,3,239
4,79,240
4,51,195
20,19,241
4,7,242
4,18,1
3488,4,242
4,63,243
4,75,244
4,31,245
4,63,246
4,47,247
4,59,248
4,19,249
4,43,250
4,47,251
4,79,252
4,31,253
404,7,253
4,30,1
8792,4,253
4,39,254
4,115,255
4,14,1
10503,16,1
4,3,2
4,47,3
4,35,4
4,59,5
4,55,6
4,39,7
4,91,8
4,27,9
4,11,10
4,155,11
4,27,12
4,14,0
7560,3,1
20,15,1
4,20,13
4,7,14
4,23,15
4,19,16
4,26,0
6064,3,1
16,8,17
4,39,18
4,83,196
28,27,19
4,3,20
4,43,21
4,35,22
4,63,23
4,35,24
4,51,25
4,95,26
4,43,27
4,11,28
4,35,29
4,19,92
24,23,29
4,11,30
4,11,31
4,35,32
4,95,33
4,83,34
4,71,35
4,15,36
4,39,37
4,7,38
4,7,39
4,67,40
4,43,41
4,79,42
4,91,43
4,3,44
4,11,45
4,99,46
4,59,47
4,83,48
4,31,49
4,3,147
4,3,50
4,14,0
6288,3,1
20,15,1
4,16,51
4,75,52
4,67,53
4,79,54
4,67,55
4,43,209
12,11,56
4,35,57
4,55,58
4,3,59
4,111,60
4,43,61
4,35,62
4,3,63
4,27,64
4,39,65
4,55,66
4,19,67
4,91,68
4,19,69
4,35,70
4,19,71
4,3,72
4,35,73
4,103,74
4,75,75
4,55,76
4,3,77
4,59,78
4,83,79
4,3,80
4,11,81
4,31,82
4,3,83
4,43,84
4,19,85
4,43,86
4,95,87
4,11,88
4,7,89
4,111,90
4,31,159
16,15,91
4,87,92
4,55,93
4,23,94
4,11,129
16,15,94
4,11,95
4,31,96
4,47,97
4,3,98
4,31,210
32,31,99
4,58,2
1524,4,99
4,51,100
4,27,101
4,71,102
4,35,103
4,19,104
4,91,105
4,3,106
4,23,107
4,67,108
4,3,109
4,3,110
4,55,111
4,3,112
4,3,113
4,31,114
4,7,115
4,7,73
12,11,115
4,15,116
4,31,117
4,47,118
4,6,2
2520,4,118
4,23,119
4,31,120
4,35,121
4,55,122
4,31,123
4,6,2
4848,4,123
4,83,124
4,7,125
4,39,126
4,3,127
4,27,128
4,19,129
4,7,98
12,11,129
4,11,130
4,31,131
4,39,132
4,43,133
4,47,134
4,7,135
4,23,136
4,67,137
4,47,138
4,63,139
4,43,140
4,11,141
4,55,142
4,75,143
4,67,144
4,3,145
4,3,146
4,31,147
4,51,148
4,7,149
4,3,150
4,39,151
4,23,152
4,15,153
4,51,154
4,15,155
4,3,156
4,27,157
4,3,158
4,31,159
4,107,160
4,3,161
4,55,162
4,127,163
4,39,164
4,35,165
4,19,166
4,83,167
4,55,168
4,51,169
4,67,170
4,27,171
4,71,172
4,7,173
4,19,167
12,11,174
4,3,175
4,3,176
4,39,177
4,3,245
8,7,177
4,18,2
1796,4,177
4,23,178
4,3,179
4,27,180
4,3,181
4,27,182
4,31,183
4,30,2
1984,4,183
4,3,184
4,63,185
4,3,186
4,55,187
4,3,188
4,7,189
4,10,2
4460,4,189
4,19,190
4,43,191
4,31,192
4,59,193
4,47,194
4,35,195
4,19,196
4,15,197
4,3,198
4,26,2
6296,4,198
4,19,199
28,3,60
4,3,123
12,6,1
4,12,200
4,43,201
4,19,202
4,83,203
4,19,204
4,83,205
4,31,206
4,19,207
4,51,208
4,7,209
4,47,210
4,95,211
4,35,212
4,67,213
4,18,2
5516,4,213
4,11,214
4,59,215
4,31,216
4,3,217
4,51,218
4,35,219
4,31,220
4,15,221
4,3,222
4,35,223
4,23,224
4,19,225
4,31,226
4,83,227
4,3,228
4,51,229
4,3,230
4,47,231
4,3,232
4,15,233
4,23,234
4,3,235
4,7,236
4,67,237
4,3,238
4,7,239
4,27,240
4,31,241
4,19,242
4,31,243
4,31,244
2176,7,245
4,79,246
4,19,247
4,7,248
4,55,249
4,35,250
4,11,251
4,39,252
4,3,253
4,27,254
4,31,255
4,34,2
20451,32,1
4,19,2
4,15,3
4,27,4
4,71,5
4,15,6
4,19,7
4,15,8
4,3,9
4,43,10
4,59,11
4,19,12
4,27,13
4,31,14
4,14,1
7248,3,2
20,15,2
4,4,15
4,11,16
4,31,17
4,47,18
4,3,19
4,67,20
4,31,21
4,95,142
8,7,22
4,23,23
4,43,24
4,35,25
4,95,26
4,27,27
4,87,28
4,27,29
4,27,30
4,51,31
4,15,32
4,7,33
4,3,85
8,7,34
4,47,35
4,35,28
40,39,35
4,3,36
4,75,37
4,11,38
4,11,39
4,19,40
4,35,41
4,43,42
4,95,43
4,67,44
4,3,45
4,47,46
4,47,47
4,47,48
4,63,49
4,11,50
4,3,131
8,7,50
4,19,51
4,27,52
4,35,53
4,19,54
4,47,55
4,51,56
4,23,57
4,119,58
4,63,59
4,51,60
4,123,61
4,27,62
4,19,63
4,59,64
4,47,65
4,3,66
4,3,67
4,19,68
4,30,1
6584,3,2
28,20,69
4,51,70
4,55,121
16,15,71
4,50,1
4032,3,2
28,20,72
4,23,73
4,31,247
32,31,74
4,11,75
4,35,76
4,39,77
4,99,78
4,23,79
4,31,80
4,14,1
4348,3,2
20,15,2
4,20,81
4,75,82
4,55,83
4,51,84
4,31,85
4,35,86
4,3,87
4,67,88
4,91,89
4,7,90
4,35,91
4,31,92
4,31,93
4,19,94
4,79,95
4,3,96
4,7,231
4,3,97
4,63,98
4,15,99
4,35,100
4,3,101
4,55,102
4,27,103
4,15,104
4,59,105
4,47,118
28,27,106
4,19,107
4,43,108
4,35,109
4,3,110
4,75,111
4,27,112
4,39,113
4,51,114
4,31,115
4,27,116
4,31,117
4,35,118
4,6,1
7868,3,2
12,7,2
4,48,119
4,7,120
4,35,121
4,59,122
4,11,29
8,7,123
4,63,124
4,11,220
16,15,124
4,3,125
4,19,126
4,99,127
4,67,128
4,43,129
4,23,130
4,67,131
4,47,132
4,15,133
4,31,134
4,35,135
4,7,136
4,3,137
4,23,138
4,59,139
4,55,140
4,19,141
4,51,131
20,19,142
4,31,143
4,15,144
4,39,145
4,87,146
4,3,147
4,19,179
20,19,148
4,31,149
4,3,150
4,3,151
4,23,152
4,3,153
4,7,154
4,39,155
4,3,156
4,47,157
4,18,1
7496,3,2
24,19,2
4,8,158
4,27,159
4,59,160
4,23,161
4,51,162
4,47,163
4,87,164
4,3,165
4,7,166
4,31,167
4,51,168
4,23,169
4,83,170
4,55,171
4,31,172
4,3,173
4,27,174
4,63,175
4,7,176
4,63,177
4,75,178
4,47,179
4,39,180
4,7,177
12,11,180
4,7,181
4,39,182
4,35,183
4,39,184
4,19,185
4,15,186
4,31,187
4,3,188
4,3,189
4,83,190
4,23,191
4,3,192
4,35,193
4,23,194
4,27,195
4,51,196
4,27,197
4,3,198
4,19,199
4,35,200
4,3,201
4,19,202
4,31,203
28151,3,3
8,6,2
4,36,204
4,19,205
4,67,206
4,3,207
4,102,3
6928,4,207
4,3,208
4,39,209
4,15,210
4,3,211
4,3,212
4,147,213
4,31,214
4,67,215
4,51,216
4,59,217
4,3,218
4,27,219
4,7,220
4,119,221
4,75,222
4,67,223
4,19,224
4,35,225
4,3,226
4,67,227
4,39,228
4,11,229
4,47,230
4,27,231
4,103,232
4,15,177
4,3,233
4,79,234
4,3,235
4,15,236
4,63,237
4,11,238
4,19,239
4,67,240
4,31,69
12,11,241
4,23,242
4,3,243
4,3,244
4,63,245
4,39,246
4,39,247
4,31,248
4,91,249
4,47,250
4,71,251
4,3,252
4,19,253
4,3,254
4,15,255
4,58,3
30355,19,3
4,40,1
4,71,2
2324,6,3
4,96,4
4,11,12
8,7,5
4,31,6
4,3,7
4,31,8
4,83,9
4,3,10
4,15,11
4,83,12
4,7,13
4,39,14
4,91,15
4,47,16
4,47,17
4,35,18
4,3,19
4,71,20
4,47,21
4,159,22
4,59,23
4,43,24
4,43,25
4,71,26
4,91,27
4,67,28
4,7,29
4,39,30
4,59,31
4,3,32
4,27,33
4,79,34
4,43,35
4,99,36
4,23,37
4,31,38
4,47,39
4,31,40
4,19,41
4,31,42
4,39,43
4,19,44
4,27,45
4,63,46
4,11,47
4,3,48
4,3,49
4,51,50
4,23,21
544,6,2
2760,3,3
11452,4,212
24,4,0
