0,0,0
1,2,18
4,3,0
1,18,0
1,16,1
4,15,2
4,18,0
4,16,3
4,18,0
0,0,4
4,3,5
4,18,0
4,18,0
4,18,0
4,10,6
4,3,7
4,18,0
4,18,0
4,18,0
4,18,7
4,3,8
4,18,0
4,8,9
4,18,0
4,18,0
4,18,0
4,18,10
4,18,0
4,18,0
4,13,11
4,18,0
4,18,0
4,18,0
4,10,12
4,18,0
0,0,13
4,3,14
4,3,15
4,18,0
4,18,0
4,13,16
4,18,0
4,12,17
4,18,0
4,18,0
4,18,0
4,18,17
4,18,0
4,12,18
4,18,0
4,18,0
4,5,19
4,3,20
4,18,0
4,18,0
4,5,21
4,18,0
4,18,0
4,18,0
4,14,22
4,18,0
0,0,23
4,18,0
4,18,0
4,13,24
4,11,25
4,18,0
4,12,26
4,18,0
0,0,27
4,18,0
4,4,28
4,18,0
4,8,29
4,18,0
4,8,30
4,18,0
4,18,0
1,1,31
4,18,0
4,18,0
1,1,32
4,18,0
4,18,0
4,18,0
4,18,32
4,18,0
4,12,33
4,18,0
4,18,0
4,18,0
4,18,33
4,3,34
4,3,35
4,18,0
4,12,3
20,18,0
0,0,36
4,3,37
4,18,0
4,18,0
4,18,0
4,6,38
4,3,39
4,18,0
4,12,40
4,18,0
4,12,41
4,18,0
4,18,0
4,18,0
4,10,42
4,18,0
0,0,59
4,3,43
4,3,44
4,3,45
4,11,46
4,3,47
4,18,0
4,16,48
4,18,0
4,18,0
4,18,0
4,18,49
4,18,0
4,18,0
4,5,50
4,18,0
4,18,0
4,18,0
4,18,50
4,15,51
4,18,0
4,18,0
4,18,0
4,18,51
4,18,0
4,18,0
4,18,0
4,18,51
4,18,0
4,8,52
4,18,0
4,18,0
4,17,53
4,18,0
4,16,54
4,18,0
4,16,55
4,15,56
4,3,57
4,7,58
4,18,0
4,18,0
4,18,0
4,18,58
4,18,0
4,8,59
4,18,0
4,12,60
4,18,0
4,18,0
4,18,0
4,6,61
4,3,62
4,3,63
4,18,0
4,18,0
4,9,64
4,15,65
4,18,0
4,18,0
4,18,0
4,18,65
4,7,66
4,18,0
4,18,0
4,18,0
4,6,67
4,18,0
4,12,68
4,3,69
4,18,0
4,18,0
4,18,0
4,10,70
4,18,0
4,4,71
4,7,72
4,11,73
4,11,74
4,3,75
4,18,0
4,4,76
4,18,0
4,16,77
4,3,78
4,18,0
4,12,79
4,18,0
0,0,113
8,7,80
4,18,0
4,18,0
4,17,81
4,18,0
4,18,0
4,18,0
4,18,81
4,18,0
4,4,82
4,11,83
4,15,84
4,18,0
4,18,0
4,18,0
4,18,84
4,18,0
4,8,85
4,18,0
4,18,0
4,18,0
4,14,86
4,18,0
4,18,0
4,18,0
1,2,87
4,18,0
0,0,88
4,18,0
4,12,89
4,18,0
4,18,0
4,17,90
4,18,0
4,18,0
4,18,0
4,10,91
4,18,0
4,18,0
1,1,92
4,3,93
4,3,94
4,18,0
4,18,0
4,18,0
4,10,95
4,18,0
4,16,96
4,18,0
4,18,0
4,18,0
4,10,97
4,18,0
4,18,0
4,18,0
4,10,98
4,18,0
4,12,99
4,18,0
4,18,0
1,1,100
4,18,0
4,18,0
252,5,100
4,18,0
4,18,0
4,17,101
4,18,0
0,0,102
4,18,0
4,16,103
4,18,0
4,4,104
4,18,0
4,18,0
1,1,105
4,11,106
4,18,0
4,18,0
4,9,107
4,18,0
4,8,108
4,18,0
4,16,109
4,18,0
4,8,110
4,18,0
4,8,111
4,18,0
0,0,112
4,18,0
4,18,0
1424,5,113
4,18,0
4,18,0
1,1,114
4,18,0
4,8,115
4,18,0
4,16,116
4,18,0
0,0,117
4,18,0
4,8,118
4,18,0
4,4,119
4,18,0
4,16,84
20,18,0
0,0,120
4,18,0
4,8,121
4,3,122
4,18,0
4,18,0
4,18,0
4,18,122
4,7,123
4,18,0
4,16,136
8,7,124
4,18,0
4,18,0
4,18,0
4,14,125
4,18,0
4,18,0
4,18,0
4,18,126
4,18,0
4,8,127
4,18,0
4,18,0
4,17,128
4,18,0
0,0,129
4,18,0
4,16,130
4,18,0
4,18,0
4,18,0
4,18,130
4,18,0
4,18,0
4,17,118
16,15,131
4,18,0
4,18,0
4,18,0
4,10,132
4,7,133
4,15,111
20,18,0
4,18,0
4,5,106
20,18,0
4,12,134
4,18,0
4,16,135
4,18,0
4,8,136
4,18,0
4,18,0
4,13,137
4,18,0
4,8,138
4,18,0
4,18,0
4,18,0
4,18,138
4,11,139
4,18,0
4,18,0
4,18,0
4,18,139
4,18,0
4,18,0
1,1,140
4,18,0
4,18,0
4,18,0
4,10,141
4,18,0
4,4,113
20,18,0
0,0,142
4,18,0
4,18,0
4,17,143
4,18,0
4,16,144
4,18,0
4,16,145
4,18,0
4,18,0
4,18,0
4,14,146
4,11,116
16,15,146
4,18,0
4,18,0
4,13,147
4,18,0
4,18,0
4,5,148
4,18,0
4,16,149
4,18,0
4,18,0
4,18,0
4,18,149
4,18,0
0,0,150
4,3,156
4,3,151
4,3,152
4,15,153
4,18,0
4,18,0
4,18,0
4,18,153
4,18,0
0,0,154
4,3,155
4,18,0
4,18,0
164,5,156
4,18,0
4,18,0
1,1,157
4,3,158
4,18,0
4,18,0
4,13,159
4,18,0
4,18,0
1,1,160
4,3,161
4,18,0
4,18,0
4,5,162
4,18,0
4,18,0
4,5,163
4,3,164
4,3,165
4,18,0
4,18,0
4,18,0
4,10,166
4,18,0
0,0,167
4,18,0
4,18,0
4,18,0
4,18,167
4,3,168
4,18,0
4,16,169
4,18,0
4,12,170
4,18,0
4,18,0
4,18,0
4,18,170
4,7,171
4,15,204
20,18,0
4,4,172
4,18,0
4,18,0
4,5,173
4,3,174
4,18,0
0,0,175
4,18,0
4,18,0
4,17,176
4,11,177
4,18,0
4,18,0
1,1,178
4,3,179
4,18,0
4,18,0
4,13,180
4,18,0
4,18,0
4,18,0
4,18,180
4,18,0
4,12,181
172,7,181
4,15,182
4,18,0
4,18,0
4,18,0
1,2,183
4,18,0
4,18,0
4,5,184
4,7,185
4,18,0
4,18,0
4,5,186
4,18,0
4,18,0
4,5,187
4,18,0
4,18,0
4,13,188
4,18,0
4,8,189
4,18,0
4,16,190
4,15,182
8,7,191
4,18,0
4,4,192
4,18,0
4,18,0
4,18,0
4,14,193
4,18,0
0,0,194
4,18,0
4,16,195
4,11,196
4,18,0
4,18,0
4,17,197
4,18,0
4,16,198
4,3,199
4,18,0
4,4,200
4,18,0
4,18,0
4,17,201
4,18,0
4,18,0
4,18,0
4,18,201
4,18,0
4,8,202
4,18,0
4,18,0
4,5,167
4,3,203
1224,7,204
4,18,0
4,18,0
4,5,205
4,7,206
4,18,0
4,18,0
4,18,0
4,6,207
4,18,0
4,18,0
4,13,208
4,15,209
4,18,0
4,18,0
4,17,210
4,3,211
4,15,212
4,18,0
0,0,233
16,15,184
4,3,213
4,18,0
4,18,0
4,18,0
4,18,213
4,18,0
4,4,214
4,3,215
4,18,0
4,12,216
4,18,0
4,18,0
4,18,0
4,6,217
4,18,0
4,8,218
4,18,0
4,18,0
4,13,219
4,3,220
4,18,0
4,18,0
4,18,0
4,14,221
4,18,0
4,18,0
4,13,222
4,18,0
4,18,0
4,17,223
4,3,224
4,3,225
4,7,194
12,11,225
4,18,0
4,18,0
4,17,226
4,7,227
4,18,0
4,18,0
4,18,0
4,6,228
4,18,0
4,18,0
1,1,229
4,3,230
4,18,0
4,12,231
4,18,0
0,0,232
4,18,0
4,8,233
4,18,0
0,0,234
4,18,0
4,18,0
4,9,235
4,15,236
4,18,0
4,18,0
4,18,0
4,18,236
4,18,0
4,18,0
848,5,237
4,18,0
4,12,238
4,18,0
4,18,0
4,18,0
4,18,238
4,7,239
4,18,0
4,18,0
4,18,0
4,18,239
4,7,240
4,18,0
4,18,0
4,9,241
4,18,0
4,18,0
4,18,0
4,14,242
4,11,243
4,3,244
4,3,245
4,18,0
4,12,246
4,18,0
4,18,0
4,9,247
4,18,0
4,18,0
4,18,0
4,18,247
4,7,230
16,15,248
4,18,0
4,18,0
4,17,249
4,11,250
4,18,0
4,18,0
4,17,251
4,3,252
4,18,0
4,4,253
4,7,254
4,18,0
4,16,255
4,14,1
7,3,1
4,18,0
4,18,0
4,14,1
4,18,1
4,18,0
4,18,0
4,10,2
4,18,1
4,18,0
4,18,0
4,2,3
4,18,1
4,18,0
4,5,4
4,18,1
4,12,5
4,18,1
4,8,6
4,18,1
4,18,0
4,18,0
4,18,7
4,18,1
4,3,0
1524,3,1
12,4,8
4,3,9
4,18,1
4,18,0
4,18,0
4,18,10
4,11,11
4,3,12
4,18,1
4,18,0
4,18,0
4,18,12
4,11,13
4,18,1
4,18,0
4,5,14
4,18,1
4,8,15
4,18,1
4,18,0
4,18,0
4,14,16
4,18,1
4,18,0
4,1,17
4,3,18
4,18,1
4,18,0
4,18,0
4,18,18
4,3,19
4,7,53
12,11,19
4,18,1
4,18,0
4,18,0
4,14,20
4,18,1
4,18,0
4,18,0
4,10,21
4,18,1
4,18,0
4,9,22
4,18,1
4,18,0
4,1,23
4,3,24
4,18,1
4,4,25
4,18,1
4,18,0
4,9,26
4,18,1
4,18,0
1232,4,1
24,18,0
4,18,0
4,6,27
4,18,1
4,16,36
4,3,28
4,18,1
4,16,26
8,7,29
4,18,1
4,12,30
4,18,1
4,18,0
4,18,0
4,18,30
4,3,31
4,18,1
4,16,32
4,18,1
4,18,0
4,18,0
4,18,32
4,18,1
0,0,33
4,18,1
4,18,0
4,18,0
4,10,34
4,18,1
4,4,35
4,18,1
4,18,0
4,18,0
4,18,35
464,7,36
4,3,47
12,11,36
4,18,1
4,18,0
4,9,37
4,18,1
4,18,0
4,18,0
4,6,38
4,18,1
4,12,39
4,3,40
4,3,76
8,7,40
4,18,1
4,16,41
4,18,1
4,18,0
4,18,0
4,2,42
4,18,1
4,18,0
4,18,0
4,2,43
4,18,1
4,18,0
4,1,44
4,18,1
4,12,45
4,18,1
4,12,46
4,18,1
4,18,0
4,18,0
4,14,47
4,18,1
4,8,48
4,7,49
4,18,1
4,12,50
4,18,1
4,18,0
4,18,0
4,14,51
4,11,52
4,18,1
4,18,0
1608,5,53
4,18,1
4,4,54
4,3,55
4,18,1
4,18,0
4,1,56
4,3,57
4,7,58
4,3,59
4,18,1
4,18,0
4,18,0
4,18,59
4,18,1
0,0,60
4,3,61
4,18,1
4,16,62
4,18,1
0,0,63
4,18,1
4,18,0
4,5,64
4,18,1
4,18,0
4,13,65
4,3,66
4,18,1
4,12,67
4,15,68
4,18,1
4,12,69
4,18,1
4,18,0
4,17,70
4,18,1
0,0,71
4,18,1
4,18,0
4,13,72
4,18,1
4,16,73
4,18,1
4,18,0
4,5,74
4,18,1
4,8,75
4,18,1
4,16,76
4,18,1
4,18,0
4,17,77
4,7,78
4,18,1
4,4,79
4,3,80
4,18,1
4,16,81
4,18,1
4,18,0
4,1,82
4,15,83
4,18,1
4,18,0
4,18,0
4,6,84
4,18,1
4,18,0
4,9,85
4,18,1
4,16,86
4,3,87
4,18,1
4,18,0
4,13,88
4,18,1
4,16,89
1456,7,89
4,7,90
4,18,1
4,18,0
4,18,0
4,14,91
4,18,1
4,16,92
4,18,1
4,18,0
4,18,0
4,14,93
4,3,94
4,11,95
4,18,1
4,8,96
4,18,1
4,18,0
4,18,0
4,2,97
4,18,1
4,18,0
4,18,0
4,2,98
4,18,1
4,18,0
4,18,0
4,18,98
4,18,1
4,8,99
4,18,1
0,0,100
4,18,1
4,18,0
4,9,101
4,18,1
4,18,0
4,9,102
4,18,1
4,18,0
4,5,103
4,18,1
4,18,0
4,18,0
4,18,103
4,11,104
4,18,1
4,18,0
4,18,0
4,18,105
4,18,1
4,18,0
4,18,0
4,18,105
4,7,106
4,7,107
4,18,1
4,4,108
4,18,1
4,18,0
4,17,109
4,7,105
12,11,109
4,15,110
4,18,1
4,4,92
20,18,1
4,18,0
4,5,111
4,3,112
4,18,1
0,0,113
4,18,1
4,18,0
4,18,0
4,10,114
4,3,115
4,15,116
4,18,1
4,18,0
4,18,0
4,18,116
4,11,117
4,18,1
4,4,118
4,3,119
4,3,120
4,18,1
4,16,121
4,11,83
16,15,121
4,11,122
4,3,123
4,18,1
0,0,124
4,18,1
4,12,125
4,18,1
4,16,126
4,18,1
4,18,0
4,5,127
4,18,1
4,18,0
4,9,128
4,18,1
0,0,129
4,18,1
4,16,130
4,18,1
4,18,0
4,18,0
4,18,131
4,18,1
4,16,132
4,18,1
4,18,0
4,18,0
4,18,132
4,18,1
0,0,133
4,3,134
4,18,1
4,18,0
4,18,0
4,18,134
4,18,1
4,4,135
4,18,1
4,18,0
4,18,0
4,18,136
4,3,137
4,18,1
4,18,0
4,18,0
4,18,137
4,18,1
0,0,138
4,18,1
4,18,0
4,13,139
4,3,156
8,7,139
4,18,1
4,12,140
4,18,1
4,18,0
4,1,141
4,7,142
4,18,1
4,18,0
4,1,143
4,18,1
4,18,0
4,18,0
4,6,144
4,7,145
4,18,1
4,18,0
4,18,0
4,14,146
4,18,1
4,18,0
4,18,0
4,6,147
4,18,1
4,18,0
4,13,148
4,18,1
4,18,0
4,13,149
4,3,150
4,18,1
4,12,151
4,18,1
4,18,0
4,18,0
4,2,152
4,18,1
4,16,153
4,18,1
4,8,154
4,18,1
4,4,183
20,18,1
4,12,155
660,7,156
4,18,1
4,18,0
4,9,157
4,3,158
4,18,1
4,18,0
4,17,156
8,7,159
4,18,1
4,16,160
4,18,1
4,8,188
20,18,1
4,18,0
4,18,0
4,18,160
4,3,161
4,18,1
4,16,142
4,3,162
4,3,163
4,18,1
4,18,0
4,18,0
4,18,164
4,18,1
4,18,0
4,17,165
4,3,166
4,18,1
4,8,167
4,18,1
0,0,168
4,18,1
4,18,0
4,18,0
4,18,169
4,18,1
4,12,170
4,18,1
4,18,0
4,18,0
4,18,170
4,18,1
4,4,171
4,3,172
4,18,1
4,18,0
4,18,0
4,10,173
4,3,174
4,15,175
4,18,1
4,18,0
4,18,0
4,18,175
4,15,176
4,18,1
4,18,0
4,18,0
4,18,176
4,18,1
4,18,0
4,18,0
4,18,176
4,7,177
4,18,1
4,18,0
4,18,0
4,18,177
4,15,178
4,18,1
4,12,179
4,18,1
4,18,0
4,5,180
4,18,1
4,4,220
20,18,1
4,18,0
4,18,0
4,18,180
4,18,1
4,4,181
4,3,182
4,18,1
4,18,0
4,18,0
4,18,183
4,18,1
4,18,0
4,18,0
4,10,184
4,18,1
4,18,0
4,5,185
4,18,1
4,18,0
4,18,0
4,18,185
4,3,186
4,18,1
4,4,187
4,18,1
4,18,0
4,9,188
4,18,1
4,18,0
4,18,0
4,18,188
4,18,1
4,4,189
4,18,1
4,12,190
4,18,1
4,16,191
4,18,1
4,12,164
12,11,192
4,3,193
4,18,1
4,8,194
4,18,1
4,8,195
4,3,196
4,7,197
4,18,1
4,16,198
4,18,1
0,0,199
4,18,1
4,18,0
4,18,0
4,10,200
4,18,1
4,18,0
4,17,201
4,7,202
4,18,1
4,18,0
4,18,0
4,18,202
4,3,203
4,7,204
4,18,1
4,18,0
4,18,0
4,2,205
4,7,206
4,18,1
4,18,0
4,1,207
4,3,208
4,18,1
4,12,209
4,18,1
4,18,0
4,5,210
4,18,1
4,4,211
4,11,212
4,18,1
4,12,213
4,18,1
4,18,0
4,18,0
4,18,213
4,18,1
0,0,214
4,3,215
4,18,1
4,18,0
4,18,0
4,2,216
4,7,217
4,11,218
4,18,1
4,12,219
4,18,1
4,18,0
4,5,220
4,18,1
4,18,0
4,18,0
4,18,221
4,18,1
4,18,0
4,9,222
4,18,1
0,0,223
4,3,224
4,18,1
4,18,0
4,9,225
4,18,1
4,18,0
4,9,226
4,11,227
4,11,228
4,18,1
0,0,229
4,18,1
4,18,0
4,13,230
4,18,1
0,0,231
4,3,232
4,18,1
4,18,0
4,17,233
4,18,1
4,8,246
20,18,1
4,16,234
4,3,235
4,18,1
4,8,252
12,11,236
4,18,1
4,18,0
4,18,0
4,18,236
4,18,1
4,4,237
4,18,1
4,18,0
4,9,238
4,18,1
4,18,0
4,1,239
4,15,240
4,18,1
4,16,241
4,18,1
4,8,242
4,18,1
4,4,205
20,18,1
4,16,209
20,18,1
4,8,243
4,18,1
4,4,244
4,18,1
4,18,0
4,18,0
4,18,244
4,3,245
4,18,1
4,18,0
4,5,246
4,6,2
0,0,20
12,10,1
4,18,0
4,13,247
4,11,248
4,15,249
4,18,1
4,18,0
4,1,250
4,18,1
4,16,251
4,18,1
4,18,0
4,18,0
4,6,252
4,18,1
4,18,0
4,18,0
4,2,253
4,3,254
4,3,255
284,3,0
4,18,2
4,18,0
4,1,2
20,18,2
4,18,0
4,18,0
4,18,0
4,3,1
4,18,2
4,18,0
4,9,2
4,18,2
4,16,3
4,7,23
12,11,3
4,18,2
4,16,4
4,18,2
4,4,5
4,18,2
4,18,0
4,18,0
4,18,5
4,11,6
4,18,2
0,0,7
4,3,8
4,18,2
4,18,0
4,18,0
4,18,8
4,11,9
4,18,2
4,18,0
4,18,0
4,18,9
4,3,10
4,10,1
1484,3,2
16,11,2
4,18,0
4,5,11
4,11,12
4,18,2
4,18,0
4,5,13
4,18,2
4,15,1
1152,3,2
24,18,0
4,18,0
4,18,13
4,15,14
4,3,15
4,15,16
4,18,2
4,18,0
4,18,0
4,18,16
4,18,2
4,4,17
4,18,2
4,18,0
4,17,18
4,18,2
4,18,0
4,17,19
4,18,2
4,18,0
4,13,20
4,18,2
4,16,21
4,18,2
4,18,0
4,18,0
4,14,22
4,15,23
4,3,24
4,18,2
4,18,0
4,9,25
4,7,26
4,11,27
4,18,2
4,18,0
4,18,0
4,2,28
4,3,29
4,3,30
4,3,31
4,18,2
4,8,32
4,18,2
4,18,0
4,17,33
4,18,2
4,18,0
4,18,0
4,10,34
4,7,35
4,18,2
4,18,0
4,18,0
4,18,35
4,3,36
4,3,37
4,18,2
4,18,0
4,18,0
4,10,41
12,11,38
4,18,2
4,18,0
4,18,0
4,6,73
20,18,2
4,8,39
4,18,2
0,0,40
4,18,2
4,18,0
4,17,41
4,15,40
16,15,42
4,18,2
4,4,43
4,7,44
4,15,45
4,18,2
4,18,0
4,5,46
4,18,2
4,18,0
4,5,47
4,18,2
4,4,48
4,18,2
4,18,0
4,9,49
4,18,2
4,4,50
4,18,2
4,18,0
4,5,79
4,3,51
4,18,2
4,18,0
4,5,38
4,3,52
4,18,2
4,18,0
4,13,53
4,18,2
4,18,0
4,17,54
4,7,55
4,18,2
0,0,56
4,18,2
4,18,0
4,18,0
4,6,57
4,18,2
4,16,71
16,15,58
4,3,59
4,18,2
4,18,0
4,18,0
4,18,59
4,15,60
4,18,2
4,8,61
4,18,2
0,0,62
4,18,2
4,18,0
4,13,63
4,18,2
4,12,64
4,3,65
4,18,2
4,18,0
4,18,0
4,2,66
4,3,67
4,3,68
4,18,2
4,4,69
4,18,2
4,8,70
4,18,2
4,12,71
4,18,2
964,4,71
4,18,2
4,4,72
4,18,2
4,18,0
4,13,73
4,18,2
4,16,74
4,18,2
4,18,0
4,18,0
4,18,74
4,18,2
4,8,75
4,18,2
4,18,0
4,17,76
4,3,77
4,18,2
4,12,78
4,18,2
0,0,101
1044,7,79
4,18,2
4,16,80
4,18,2
4,18,0
4,18,0
4,6,81
4,3,82
4,18,2
4,8,83
4,3,84
4,18,2
4,18,0
4,17,85
4,11,86
4,15,87
4,15,88
4,15,89
4,18,2
4,18,0
4,5,90
4,18,2
4,4,91
4,18,2
4,18,0
4,9,92
4,18,2
4,18,0
4,5,93
4,18,2
4,8,139
20,18,2
4,8,94
4,18,2
4,8,95
4,18,2
0,0,96
4,18,2
4,18,0
4,9,97
4,3,98
4,18,2
4,18,0
4,18,0
4,2,99
4,18,2
4,18,0
4,18,0
4,18,99
4,11,100
4,18,2
4,12,101
4,18,2
4,8,125
20,18,2
0,0,102
4,18,2
4,18,0
4,18,0
4,18,103
4,18,2
0,0,104
4,3,105
4,18,2
0,0,106
4,18,2
4,18,0
4,5,107
4,7,108
4,3,109
4,18,2
4,18,0
4,18,0
4,10,110
4,18,2
4,16,111
4,18,2
4,8,112
4,7,100
12,11,112
4,18,2
0,0,113
4,7,114
4,18,2
4,8,115
4,18,2
4,18,0
4,5,116
4,11,117
4,18,2
4,18,0
4,17,118
4,15,119
4,18,2
4,16,120
4,18,2
4,18,0
4,5,121
4,18,2
4,18,0
4,13,122
4,18,2
0,0,123
4,7,99
12,11,123
4,7,124
4,18,2
4,18,0
4,17,125
4,18,2
0,0,126
4,18,2
0,0,127
4,18,2
4,18,0
4,1,128
4,18,2
4,18,0
4,9,129
4,3,130
4,7,131
4,18,2
4,18,0
4,5,132
4,3,133
4,18,2
4,18,0
4,18,0
4,6,134
4,18,2
4,18,0
4,17,135
4,18,2
4,8,136
4,18,2
4,18,0
4,18,0
4,18,136
4,7,137
4,18,2
4,12,138
4,18,2
4,4,139
4,18,2
4,18,0
4,18,0
4,18,139
4,15,140
4,18,2
4,18,0
4,18,0
4,10,141
4,15,142
4,18,2
0,0,143
4,11,144
4,18,2
4,18,0
4,5,145
4,3,146
4,7,147
4,18,2
0,0,148
4,3,149
4,15,150
4,18,2
4,18,0
4,18,0
4,18,150
4,18,2
4,18,0
4,9,151
4,3,158
8,7,151
4,18,2
4,18,0
4,5,152
4,7,153
4,3,154
4,18,2
4,18,0
4,18,0
4,18,154
4,18,2
4,18,0
4,5,155
4,18,2
4,4,156
4,18,2
4,12,157
4,18,2
4,18,0
4,13,158
4,18,2
4,18,0
4,18,0
4,6,159
4,18,2
4,4,160
4,11,161
4,15,162
4,18,2
4,18,0
4,18,0
4,18,162
4,11,163
4,18,2
4,18,0
4,18,0
4,18,164
4,15,203
20,18,2
4,18,0
4,5,136
16,15,165
4,7,166
4,7,167
4,15,198
20,18,2
4,18,0
4,1,168
4,7,169
4,18,2
4,12,197
20,18,2
4,18,0
4,9,170
4,18,2
4,18,0
4,13,171
4,18,2
4,4,172
4,3,173
4,3,174
4,18,2
4,16,175
4,18,2
0,0,176
4,18,2
4,18,0
4,18,0
4,2,177
4,18,2
4,8,178
4,18,2
4,16,157
20,18,2
4,18,0
4,9,179
4,18,2
1484,4,179
4,18,2
4,16,180
4,18,2
4,16,181
4,3,182
4,7,183
4,18,2
4,4,184
4,18,2
4,18,0
4,5,202
4,3,185
4,18,2
4,18,0
4,5,186
4,18,2
4,18,0
4,1,187
4,18,2
4,18,0
4,1,188
4,3,189
4,3,190
4,18,2
4,18,0
4,18,0
4,6,191
4,18,2
0,0,192
4,15,193
4,18,2
4,16,231
4,3,194
4,3,195
4,3,196
4,18,2
4,18,0
4,9,197
4,18,2
4,18,0
4,17,198
4,18,2
4,18,0
4,1,199
4,18,2
4,16,200
4,3,201
4,18,2
4,8,235
12,11,202
4,18,2
4,18,0
4,18,0
1276,6,203
4,18,2
4,18,0
4,1,216
20,18,2
4,4,204
4,18,2
4,12,205
4,18,2
4,8,206
4,18,2
4,18,0
4,18,0
4,18,207
4,18,2
4,18,0
4,1,208
4,18,2
4,18,0
4,18,0
4,10,209
4,15,210
4,3,211
4,18,2
4,18,0
4,17,212
4,18,2
4,16,213
4,18,2
4,18,0
4,18,0
4,14,214
4,18,2
4,8,215
4,18,2
4,18,0
4,18,0
540,6,216
4,18,2
4,18,0
4,5,217
4,3,218
4,18,2
4,18,0
4,18,0
4,2,219
4,15,220
4,3,221
4,3,222
4,18,2
4,4,223
4,11,224
4,18,2
4,16,197
20,18,2
4,18,0
4,18,0
4,18,224
4,18,2
0,0,225
4,18,2
4,18,0
4,1,226
4,18,2
4,18,0
4,5,227
4,18,2
4,16,228
4,18,2
4,8,229
4,18,2
4,18,0
4,17,230
4,18,2
4,18,0
4,18,0
4,10,231
4,18,2
4,18,0
4,18,0
4,18,231
4,3,232
4,18,2
4,18,0
4,18,0
4,6,233
4,18,2
4,4,234
4,18,2
4,18,0
4,18,0
4,18,235
4,18,2
4,18,0
4,18,0
4,10,236
4,15,237
4,18,2
4,18,0
4,18,0
4,18,237
4,7,238
4,18,2
4,18,0
4,1,239
4,18,2
4,18,0
4,18,0
4,18,239
4,7,240
4,18,2
4,18,0
4,18,0
4,2,241
4,18,2
0,0,242
4,18,2
4,18,0
4,13,243
4,18,2
4,18,0
4,18,0
4,18,243
4,18,2
0,0,244
4,18,2
4,16,245
4,18,2
4,18,0
4,18,0
4,18,245
4,11,246
4,18,2
4,16,247
4,18,2
4,12,248
4,7,225
12,11,248
4,18,2
4,8,249
4,18,2
4,4,247
20,18,2
4,16,250
4,18,2
4,18,0
4,13,251
4,18,2
4,18,0
4,18,0
4,6,252
4,11,253
4,3,254
4,18,2
4,18,0
4,5,255
4,6,3
3,2,0
4,18,0
4,18,0
4,3,1
4,18,3
4,18,0
4,1,2
4,18,3
4,18,0
4,18,0
4,18,2
4,3,3
4,3,4
4,18,3
4,18,0
4,18,0
4,18,4
4,18,3
0,0,5
4,7,6
4,18,3
4,16,7
4,18,3
4,18,0
4,17,8
4,18,3
4,11,2
408,3,3
24,18,0
4,18,0
4,18,9
4,15,10
4,18,3
4,4,11
4,18,3
4,18,0
4,18,0
4,18,11
4,3,12
4,18,3
4,12,13
4,18,3
4,8,10
20,18,3
4,4,14
4,3,15
4,18,3
4,18,0
4,13,16
4,18,3
4,18,0
4,13,17
4,18,3
4,16,18
4,18,3
4,18,0
4,5,19
4,18,3
4,16,20
4,18,3
4,18,0
4,17,21
4,18,3
4,18,0
4,9,22
4,7,23
4,18,3
4,8,24
4,18,3
4,12,25
4,18,3
4,18,0
4,5,26
4,18,3
4,8,27
4,15,28
4,18,3
4,18,0
4,1,29
4,7,30
4,3,31
4,18,3
0,0,32
4,18,3
4,18,0
4,9,33
4,18,3
4,18,0
4,1,34
4,3,35
4,18,3
4,4,36
4,18,3
4,18,0
4,1,37
4,18,3
4,18,0
4,18,0
4,18,37
4,18,3
0,0,38
4,18,3
4,18,0
4,18,0
4,2,39
4,18,3
4,18,0
4,18,0
4,18,39
4,11,10
8,7,40
4,18,3
4,18,0
4,5,41
4,18,3
4,18,0
4,18,0
4,2,42
4,18,3
4,12,43
4,18,3
4,16,44
4,18,3
4,4,12
20,18,3
4,18,0
4,18,0
4,2,45
4,18,3
4,8,46
4,18,3
4,18,0
4,18,0
4,18,47
4,18,3
4,18,0
4,5,18
20,18,3
0,0,48
4,3,49
4,18,3
4,18,0
4,17,50
4,18,3
4,9,0
