0,0,0
1,2,71
3,2,1
0,0,122
4,3,194
12,3,37
4,3,144
12,3,116
8,3,111
8,3,56
8,3,135
4,3,34
4,3,117
16,3,82
8,3,100
8,3,84
8,3,249
8,3,66
8,3,238
8,3,83
8,3,74
4,3,33
4,3,99
16,3,64
8,3,44
4,3,7
12,3,30
4,3,73
12,3,120
8,3,58
8,3,118
8,3,67
8,3,141
4,3,1
3,3,32
8,3,18
8,3,227
8,3,215
4,3,61
4,3,23
4,3,15
4,3,152
24,3,31
4,3,40
12,3,239
4,3,92
4,3,68
16,3,115
8,3,26
4,3,28
128,6,0
0,0,38
20,3,36
4,3,76
12,3,203
172,6,0
0,0,6
4,3,43
4,3,175
200,7,244
4,3,11
4,3,70
132,6,0
0,0,156
4,3,110
4,3,82
136,6,0
0,0,150
7,3,95
52,6,1
0,0,8
4,3,167
60,6,0
0,0,127
136,6,0
284,4,106
24,3,225
8,3,41
4,3,194
4,3,54
4,3,138
4,3,124
4,3,8
4,3,73
32,3,10
8,3,202
16,7,164
4,3,122
64,7,49
4,3,223
4,3,114
4,3,147
4,3,30
48,6,0
0,0,133
4,3,229
4,3,130
292,6,0
0,0,128
260,7,26
4,3,0
416,7,66
8,3,171
4,3,112
12,3,1
8,3,134
4,3,116
352,6,0
12,4,63
4,3,39
28,3,121
360,7,218
4,2,2
0,0,5
12,3,193
408,7,61
4,3,182
4,3,103
348,6,1
0,0,50
8,3,108
4,3,80
40,3,87
8,3,81
20,3,59
4,3,17
12,3,4
4,3,220
4,3,204
4,3,242
60,6,1
240,4,107
96,6,1
44,3,0
0,0,192
4,3,234
4,3,21
424,7,53
4,7,185
4,3,3
4,3,86
40,3,16
8,3,228
4,3,199
12,3,39
8,3,231
4,3,52
4,3,62
16,3,34
12,6,1
152,4,231
4,3,143
4,3,137
212,6,1
392,3,0
36,4,70
124,7,189
8,3,210
4,3,32
4,3,9
16,3,128
8,3,207
64,7,36
656,6,0
368,4,253
4,3,209
100,7,36
28,3,2
640,7,40
48,7,95
636,7,16
8,3,29
24,7,141
392,7,87
4,3,224
96,6,0
0,0,123
744,7,209
4,7,108
4,3,151
436,7,171
376,7,78
576,7,197
72,7,70
8,3,5
716,6,1
740,4,101
4,3,31
12,3,38
552,6,1
0,0,160
8,3,161
4,3,19
116,7,55
56,7,209
4,3,58
4,3,201
28,7,179
4,3,25
608,7,149
20,7,73
4,3,158
328,6,0
0,0,186
200,7,78
596,7,116
872,7,19
48,7,195
44,7,189
4,3,76
840,7,151
972,6,0
172,3,0
0,0,69
496,3,127
8,3,94
600,6,0
0,0,126
772,7,126
68,6,1
0,0,250
744,6,1
0,0,172
60,7,48
196,7,219
732,7,20
4,3,26
52,7,154
4,3,66
4,3,83
236,6,0
24,4,252
32,3,148
624,7,174
468,7,1
4,3,67
72,7,29
8,3,200
8,3,221
4,3,214
12,3,102
8,3,187
436,7,88
16,7,118
804,6,1
228,4,73
896,7,204
16,3,145
312,6,0
32,4,144
216,6,1
0,0,89
1148,7,206
4,3,119
4,3,85
116,7,30
4,3,10
144,6,2
1032,4,55
8,3,156
8,3,139
4,3,132
704,7,122
204,7,44
8,3,14
556,7,11
616,6,1
180,4,54
8,3,9
4,3,255
796,6,0
1144,3,0
76,3,1
440,4,103
384,7,218
880,7,43
4,3,55
744,7,160
108,3,43
8,3,77
136,7,156
4,3,27
1320,7,86
904,7,189
4,3,230
4,3,109
528,7,71
4,3,170
1184,7,204
972,6,0
0,0,131
4,3,176
4,3,51
412,7,175
20,6,1
272,4,230
528,7,183
624,6,1
88,4,23
1088,7,158
172,7,26
1100,7,75
828,7,212
52,7,126
1348,7,10
8,3,91
176,6,0
568,4,100
776,6,1
24,4,34
1324,11,192
1384,7,109
60,6,2
0,0,166
8,3,217
112,7,136
600,7,75
56,3,105
740,7,197
12,3,18
60,7,34
36,7,24
424,6,1
360,4,90
1076,7,30
1068,7,221
4,3,93
368,7,83
168,7,70
320,7,199
1476,7,1
4,3,97
372,7,60
20,7,65
916,7,79
440,7,188
648,7,95
24,6,1
0,0,129
52,7,21
1396,7,143
20,3,133
1460,7,118
1372,7,0
128,7,0
28,3,204
8,6,2
1504,4,0
476,7,0
1,7,1
4,18,0
4,12,201
12,11,207
12,11,2
4,11,32
7,3,110
244,7,3
4,3,167
8,7,4
4,11,5
4,7,2
1728,7,6
4,18,0
4,4,62
508,6,0
16,8,194
111,3,104
40,18,0
724,4,78
1576,7,7
4,18,0
4,4,8
4,18,0
568,4,8
1296,7,9
4,15,10
4,7,181
548,7,11
100,3,25
12,10,0
460,4,11
4,11,135
16,15,11
52,7,2
8,3,12
8,3,12
8,3,13
4,15,252
20,18,0
572,4,14
4,6,1
0,0,146
548,7,15
4,7,237
20,3,138
952,7,16
4,18,0
184,4,16
4,7,0
12,10,1
1392,4,17
4,7,126
12,11,54
4,3,18
4,18,0
4,16,183
1404,7,19
76,3,53
8,7,204
20,10,0
1524,8,19
4,18,0
4,4,20
4,18,0
1396,3,0
16,12,21
4,3,22
4,11,23
1988,7,70
12,7,113
8,7,24
4,18,0
4,7,1
616,4,26
4,18,0
4,11,1
1584,4,26
4,7,197
1676,7,26
4,18,0
56,16,185
16,11,61
1260,7,27
4,18,0
4,4,91
1120,7,27
4,11,227
1560,6,0
4,7,1
1292,4,29
1056,7,30
1072,7,30
1872,7,140
996,7,31
1748,7,31
811,3,248
20,11,31
4,11,67
12,11,110
60,3,206
16,10,1
1992,4,31
4,7,32
4,18,0
940,4,211
16,14,1
544,4,140
20,11,187
52,15,33
4,6,1
736,4,33
4,18,0
1292,4,34
4,15,116
20,18,0
4,18,0
4,13,35
4,6,1
1460,4,215
16,10,0
0,0,36
4,15,37
4,14,1
412,4,37
4,18,0
4,8,104
12,11,38
4,18,0
664,4,39
40,7,39
4,18,0
4,3,1
0,0,198
12,7,8
4,3,41
4,3,42
1452,7,43
4,6,1
1192,3,0
16,11,0
4,18,0
4,9,129
60,15,29
12,11,206
1976,6,0
1980,4,62
8,7,164
8,3,45
4,18,0
4,8,47
4,3,216
200,7,48
4,18,0
4,3,2
0,0,162
8,6,1
1096,4,48
4,11,49
4,3,145
8,7,49
4,7,211
8,7,149
24,14,1
1824,4,27
4,3,50
4,14,1
0,0,52
20,18,0
4,4,117
1356,7,50
2028,7,51
4,14,1
0,0,172
12,7,204
4,3,52
4,6,1
0,0,84
12,10,0
0,0,137
12,11,52
1960,7,52
4,18,0
1184,4,53
4,11,156
72,3,115
12,7,54
4,7,99
12,11,54
4,7,110
16,14,1
0,0,108
16,11,111
4,3,151
48,15,30
68,18,0
0,0,55
4,10,1
1072,4,55
4,7,18
28,14,0
32,4,53
8,3,57
4,6,1
0,0,190
12,10,0
4,4,58
864,7,58
4,3,103
8,7,59
4,15,60
36,3,156
772,7,60
4,11,61
4,7,19
12,10,1
0,0,100
24,11,61
4,7,189
4,3,240
144,7,62
4,6,1
0,0,114
8,3,118
8,3,7
20,10,0
4,18,0
576,1,174
20,15,20
12,11,63
4,6,2
0,0,199
12,10,0
4,8,230
8,6,1
0,0,208
8,3,64
4,3,65
4,10,1
0,0,177
16,14,0
0,0,66
20,3,149
8,3,85
1144,7,66
4,3,76
1264,7,34
8,7,67
4,6,1
896,4,128
20,15,56
12,7,68
4,18,0
4,18,0
4,13,233
4,3,69
4,18,0
1676,4,29
8,7,193
8,7,70
4,10,1
848,4,70
4,11,71
4,3,130
24,3,125
12,7,71
4,10,1
0,0,217
16,15,213
448,7,71
16,7,109
12,7,100
4,3,72
1988,6,1
272,4,40
16,6,0
4,8,194
24,3,43
8,3,73
8,3,223
4,3,236
12,6,0
840,3,1
852,4,73
28,7,54
12,10,0
4,4,74
4,18,0
4,4,60
4,3,75
4,18,0
380,4,75
72,3,45
20,15,76
4,10,1
436,4,174
4,3,150
24,15,108
8,3,171
16,7,77
4,6,1
0,0,167
8,7,55
8,3,150
24,10,0
4,4,38
24,3,121
20,15,77
4,3,78
4,14,1
632,4,78
4,7,145
8,7,250
8,7,79
4,18,0
4,18,0
4,5,71
12,11,80
4,3,81
4,7,151
4,3,82
172,7,82
4,11,85
4,3,202
8,7,85
4,7,118
12,10,1
988,4,85
8,3,138
36,15,85
1932,7,86
4,3,201
8,7,86
4,18,0
4,4,134
4,3,87
4,6,2
0,0,188
12,7,111
20,10,0
4,8,19
104,3,120
16,11,88
4,10,1
1744,4,88
16,11,23
12,7,89
4,3,218
8,7,90
4,18,0
4,4,33
20,18,0
960,4,90
480,7,91
4,6,1
0,0,252
12,7,27
904,7,26
16,7,114
4,3,92
4,6,1
0,0,163
12,10,0
4,3,2
0,0,3
8,3,93
4,3,147
8,7,93
4,3,95
4,6,1
36,4,95
4,11,96
4,7,97
4,11,3
8,7,59
24,15,97
4,15,98
424,6,2
468,4,98
136,7,98
936,7,98
4,11,99
4,7,30
12,11,99
4,10,2
1356,4,99
20,15,33
936,7,169
28,18,1
0,0,126
952,6,1
0,0,205
960,7,100
4,15,101
1232,7,101
72,3,131
16,7,101
4,3,102
4,15,116
8,6,1
1556,4,102
4,14,1
800,4,102
1568,7,103
4,18,0
0,0,104
4,15,115
8,7,16
60,3,73
4,3,12
16,6,1
0,0,106
36,11,32
8,7,105
1624,7,105
4,7,106
4,7,43
12,11,106
4,7,107
4,7,78
12,11,108
4,7,181
12,11,108
1288,7,108
4,3,120
12,3,242
28,11,78
16,3,99
2004,7,109
4,15,182
12,10,1
0,0,220
12,7,115
1968,7,110
4,7,203
4,3,141
12,7,25
8,7,99
816,7,111
4,18,0
4,16,118
92,3,234
24,18,0
4,11,2
1812,4,111
8,3,102
1948,7,224
640,7,111
4,6,1
1876,4,112
1904,7,167
12,7,112
4,6,1
0,0,50
8,3,212
20,15,229
16,14,0
4,8,114
4,6,1
0,0,227
12,10,0
4,4,15
248,7,115
4,10,2
0,0,5
40,3,207
20,11,198
8,7,204
24,3,72
8,3,255
8,3,225
20,6,1
560,3,1
1552,4,115
4,11,182
16,15,116
4,18,0
4,7,1
1308,3,1
0,0,197
16,11,2
32,11,117
16,3,111
8,6,0
4,12,175
8,7,172
20,11,118
4,18,0
4,7,1
1000,4,118
4,11,238
12,11,108
32,3,246
52,18,0
0,0,119
24,3,144
4,3,44
12,7,168
8,3,252
612,6,0
4,15,2
1188,3,0
24,16,111
20,18,0
4,7,1
0,0,186
8,3,210
4,3,161
20,11,129
8,3,135
44,15,121
4,6,1
0,0,48
8,3,191
16,7,122
4,11,8
12,11,173
4,3,123
4,11,124
1640,7,124
4,11,125
4,6,1
752,4,125
4,15,33
1840,7,125
4,7,210
4,3,152
4,3,126
4,18,0
1032,4,126
72,3,16
8,3,127
4,3,128
4,18,0
0,0,51
20,18,0
4,4,62
8,6,1
588,3,0
1492,3,1
1580,4,128
4,3,129
92,7,221
12,7,129
4,18,0
4,4,130
4,10,1
0,0,200
12,11,231
28,14,0
4,8,131
4,7,26
4,3,39
1296,6,1
2016,4,131
4,18,0
4,7,1
0,0,46
4,3,17
24,18,0
0,0,132
24,3,56
8,6,0
4,4,197
8,7,133
84,7,133
524,3,146
16,7,78
8,7,229
8,6,0
4,4,134
4,11,204
16,15,134
4,14,1
824,4,134
4,3,136
536,7,135
132,7,135
4,3,72
8,6,1
776,4,136
4,6,2
0,0,158
12,7,180
20,10,0
4,4,115
40,3,102
4,3,148
20,11,135
8,7,137
4,18,0
4,16,122
4,3,138
4,10,1
1764,4,138
4,14,2
1760,4,133
24,15,139
4,14,1
988,4,19
16,7,16
752,7,139
4,15,46
44,7,139
16,7,140
4,15,141
4,18,0
4,15,1
264,4,141
4,15,133
8,7,77
28,18,2
116,4,141
4,11,171
72,7,86
1176,7,141
8,3,236
8,3,218
32,7,142
4,11,143
4,11,146
612,7,147
4,15,44
8,7,252
108,3,43
12,7,185
32,10,1
752,4,147
28,3,29
56,15,72
4,3,156
16,11,37
8,7,110
8,7,148
4,15,149
4,18,0
4,8,150
4,18,0
4,3,1
0,0,188
12,11,107
12,10,2
424,4,150
4,15,151
4,14,2
0,0,190
12,10,1
684,4,183
36,15,189
40,7,74
16,7,0
8,6,3
272,4,151
4,18,0
88,8,73
8,3,201
24,15,117
12,11,152
4,3,154
4,10,1
1028,4,154
4,18,0
4,4,155
4,7,62
12,10,1
0,0,6
12,7,156
4,3,102
8,7,156
4,6,1
200,4,156
4,3,67
24,14,0
1772,3,1
1444,4,111
24,15,156
176,3,71
60,7,212
12,3,37
24,7,157
16,3,67
8,6,0
4,16,158
4,15,159
4,6,1
1500,4,159
4,11,160
4,6,2
96,4,160
4,18,0
924,4,160
1604,6,1
341,1,0
1612,6,118
8,7,161
4,10,1
0,0,52
8,3,162
4,3,163
76,3,28
8,3,165
8,3,57
2044,6,1
240,4,165
8,3,50
8,6,0
4,8,174
12,11,166
4,6,1
252,4,167
4,6,1
0,0,70
8,7,220
20,10,0
16,4,148
92,3,45
20,15,159
16,14,0
4,4,168
4,3,169
4,7,170
4,7,95
8,7,171
4,7,67
12,11,171
88,3,52
16,14,0
4,18,0
36,1,88
8,6,1
360,4,172
4,3,97
8,7,172
4,11,71
8,7,32
8,6,1
0,0,23
8,6,2
0,0,104
44,18,0
252,4,173
4,14,1
1708,3,2
1836,4,173
8,3,59
16,3,234
32,11,174
4,15,129
4,3,175
428,6,1
420,4,175
4,10,1
0,0,53
12,7,176
4,6,2
0,0,36
12,10,0
1064,4,177
4,3,178
4,3,179
1836,7,180
36,3,154
8,3,181
4,3,85
8,7,181
4,18,0
0,0,203
48,3,35
4,3,81
1660,7,181
4,18,0
1140,4,182
4,18,0
4,12,26
8,7,183
72,3,162
8,3,68
12,7,72
1004,7,183
4,11,22
28,7,11
164,3,26
392,7,183
16,3,61
8,7,1
40,7,100
8,6,2
0,0,249
24,7,221
8,7,180
8,3,184
4,3,235
12,3,131
12,7,89
1320,6,1
0,0,82
48,3,39
8,3,113
16,3,34
12,3,174
1344,7,185
1124,7,185
4,3,186
4,6,1
1636,4,45
36,3,69
16,7,156
28,10,0
4,4,187
4,6,1
0,0,83
12,10,0
1284,4,188
4,6,1
1972,4,188
8,3,210
68,3,18
96,6,2
84,3,0
104,4,189
4,11,13
4,3,48
16,11,190
4,3,191
4,3,103
8,7,254
4,3,237
12,7,175
8,7,191
4,6,1
0,0,231
8,7,195
1024,7,191
4,7,78
4,3,192
4,18,0
4,3,2
256,4,72
16,7,193
4,6,2
1988,4,193
4,6,1
684,4,193
4,3,134
20,11,62
1056,7,193
696,7,175
288,6,0
0,0,194
4,18,0
4,3,1
712,4,194
4,3,195
4,6,1
0,0,214
8,3,54
104,3,75
12,3,97
20,6,2
1072,3,1
1292,3,2
1872,4,195
4,3,196
4,11,197
4,3,131
8,6,2
0,0,119
8,3,39
4,3,126
4,3,8
4,3,226
24,7,59
40,7,197
4,18,0
4,11,2
40,4,183
24,18,1
1216,4,197
4,7,183
32,15,198
4,3,123
8,7,198
4,7,199
4,15,118
16,15,200
84,3,108
1504,6,0
1608,4,55
1336,7,200
4,11,201
4,11,111
48,3,31
12,6,1
1184,3,1
169,1,0
1,2,202
4,7,172
12,11,18
196,3,53
32,3,237
4,3,207
16,3,222
28,11,202
4,11,203
4,7,161
8,6,2
1836,4,203
4,7,17
4,3,204
4,15,34
8,7,158
20,10,1
1336,4,204
12,7,74
12,7,124
892,7,204
4,14,1
2020,4,205
4,7,203
940,6,0
940,4,206
28,3,87
8,6,0
4,3,2
0,0,143
12,7,207
4,6,1
0,0,250
20,3,63
12,7,200
652,7,207
16,7,59
12,7,208
12,3,66
8,3,209
4,7,31
8,7,215
20,11,209
4,6,1
572,4,210
4,7,41
1232,7,210
4,10,1
700,4,210
4,18,0
28,4,58
20,15,211
188,7,211
4,10,2
0,0,125
8,3,4
4,3,212
4,18,0
4,11,1
664,4,212
4,3,65
4,3,214
4,10,1
700,4,230
888,6,2
0,0,106
16,3,236
4,3,80
36,11,215
4,18,0
4,15,2
928,4,215
4,14,1
520,4,215
1188,6,0
36,4,119
36,15,216
20,3,128
8,6,0
0,0,217
4,15,118
4,3,218
4,6,1
0,0,227
8,6,2
0,0,64
16,7,138
8,3,219
4,6,1
908,4,219
4,7,238
3,2,3
0,0,40
12,7,244
212,6,0
12,3,2
0,0,76
20,7,153
1548,7,221
4,10,1
1164,3,2
152,4,151
344,7,221
16,3,29
12,3,249
32,7,121
8,7,36
52,7,119
208,7,221
8,3,145
20,7,222
4,6,2
344,4,222
4,7,141
12,11,222
4,7,109
4,3,223
4,3,128
8,7,223
4,3,224
128,7,224
4,11,225
4,14,1
400,3,0
12,4,32
1268,7,225
28,11,212
1836,6,0
1192,4,20
1148,6,2
0,0,77
4,3,113
28,3,189
1164,7,226
4,14,2
496,4,226
8,3,140
20,7,227
4,7,228
52,3,164
8,6,0
1868,4,229
16,3,23
12,10,0
16,4,52
344,6,1
336,4,230
4,18,0
0,0,104
12,10,2
1688,3,1
0,0,130
16,7,49
40,14,2
0,0,146
28,3,14
20,15,84
80,18,0
4,4,231
28,3,162
8,7,19
8,6,1
0,0,233
12,3,90
12,6,0
4,7,1
12,11,0
4,8,6
8,7,232
32,3,167
8,6,0
4,4,233
4,14,1
1060,4,33
1728,6,2
0,0,166
8,3,99
4,3,27
4,3,234
1332,7,234
4,18,0
28,4,232
20,18,0
4,4,236
1812,7,237
4,3,2
528,7,237
4,6,1
436,4,147
96,7,238
4,14,2
1660,4,238
4,3,115
8,7,67
36,18,0
4,12,239
80,3,12
56,3,32
12,6,0
4,4,19
4,3,240
4,3,14
8,7,240
4,7,241
4,3,242
4,6,2
0,0,79
12,7,182
20,10,0
4,12,157
12,10,1
0,0,177
848,7,244
48,7,244
4,15,246
4,10,1
0,0,220
92,3,33
16,7,115
8,7,179
24,3,43
40,14,0
256,4,246
4,7,222
32,3,208
4,3,56
68,7,2
8,3,247
1936,7,173
12,6,2
0,0,83
8,3,107
24,7,247
20,7,116
16,14,1
112,4,247
4,11,248
4,11,249
4,11,238
844,7,249
4,3,191
8,6,1
0,0,25
8,3,251
4,3,95
8,7,43
4,3,252
24,3,32
104,3,203
12,6,0
4,8,242
24,3,99
16,10,2
0,0,46
8,3,253
4,6,2
132,4,253
4,3,138
8,7,254
4,3,66
4,3,117
28,3,93
1588,7,254
4,6,1
0,0,194
4,3,0
4,3,1
4,18,1
4,15,2
1772,3,1
45,4,196
8,7,104
4,3,155
12,3,49
36,7,10
24,7,114
60,15,250
20,3,56
8,3,113
344,6,1
4,4,120
12,10,0
836,4,49
12,7,36
24,10,2
0,0,197
48,11,2
4,7,17
8,7,3
4,15,4
4,11,5
4,7,6
4,10,2
2044,3,1
12,4,7
12,3,198
8,3,9
4,14,0
0,0,185
12,7,10
32,3,255
16,3,86
12,7,158
216,7,10
4,14,2
1412,4,11
40,3,68
8,6,2
88,3,1
2004,4,11
780,6,1
8,4,11
4,7,84
40,3,202
16,10,2
0,0,136
28,11,12
4,3,240
20,3,73
12,7,12
4,15,67
12,10,2
160,4,12
4,11,13
4,7,106
4,3,150
12,7,14
4,18,1
4,3,2
0,0,142
12,10,0
536,3,2
324,4,121
8,3,151
40,11,186
12,11,173
12,11,15
840,6,1
0,0,16
4,7,162
4,3,147
16,11,16
32,3,201
16,14,1
424,3,2
520,4,17
4,18,1
0,0,18
4,3,204
52,3,167
284,6,2
1176,3,2
0,0,190
24,7,20
4,10,0
1796,4,133
8,3,34
20,7,127
4,3,94
44,3,16
16,6,2
1740,3,1
24,4,21
36,3,72
8,3,22
1580,7,183
8,6,1
12,4,226
12,10,1
0,0,24
868,6,1
252,4,25
4,18,1
4,7,0
888,3,1
12,7,2
0,0,55
12,11,151
40,11,26
4,18,2
356,4,26
4,7,153
32,18,2
1232,3,1
16,8,61
12,11,146
8,6,0
492,4,27
2004,6,1
0,0,131
48,3,62
16,6,2
0,0,122
4,3,27
12,3,28
4,10,2
0,0,64
8,6,0
0,0,211
24,14,1
308,4,29
4,7,31
1124,6,1
8,3,2
264,4,31
4,10,2
908,4,31
4,7,17
132,7,31
4,7,32
1140,7,135
4,3,102
16,10,0
0,0,207
4,3,8
16,7,33
4,3,35
4,6,2
0,0,209
8,3,172
16,7,36
4,10,0
1432,3,1
8,4,160
8,3,171
24,7,116
32,11,29
1400,7,37
4,7,38
1168,6,0
212,4,38
4,11,210
100,3,42
4,3,39
24,14,2
1424,3,1
16,8,51
2028,7,39
4,18,1
0,0,40
4,3,53
8,7,40
4,14,0
0,0,130
8,6,2
532,4,40
4,14,2
1968,4,40
748,7,41
4,3,42
20,3,124
8,6,1
1968,4,43
4,6,2
504,4,43
4,18,1
4,4,44
4,10,2
16,4,5
16,10,0
1408,3,2
776,3,2
0,0,168
20,7,45
12,3,169
8,6,1
4,7,0
0,0,170
16,15,130
36,3,72
12,3,75
4,3,46
4,7,116
12,11,46
4,6,0
0,0,128
20,18,1
1588,4,46
4,7,47
4,3,251
1744,6,1
0,0,48
4,7,119
92,3,183
20,3,13
1464,7,48
4,6,2
0,0,139
4,3,207
40,11,48
16,3,82
8,3,164
20,11,50
516,6,2
0,0,165
468,7,50
4,14,0
1520,4,50
1784,6,1
428,4,167
8,7,79
8,6,1
4,8,116
8,7,173
24,15,113
44,3,57
64,3,61
12,3,52
4,10,2
0,0,215
12,7,75
24,11,53
1424,6,0
860,4,95
508,7,53
4,14,2
624,4,55
4,7,147
16,3,193
48,3,71
16,6,0
172,4,55
4,7,250
72,7,56
8,3,219
8,6,1
4,11,2
192,4,56
4,3,205
28,18,1
4,12,217
68,7,120
8,3,177
4,3,161
28,11,58
4,6,2
1260,3,1
12,7,1
0,0,87
1884,7,58
4,18,1
4,18,0
1748,4,0
0,0,81
12,3,59
4,10,2
0,0,60
12,7,213
24,15,207
16,14,0
0,0,117
20,3,186
12,3,60
1008,6,0
156,4,60
32,7,60
4,7,186
12,11,60
1216,7,61
4,10,2
0,0,225
20,18,1
4,8,217
8,7,62
40,3,63
8,6,1
4,16,63
4,3,66
124,3,63
8,6,1
4,3,2
1064,4,234
504,6,1
20,4,121
36,7,142
1580,6,0
0,0,112
1824,7,171
36,3,91
12,6,2
0,0,154
952,7,67
4,6,0
1720,3,0
2016,4,242
20,10,1
4,7,2
888,4,67
4,18,1
56,4,98
20,15,68
20,3,97
8,6,1
12,4,76
20,11,217
24,10,2
1332,3,1
1160,4,70
4,11,126
8,6,0
2024,3,1
0,0,231
28,15,71
52,3,214
8,6,1
4,12,72
4,18,1
4,3,0
1544,4,72
4,11,116
8,6,2
0,0,65
16,7,73
4,18,3
1504,4,73
892,7,73
4,3,74
4,18,1
532,3,2
788,3,2
96,4,74
4,7,75
16,3,44
860,7,75
692,7,75
4,6,0
0,0,19
8,3,76
4,7,77
40,3,156
20,3,141
12,3,78
4,10,0
964,4,78
152,7,78
24,11,43
8,7,54
8,3,236
60,3,128
32,14,1
852,4,79
4,10,0
0,0,84
12,7,195
8,7,80
4,7,90
8,7,162
1484,7,26
28,11,80
4,7,81
4,10,2
996,4,53
20,14,1
4,8,114
28,3,143
1552,7,100
4,3,82
4,6,2
164,3,0
228,4,46
16,7,155
16,3,89
4,3,175
36,10,0
192,4,9
16,10,1
4,11,0
336,4,82
16,11,197
8,3,175
4,3,83
4,10,2
828,4,83
4,6,0
1772,3,1
28,11,1
4,4,73
20,18,1
4,18,0
72,1,40
8,7,243
76,7,231
16,7,30
1516,6,1
44,12,193
12,7,125
12,3,200
8,3,84
4,18,1
4,7,0
1936,4,84
4,3,200
20,10,2
0,0,88
36,11,85
4,14,2
400,3,0
0,0,6
12,3,86
8,3,85
8,6,2
804,4,86
12,7,176
12,10,1
1256,3,1
4,3,2
0,0,33
4,3,15
4,3,221
52,3,70
656,6,1
24,4,153
4,3,104
20,3,78
44,10,1
4,4,51
4,3,212
24,3,36
32,3,226
12,3,163
528,7,90
4,10,2
380,4,25
24,18,0
0,0,194
20,15,91
4,3,92
272,7,92
56,3,177
128,7,92
4,3,129
20,7,58
16,7,92
4,7,93
4,3,140
8,7,93
4,7,144
4,3,94
4,10,2
532,4,94
272,6,1
8,4,253
1680,7,39
8,7,95
4,6,0
532,4,4
4,3,158
784,6,1
24,4,96
4,6,0
444,4,96
4,7,169
4,3,36
16,11,96
4,11,97
4,14,0
328,3,1
12,4,98
4,3,99
1028,3,5
8,6,1
96,4,99
4,10,0
1432,4,99
756,6,2
1692,4,153
20,3,207
772,7,100
4,15,29
36,3,100
12,7,101
8,10,0
2048,4,101
4,10,0
0,0,145
40,3,13
12,7,151
24,7,102
808,7,102
1768,6,2
1320,4,129
16,6,1
756,4,101
36,7,210
28,3,190
24,7,103
16,3,170
8,3,104
4,11,73
20,3,222
516,7,105
4,6,2
320,4,105
4,6,0
1740,3,1
8,4,203
32,11,188
12,10,1
276,4,106
788,7,106
4,10,2
0,0,45
16,11,107
4,6,0
832,3,2
0,0,166
8,3,99
8,3,173
24,7,214
12,3,119
12,7,108
4,18,1
0,0,109
4,15,110
4,3,111
4,3,250
56,3,74
12,7,111
4,11,112
4,3,113
4,18,1
1168,3,1
4,7,0
540,4,197
20,15,169
12,7,115
4,14,2
0,0,131
12,11,69
8,6,0
0,0,247
40,15,116
388,6,0
648,3,0
0,0,230
16,7,40
12,3,234
1616,7,116
972,7,116
4,14,0
1376,4,116
1280,6,1
360,3,2
916,4,118
4,3,123
4,3,120
4,3,55
8,7,120
4,11,83
16,14,0
68,3,2
0,0,209
656,3,28
1588,6,2
48,16,140
20,3,140
2028,6,0
0,0,31
8,7,230
2044,7,121
12,3,218
4,3,161
12,7,242
1664,7,121
516,7,121
20,3,79
32,10,2
0,0,215
56,10,1
28,4,118
8,6,3
0,0,14
20,11,61
612,7,121
4,7,122
4,7,123
4,11,159
2020,7,123
84,3,16
28,15,123
20,3,157
68,3,32
12,3,147
8,3,214
868,7,123
4,3,124
16,3,172
8,3,198
1384,6,3
1604,4,121
48,3,167
16,6,1
4,8,4
1416,7,7
20,10,2
836,3,1
0,0,126
4,6,0
0,0,138
12,10,1
4,4,127
4,18,1
844,4,129
4,6,3
0,0,23
16,14,0
1544,4,73
12,6,2
348,4,129
4,7,130
4,14,0
0,0,254
32,3,20
12,3,131
12,3,253
72,3,38
960,7,132
4,3,133
4,6,2
1364,3,0
1076,4,135
8,3,34
8,3,136
4,3,137
4,18,1
4,3,0
0,0,142
4,3,16
1080,6,1
196,3,2
0,0,241
4,3,110
12,3,222
780,7,139
4,6,2
0,0,75
8,6,0
0,0,8
4,3,54
4,3,115
28,7,140
12,3,38
1516,7,140
4,18,2
1236,4,140
12,7,56
48,7,43
36,11,123
48,14,3
1548,4,141
36,3,2
8,3,142
7,3,229
1596,7,142
20,3,219
8,6,1
4,8,143
4,14,0
356,4,143
1508,7,144
4,6,0
784,4,144
68,3,97
632,6,1
340,4,144
28,7,98
8,6,3
1748,3,1
20,4,145
820,6,1
104,4,145
32,3,75
20,7,145
4,3,244
844,7,145
4,6,3
1360,4,145
4,18,1
56,4,101
20,18,2
776,4,145
8,3,202
32,3,81
72,11,6
8,3,146
4,7,25
28,3,166
12,7,147
4,3,225
48,3,185
12,7,147
4,3,148
4,11,218
8,7,149
4,15,150
52,3,52
8,6,1
0,0,252
12,3,129
4,3,26
88,3,1
20,7,150
1700,7,150
124,3,34
8,3,227
4,3,151
4,3,152
1624,6,1
4,18,0
4,1,47
4,3,154
4,3,155
4,18,2
0,0,19
12,7,144
1476,7,155
4,3,156
4,10,3
296,4,156
4,6,2
0,0,228
8,3,162
12,7,60
8,3,253
152,3,25
36,3,31
16,3,63
40,7,73
8,7,76
72,14,0
1352,4,157
4,18,2
676,4,162
920,7,236
1212,7,243
1960,7,237
1744,7,158
20,3,102
20,7,56
832,7,158
1076,6,2
0,0,41
8,3,75
4,3,1
1092,7,159
4,18,1
4,3,3
0,0,17
20,18,1
4,7,0
1780,3,3
1080,4,160
80,3,36
8,6,1
4,12,59
20,18,1
1280,3,2
764,3,0
1336,4,161
8,3,62
68,3,1
24,7,11
8,6,1
24,4,33
632,7,162
1752,6,1
8,4,162
4,18,1
4,11,0
244,3,2
0,0,223
12,3,255
4,3,164
4,11,165
4,3,128
8,6,0
1060,3,1
8,3,2
1604,4,165
20,7,187
12,7,166
4,18,1
1296,4,166
4,10,2
984,4,166
52,3,139
32,11,167
4,3,212
8,6,2
304,4,167
4,18,1
4,8,168
4,14,2
1752,4,168
8,3,240
672,7,169
4,6,2
184,4,169
4,10,3
816,4,229
8,3,29
1844,7,169
8,3,117
32,7,170
424,6,2
0,0,103
12,6,1
4,7,0
676,4,170
4,15,171
4,7,53
8,6,0
0,0,210
20,11,171
4,6,2
1172,4,171
12,7,102
8,3,172
4,3,195
8,7,172
4,3,185
24,10,2
1168,4,55
72,3,23
32,11,172
144,3,10
8,3,173
4,11,19
16,14,2
1488,3,1
8,3,0
24,3,0
0,0,66
24,10,0
0,0,205
32,7,130
8,3,174
4,7,9
8,6,2
568,3,3
1,1,0
8,2,216
16,7,106
8,3,175
4,6,0
776,3,2
1896,4,196
16,6,2
1812,4,175
4,10,2
504,4,175
4,6,3
1528,4,175
52,3,44
12,10,1
4,4,176
4,18,1
0,0,177
4,7,25
12,11,177
4,11,105
72,3,193
96,3,168
16,7,178
12,3,163
8,3,179
4,15,180
4,6,0
232,4,181
4,6,2
300,4,181
4,6,0
1800,4,181
1464,7,183
356,6,1
0,0,72
8,7,185
44,3,162
12,7,163
20,10,1
4,18,0
1728,5,122
12,7,144
12,3,215
8,3,186
4,7,5
564,7,186
24,3,83
12,3,124
8,3,213
32,11,186
4,6,0
1704,4,112
24,18,1
1112,3,2
28,4,187
4,10,2
0,0,42
8,3,67
4,3,78
56,3,197
24,7,188
4,7,167
8,6,2
380,4,188
364,7,188
8,3,43
32,7,196
4,3,189
4,18,0
0,0,119
52,3,51
40,3,33
24,11,184
20,3,66
1924,6,1
48,12,190
4,6,2
1364,3,1
12,7,3
1096,3,0
1512,3,0
160,4,197
4,3,255
24,3,191
4,3,2
4,3,192
4,15,221
40,3,149
12,6,2
0,0,84
8,3,193
8,3,148
8,3,194
4,14,0
0,0,70
8,6,2
0,0,32
8,7,173
36,15,195
4,14,0
0,0,116
8,7,137
20,10,2
0,0,238
1680,6,2
0,0,133
8,3,73
24,11,81
60,11,196
776,7,221
12,7,218
1752,7,196
4,11,114
8,6,2
0,0,241
8,6,0
1632,4,196
4,10,2
0,0,134
260,3,23
908,7,196
4,3,66
4,3,197
4,3,215
8,7,197
4,11,198
4,10,3
0,0,28
8,3,199
1132,6,2
0,0,12
12,3,200
4,18,2
0,0,143
20,18,1
4,4,201
4,10,2
1304,4,201
1816,6,2
1696,4,201
4,3,202
4,7,203
584,6,1
0,0,204
1084,7,204
192,3,31
8,6,1
4,18,0
4,16,0
1200,4,95
24,15,121
8,7,205
284,7,25
12,7,205
4,10,2
0,0,88
20,18,1
4,8,206
548,7,206
96,3,161
8,6,1
4,4,36
412,6,0
544,4,207
4,7,168
4,3,100
12,6,0
268,4,207
8,3,239
32,10,0
0,0,232
12,7,236
12,3,212
356,7,207
4,3,208
4,7,83
8,6,0
616,3,1
16,4,161
100,3,33
32,11,208
4,10,2
0,0,79
16,11,121
28,14,0
0,0,8
32,3,115
12,3,209
4,6,0
276,4,140
12,7,115
24,7,210
356,6,3
0,0,48
8,3,247
1700,6,2
0,0,18
1500,7,210
4,3,123
4,3,51
12,7,210
1220,7,210
4,3,211
4,10,3
992,4,211
4,11,212
4,18,0
112,4,212
992,7,212
4,10,2
0,0,153
1156,6,1
0,0,159
4,3,157
16,3,38
524,7,212
4,11,56
4,3,213
4,3,134
8,7,213
4,7,214
48,3,230
92,3,198
12,7,150
240,7,214
16,7,210
288,7,214
872,7,147
16,3,30
16,7,163
16,3,103
16,3,243
44,7,166
56,10,1
0,0,120
12,11,214
32,7,8
4,3,167
24,18,2
596,4,214
1564,7,214
4,7,92
92,3,131
12,7,73
44,11,255
4,3,67
28,3,99
48,14,2
0,0,60
888,7,215
12,3,223
292,3,15
12,7,27
8,7,187
4,3,151
36,7,236
4,3,216
68,3,192
1604,7,216
4,10,2
1332,4,216
4,7,206
4,3,217
4,6,2
1700,3,2
1124,4,217
4,18,1
4,7,3
116,4,217
1100,7,243
4,3,158
12,7,111
8,3,219
8,3,208
8,6,1
4,7,0
1184,3,1
12,4,220
4,14,2
0,0,139
8,7,211
8,3,229
1964,7,220
1348,6,1
4,15,2
1204,4,55
36,3,75
4,3,237
24,11,193
40,15,123
1192,6,2
0,0,226
20,10,0
0,0,62
36,14,0
1224,4,115
4,3,43
16,7,233
60,7,232
72,11,167
8,3,101
16,10,3
0,0,34
1804,6,3
2020,3,1
8,3,1
4,18,0
4,1,223
4,18,1
268,4,223
4,6,0
0,0,156
4,3,254
16,7,253
40,15,225
4,7,194
4,3,226
40,3,199
1124,7,226
4,3,227
4,6,0
0,0,240
4,3,72
12,3,60
20,10,1
4,16,228
36,3,101
336,6,1
4,8,84
16,15,230
4,10,3
0,0,13
1704,6,2
504,3,1
16,3,2
1208,4,147
32,7,231
4,6,0
812,3,1
8,3,2
500,4,231
4,18,1
4,4,45
12,10,3
0,0,9
4,3,30
56,3,247
16,3,250
56,3,83
40,11,232
4,15,233
4,14,2
36,4,137
16,7,217
24,10,0
0,0,125
12,7,75
1028,7,239
4,3,234
4,14,0
1996,3,2
0,0,165
4,3,234
16,7,231
4,3,160
12,3,235
1344,7,224
856,7,165
16,7,75
8,6,2
1408,3,3
724,4,236
4,14,2
384,3,0
0,0,98
4,3,114
32,3,17
24,7,14
36,11,237
28,3,230
1664,7,163
48,3,221
1332,7,237
12,3,74
4,3,63
28,7,237
12,3,197
12,10,1
16,4,120
1412,7,237
20,11,165
8,3,238
84,3,119
224,6,2
1928,4,239
16,3,183
240,7,239
12,3,130
8,3,240
4,18,1
4,8,241
4,3,166
4,3,242
4,7,166
1036,7,242
4,6,3
1932,3,1
12,7,2
0,0,87
80,3,238
8,3,78
4,3,216
20,3,46
24,6,0
1132,4,242
4,3,243
4,15,244
1528,7,244
4,6,0
0,0,170
8,6,3
0,0,40
8,3,245
4,7,53
12,11,246
36,3,151
8,6,1
1616,4,247
532,7,247
72,3,51
8,3,248
4,18,1
4,4,31
360,7,250
1584,7,250
4,18,1
4,18,0
620,5,169
12,7,185
28,18,1
32,4,147
132,3,245
12,3,251
8,3,221
8,6,3
1032,4,251
28,3,134
8,6,1
28,4,117
24,3,10
1544,6,0
768,4,251
4,11,100
44,3,156
1424,7,123
60,7,190
8,3,252
4,14,2
1396,4,253
244,6,2
576,4,99
1016,7,250
24,7,230
16,7,254
4,6,3
1648,4,254
4,3,255
4,10,2
39,3,2
9,1,0
4,10,2
17,3,149
8,6,2
832,3,0
0,0,118
8,3,4
4,7,5
4,7,1
8,7,151
20,11,199
596,7,5
104,3,45
20,7,120
8,6,1
1072,3,2
40,8,5
4,18,2
4,7,1
0,0,116
12,7,6
564,7,82
12,7,6
4,10,1
268,4,6
4,18,2
4,8,1
12,11,7
860,6,0
0,0,191
4,3,11
16,6,2
4,4,38
12,10,1
40,7,2
4,8,176
44,3,71
12,7,37
28,15,7
1356,7,70
4,3,58
20,7,8
4,18,2
0,0,50
260,3,0
12,7,9
4,6,3
216,4,9
8,3,7
20,10,2
4,12,170
8,7,11
4,14,1
964,3,2
16,8,101
85,3,79
36,18,2
0,0,48
8,7,12
2032,6,1
0,0,89
12,7,170
8,6,2
0,0,106
1068,6,2
12,4,171
8,7,13
140,3,32
8,6,2
4,11,3
72,3,0
2024,4,13
16,7,42
72,3,61
12,3,62
20,7,14
32,3,203
8,3,15
4,7,16
1212,7,120
12,6,2
4,11,1
804,3,2
28,3,3
0,0,20
272,7,17
4,7,197
12,11,36
116,6,3
0,0,49
20,11,17
4,3,244
4,3,18
4,18,2
4,7,1
1704,3,2
24,18,0
4,1,19
4,10,0
148,3,0
1928,3,2
0,0,155
100,6,1
0,0,198
12,3,20
4,7,131
12,10,0
0,0,108
2024,6,2
28,8,20
4,7,172
8,7,101
4,3,99
4,3,21
4,3,22
4,3,23
4,15,89
200,6,2
0,0,24
4,3,25
4,11,133
504,7,25
996,6,2
0,0,177
24,7,26
4,10,1
1656,3,2
16,12,221
12,11,104
12,7,194
8,7,27
1832,7,27
1736,6,2
8,4,27
4,10,1
0,0,195
16,14,0
0,0,161
36,18,0
724,4,27
1996,6,2
20,4,56
36,15,28
28,3,2
8,6,2
0,0,29
4,10,1
304,4,160
16,7,194
20,7,229
36,11,172
20,7,191
52,11,123
4,3,111
12,3,30
4,14,1
116,4,30
4,11,26
152,3,134
12,7,191
8,7,31
4,3,32
4,18,0
424,4,32
12,7,211
8,3,33
1812,6,2
8,3,2
4,4,98
736,7,33
4,3,59
1456,6,2
12,4,34
4,3,45
44,3,25
8,3,35
512,6,1
1192,4,36
72,3,182
1996,6,3
156,4,73
1016,7,37
4,14,1
0,0,69
8,3,200
748,6,2
20,8,200
12,10,0
1480,7,0
0,0,52
1120,6,1
0,0,67
4,3,79
12,7,129
1140,7,38
16,7,95
16,11,39
4,7,153
8,6,3
968,4,39
36,3,12
24,7,240
20,3,27
40,10,1
0,0,217
52,11,39
4,6,0
0,0,74
8,3,40
4,7,113
8,7,41
4,10,1
32,3,1
1200,4,41
4,18,2
992,3,2
4,12,149
12,11,43
4,14,1
1404,4,43
1124,6,0
0,0,167
12,3,116
16,7,80
16,3,248
40,11,150
12,10,3
696,4,43
4,7,44
4,3,141
392,6,0
0,0,202
8,6,2
4,16,46
4,11,215
12,10,1
308,3,3
868,4,46
4,18,2
1280,3,0
80,4,48
4,10,1
980,3,0
0,0,158
52,3,16
16,3,255
24,7,49
224,6,1
424,4,157
12,3,225
20,7,49
1460,6,1
1596,3,0
1824,3,2
12,3,2
16,4,159
1484,7,11
8,3,51
4,10,0
1240,4,51
4,6,1
740,3,0
872,4,52
12,3,173
8,6,2
4,18,0
32,5,115
1128,7,53
4,10,1
656,4,53
4,7,202
68,7,53
4,3,54
4,18,2
4,4,55
4,10,3
1680,4,164
12,6,1
0,0,206
8,7,127
32,7,56
4,3,66
36,3,6
12,7,65
4,3,57
4,10,1
0,0,47
12,7,198
4,3,58
196,3,172
20,3,208
12,6,2
16,4,155
16,3,10
16,7,8
16,3,111
28,10,2
0,0,130
12,11,58
100,3,39
16,14,2
0,0,124
8,6,1
0,0,188
16,7,59
4,11,60
4,3,77
8,7,60
88,3,204
12,7,207
1720,7,60
4,15,61
36,3,241
8,6,2
1668,4,62
4,18,2
1168,4,63
4,6,1
0,0,86
8,6,0
1768,3,1
348,4,63
24,7,204
44,7,63
4,3,179
180,3,25
20,3,255
4,3,17
4,3,220
20,3,137
28,6,3
1764,4,63
4,10,3
320,4,64
4,14,1
0,0,97
16,11,65
1572,6,1
188,4,65
4,7,66
4,11,67
4,11,68
40,3,70
4,3,51
12,6,2
4,18,0
4,4,0
592,4,69
40,3,239
8,6,2
4,3,3
0,0,9
24,3,55
16,10,2
4,18,0
44,9,13
12,7,70
4,15,247
12,11,33
8,6,1
0,0,139
8,6,3
2040,4,189
8,3,23
16,3,74
4,3,71
4,7,72
4,18,1
0,0,122
8,6,0
408,3,1
468,4,72
4,7,73
20,3,139
4,3,191
1268,7,88
892,7,73
20,3,16
92,3,22
12,6,2
4,8,208
108,7,74
4,7,246
12,10,1
1628,4,75
4,6,1
348,4,75
4,3,76
572,7,77
4,14,1
1268,4,77
4,11,78
1196,7,205
4,3,79
4,14,0
0,0,166
12,7,207
24,11,163
40,18,2
4,12,164
64,11,185
4,3,249
12,3,80
4,18,2
0,0,110
16,14,0
0,0,201
8,3,81
4,10,1
0,0,176
8,3,82
4,3,100
268,3,42
12,7,83
4,7,250
8,6,3
844,4,83
4,18,2
4,7,1
1396,4,166
4,3,84
4,7,85
4,3,115
80,6,0
1736,3,2
16,4,85
4,7,58
24,3,44
20,15,85
4,10,0
0,0,252
552,7,85
4,3,86
4,3,87
4,10,1
0,0,212
1900,6,1
0,0,105
20,7,222
32,11,93
4,3,126
48,14,3
1888,4,87
4,10,0
0,0,226
4,3,215
80,11,73
16,3,183
532,7,88
4,6,0
0,0,230
632,6,1
0,0,4
24,14,2
4,3,1
1884,3,0
0,0,151
16,7,84
28,15,222
48,18,2
1980,3,2
552,4,89
4,10,1
0,0,90
16,11,92
184,7,93
4,7,136
640,7,94
4,3,125
8,7,94
4,6,1
0,0,138
12,7,30
20,11,26
12,11,61
8,3,95
4,3,96
4,3,97
4,14,0
0,0,213
12,10,1
1616,4,246
12,3,99
4,6,1
1536,4,30
512,6,2
4,18,0
1,1,197
12,7,209
28,18,2
0,0,101
4,7,102
4,6,1
1784,3,0
0,0,244
16,10,2
24,8,242
1948,7,131
28,18,1
712,3,1
0,0,14
32,3,195
28,18,1
812,3,1
1656,4,102
4,3,229
8,7,103
4,18,3
1652,3,3
216,3,2
28,16,89
8,7,104
4,18,2
4,12,163
8,7,105
4,3,106
4,18,2
4,4,94
4,3,108
4,3,109
4,10,1
716,4,38
12,7,253
28,14,2
4,4,110
4,3,201
28,3,76
8,3,1
1024,7,111
516,7,111
4,15,112
4,18,2
4,4,113
4,10,0
0,0,216
60,3,172
20,14,2
4,3,1
936,4,113
4,18,2
36,12,130
8,6,3
1596,4,113
8,3,31
20,3,237
12,3,114
4,10,1
864,3,2
528,4,214
8,7,115
468,6,2
0,0,223
16,10,2
4,16,166
12,11,183
12,11,76
8,7,116
4,10,1
520,3,2
8,3,3
1400,3,1
576,4,116
4,3,117
4,10,3
0,0,40
12,7,118
4,11,119
4,18,2
4,7,1
0,0,157
16,11,208
20,7,101
8,3,162
8,3,48
44,15,166
8,3,120
4,10,1
0,0,219
12,7,122
4,14,1
0,0,217
20,18,2
0,0,123
4,18,2
0,0,124
44,3,150
8,6,2
4,4,36
4,3,202
420,3,131
8,3,133
24,11,124
1204,6,2
12,4,125
4,10,1
1472,4,125
1204,7,126
4,6,1
1664,4,126
4,11,128
20,3,207
64,3,238
8,3,204
16,6,2
20,4,172
4,3,230
12,7,31
24,10,0
0,0,218
1896,6,1
712,4,128
4,7,129
4,7,130
4,14,1
0,0,187
912,6,1
404,4,131
4,14,1
0,0,171
20,15,209
8,7,132
220,7,133
4,10,0
1100,4,133
4,7,83
32,18,1
0,0,186
44,11,205
160,3,33
16,7,25
8,7,134
744,6,1
0,0,159
12,7,134
4,10,1
1676,3,1
0,0,27
12,3,135
4,7,243
12,11,135
1380,7,135
4,6,1
496,4,135
4,15,179
56,10,1
1524,4,135
4,7,136
4,7,138
4,6,1
852,4,139
4,15,140
4,10,0
92,4,140
20,15,101
12,7,192
4,3,225
12,6,1
1488,4,140
12,7,56
8,3,141
4,11,167
16,15,141
752,7,141
4,10,1
872,4,141
4,7,142
4,15,125
8,7,41
20,10,0
48,4,142
16,11,218
8,3,143
72,3,221
1752,7,38
100,3,48
20,6,2
24,4,87
64,7,143
4,7,144
4,3,79
8,7,144
4,7,145
4,15,146
4,6,0
1812,3,2
12,7,2
4,16,147
4,3,164
96,3,162
1940,7,147
4,11,148
4,3,149
4,3,150
4,18,2
4,7,1
780,4,150
4,7,74
8,7,151
4,6,1
0,0,5
12,7,46
20,10,2
20,8,151
32,3,255
20,11,188
36,11,151
4,6,3
0,0,22
20,15,191
4,3,85
20,15,237
792,7,151
4,3,153
4,3,228
8,6,1
292,4,153
12,7,123
12,10,2
0,0,154
4,11,172
8,7,106
36,3,67
12,6,0
756,3,1
0,0,170
1172,7,155
1836,7,155
940,7,155
1484,7,111
12,7,155
4,7,156
4,14,0
1532,4,156
4,6,1
976,4,156
296,7,156
4,11,157
4,15,183
36,3,108
60,3,173
16,7,158
4,3,160
4,7,161
28,3,145
1308,6,2
4,18,0
4,13,243
12,10,0
612,4,162
1828,7,163
4,18,2
4,7,1
752,4,163
4,6,3
0,0,37
12,7,164
536,7,9
12,11,150
12,7,74
12,3,208
4,3,226
12,3,165
4,6,3
0,0,43
12,7,178
20,10,1
0,0,51
12,10,0
0,0,252
12,7,166
4,6,1
1720,4,166
8,3,3
888,7,166
4,3,59
20,7,225
508,7,166
4,11,116
1076,7,166
32,3,75
956,7,166
4,11,62
16,15,166
44,7,172
960,7,167
12,3,113
12,10,2
0,0,168
4,15,169
4,7,182
12,11,169
4,11,70
4,3,170
184,7,171
1184,7,74
12,7,171
4,10,1
1688,4,232
604,7,172
4,11,119
8,7,173
4,18,2
4,8,174
4,15,175
4,3,176
4,10,3
0,0,47
12,7,11
24,14,2
4,8,177
36,3,45
8,6,2
4,18,0
4,9,28
8,6,1
0,0,50
24,15,178
4,10,1
640,4,178
4,15,179
4,6,3
780,4,180
36,3,19
4,3,215
12,6,2
1204,4,183
4,6,3
0,0,29
8,6,0
1744,3,2
24,8,197
12,11,185
4,3,186
4,6,1
888,4,186
4,14,1
252,4,187
72,3,42
1812,6,2
1776,4,188
4,11,9
36,3,43
12,6,1
0,0,76
8,7,120
36,15,189
180,7,190
4,15,207
20,18,2
4,7,1
0,0,227
8,6,3
352,4,190
4,7,191
4,15,139
636,7,192
4,3,193
4,18,2
4,12,194
4,10,1
1284,4,194
4,3,196
268,7,197
4,15,202
12,11,190
48,3,83
8,3,29
36,14,1
0,0,61
340,3,19
16,11,165
4,3,236
16,11,108
4,3,72
52,14,3
320,4,6
32,7,150
8,3,104
4,3,198
1240,7,112
12,7,131
8,7,198
4,18,2
4,8,64
416,7,199
4,11,207
8,6,3
220,3,1
1876,3,1
0,0,94
24,7,114
36,11,100
36,7,12
8,6,1
892,4,199
4,7,255
8,7,27
216,3,114
12,7,200
4,6,1
464,3,1
1320,4,200
16,7,242
12,10,2
4,4,201
4,10,1
2000,4,201
20,15,220
388,7,201
348,7,202
4,10,1
1032,4,202
20,15,218
16,11,203
4,15,204
4,3,109
8,7,204
4,7,205
4,14,1
292,4,205
4,7,206
4,6,1
40,4,206
12,7,171
12,10,2
4,8,219
12,11,227
12,11,207
48,3,129
8,3,152
356,7,9
8,7,208
4,7,38
12,11,208
4,11,27
20,18,2
4,3,3
1008,4,208
4,6,1
1840,4,208
8,3,60
8,3,209
4,10,1
0,0,240
16,11,215
28,14,2
4,18,0
52,5,78
12,7,210
4,7,112
1724,7,211
4,18,2
4,12,221
12,11,212
4,18,2
4,3,3
0,0,30
20,18,2
0,0,213
116,3,214
8,3,110
12,6,2
4,4,214
4,7,187
8,6,1
40,4,214
4,3,226
28,10,1
0,0,250
40,11,215
4,10,3
0,0,33
16,14,2
0,0,216
44,3,121
8,7,200
8,6,2
4,4,217
828,7,217
4,14,1
0,0,138
16,11,36
8,7,134
40,18,2
4,4,218
4,7,60
12,11,219
68,3,186
272,7,221
4,7,222
4,3,8
8,7,222
4,3,223
4,10,1
156,4,223
12,7,83
28,11,197
4,3,225
4,14,3
0,0,40
20,18,1
1324,4,225
4,18,2
300,3,1
0,0,65
308,7,226
4,18,2
32,4,222
12,7,227
4,11,163
16,15,227
4,3,228
4,18,2
4,11,1
712,4,228
8,3,173
20,7,229
4,18,3
0,0,24
8,3,230
4,7,43
8,7,231
4,6,0
1232,4,198
64,3,140
8,3,41
24,10,2
4,8,232
776,7,232
4,3,50
40,3,244
12,7,232
4,18,2
4,7,1
1088,4,233
4,3,234
4,3,18
8,7,234
4,3,235
4,3,236
4,3,237
4,15,122
20,18,2
0,0,238
1420,6,1
1144,4,238
4,3,63
4,3,239
4,11,54
188,3,197
20,15,239
4,7,240
4,7,197
12,11,240
4,18,2
4,12,167
8,7,241
4,7,27
12,11,241
4,18,2
4,4,63
4,3,242
56,7,242
4,6,1
1900,4,242
4,3,243
4,7,163
4,3,130
16,11,243
400,3,15
16,11,244
4,6,1
1608,4,244
4,11,166
12,11,245
4,7,151
4,3,93
16,11,245
56,3,182
1080,7,245
8,3,116
24,7,243
36,11,213
4,3,97
4,3,246
4,11,247
4,3,149
4,3,1
1644,6,2
0,0,85
840,7,247
4,3,10
8,7,94
8,7,247
4,15,248
4,15,249
68,7,249
4,14,1
1024,4,249
1472,7,249
4,18,2
4,4,183
8,7,250
68,3,27
8,6,2
4,18,0
4,5,251
4,3,252
4,3,253
4,10,1
284,4,253
16,11,158
16,11,197
4,3,254
4,7,222
28,3,69
16,11,254
1836,7,104
8,7,255
4,10,1
448,3,1
0,0,189
12,3,102
608,3,112
32,18,2
48,16,217
12,7,86
28,18,3
0,0,6
8,7,0
4,18,1
564,3,1
0,0,188
20,14,2
552,3,3
404,4,1
4,18,3
4,8,2
4,10,1
1328,3,1
2004,3,3
12,3,2
0,0,87
396,7,2
8,3,103
244,6,3
40,7,2
1900,3,3
56,11,3
24,8,243
12,7,3
4,15,4
88,3,61
8,6,3
4,18,0
4,1,5
4,3,17
8,7,5
4,18,3
4,3,1
204,4,5
16,11,218
16,11,6
4,18,3
4,3,1
812,3,3
12,8,128
12,11,108
44,18,3
4,4,7
4,18,3
4,3,2
1140,3,3
1524,3,3
2024,4,87
64,3,159
12,7,26
628,6,3
12,3,3
4,16,10
4,18,3
4,8,11
4,6,2
2040,3,3
12,7,3
16,4,39
16,14,3
4,3,1
0,0,148
472,7,11
1020,6,3
24,4,12
4,18,3
4,4,30
8,6,1
1408,3,3
32,18,0
24,1,201
8,7,226
28,18,0
0,0,117
96,3,79
12,3,13
4,6,1
648,3,3
1484,4,87
20,10,3
4,7,2
0,0,74
20,15,14
4,15,15
4,15,30
20,18,3
4,15,1
464,4,15
92,3,62
8,3,16
4,7,32
12,10,2
0,0,33
288,7,16
1556,6,3
24,7,1
0,0,162
48,11,17
28,3,133
588,7,17
212,3,207
12,10,3
28,4,166
16,14,3
4,16,18
4,3,20
4,6,1
0,0,155
4,3,166
16,10,3
0,0,31
28,11,115
12,7,21
4,3,22
4,6,1
108,4,23
4,18,3
4,4,24
4,18,3
0,0,25
4,18,3
4,18,0
4,1,26
92,3,251
8,6,3
1236,3,3
4,7,1
0,0,88
16,14,3
20,4,111
20,15,28
4,14,1
0,0,95
20,18,3
4,3,2
0,0,73
12,11,212
44,7,250
8,3,29
4,6,2
0,0,134
12,10,1
24,8,30
392,7,30
12,7,197
12,10,3
20,8,243
20,18,3
32,12,155
8,3,19
20,15,232
100,3,212
492,7,31
1608,6,3
380,4,31
12,3,66
12,10,3
4,11,2
0,0,234
8,7,230
8,7,196
8,7,86
36,7,32
4,18,0
1080,4,33
4,6,0
1628,3,3
12,7,3
4,7,2
0,0,154
20,18,2
0,0,55
8,7,213
20,7,34
4,10,2
1432,4,34
12,7,59
12,10,1
960,3,3
0,0,35
4,3,36
4,3,37
4,6,2
1872,4,70
16,10,3
4,16,38
4,10,2
0,0,184
12,7,39
12,3,46
8,6,1
0,0,173
8,6,3
4,7,0
504,4,39
4,10,2
0,0,140
12,7,40
12,3,113
8,6,3
4,7,2
1948,3,3
12,4,41
416,7,41
4,14,1
0,0,123
8,3,42
4,10,1
0,0,220
16,14,3
4,7,2
0,0,125
8,7,205
44,11,208
36,11,43
28,3,43
8,6,3
4,18,0
32,5,227
20,15,44
4,7,45
4,14,1
1684,4,45
4,6,2
760,4,45
4,3,46
4,10,2
0,0,190
8,6,1
808,4,46
4,18,3
396,4,46
4,7,48
4,10,2
544,4,7
16,11,141
8,3,50
4,18,3
4,3,2
0,0,77
96,3,242
8,3,193
8,3,147
8,3,226
4,3,181
4,3,219
4,3,27
20,3,67
28,6,3
1008,3,2
1080,3,2
0,0,80
1196,7,135
1600,6,2
1380,3,2
0,0,247
308,7,255
816,6,2
0,0,151
4,3,128
4,3,221
1436,6,2
1464,3,2
0,0,204
844,10,2
1152,4,11
8,3,36
4,3,237
4,3,84
4,3,123
1684,7,39
908,6,2
480,3,2
0,0,58
656,7,44
12,3,173
4,3,120
4,3,253
4,3,102
4,3,124
1180,6,2
0,0,165
4,3,223
4,3,174
4,3,32
4,3,217
4,3,106
28,3,205
8,6,2
44,4,191
264,7,5
2000,7,113
4,3,159
4,3,100
1448,7,16
12,3,203
1116,6,2
0,0,177
4,3,156
4,3,47
4,3,89
1560,7,104
80,3,225
8,3,240
136,7,30
112,7,171
4,3,192
4,3,188
236,6,3
96,3,2
0,0,199
240,7,104
704,3,68
8,3,220
4,3,254
1372,6,2
0,0,118
8,3,19
4,3,229
12,3,241
232,7,244
8,3,169
1028,6,2
1452,4,12
8,3,222
4,3,225
24,3,253
8,3,8
116,7,157
80,3,198
344,7,216
796,6,2
256,4,167
316,6,2
0,0,76
208,6,2
0,0,153
1580,7,30
912,7,51
44,3,234
1236,10,2
0,0,96
1652,7,162
1280,6,2
188,4,209
32,6,2
0,0,231
320,7,228
260,6,1
1488,3,2
0,0,149
768,6,2
280,3,3
2048,4,22
16,3,221
52,6,1
0,0,189
1864,6,1
424,3,2
1480,3,2
0,0,146
16,6,2
768,3,2
280,4,113
424,6,3
1464,7,2
552,3,1
244,4,214
1900,6,1
420,4,100
260,6,3
1232,3,1
0,0,195
12,3,53
632,6,2
584,4,226
4,3,63
172,7,199
804,6,2
0,0,143
128,6,3
300,4,28
248,6,1
0,0,137
1304,7,44
4,3,175
4,3,131
4,3,139
68,6,1
208,4,103
8,3,204
80,6,1
728,3,1
1360,3,2
108,4,165
56,3,3
1036,6,2
0,0,94
1968,7,162
500,7,196
752,7,87
4,3,239
1048,6,2
192,3,2
252,4,223
124,7,209
4,3,38
4,3,180
1220,6,2
0,0,194
64,3,83
168,7,230
824,6,2
440,3,3
1176,3,1
100,3,1
352,3,1
460,4,165
80,7,89
1020,7,38
212,6,0
0,0,72
244,7,201
4,3,211
20,3,236
708,6,3
1276,4,247
144,6,0
468,4,27
100,7,49
4,3,111
104,7,163
28,3,218
56,6,2
468,4,163
4,3,15
68,3,120
832,7,188
884,7,157
4,3,110
24,3,227
780,7,208
12,3,4
8,3,245
800,6,2
444,4,11
280,6,3
24,4,187
1968,6,2
400,4,218
44,3,224
852,7,157
4,3,52
348,7,189
8,3,41
8,3,243
132,3,85
572,7,246
36,7,107
1068,6,3
1164,4,28
12,3,229
28,3,171
464,7,27
892,7,39
4,3,224
24,3,214
4,3,200
216,6,0
1704,3,2
700,3,3
488,3,2
0,0,150
200,6,2
1140,4,113
4,3,115
520,6,3
176,4,209
4,3,130
756,7,13
1348,7,9
476,7,41
8,3,73
1924,7,46
196,7,7
4,3,25
4,3,19
144,6,1
1204,3,1
852,3,1
988,3,1
104,3,3
32,4,177
80,6,2
564,4,242
1344,6,2
12,4,147
1940,6,2
420,4,177
4,3,93
1304,7,209
888,7,232
4,3,185
188,3,252
8,3,142
716,7,71
1692,6,2
656,4,70
4,3,119
4,3,90
420,7,225
1404,7,140
8,3,158
20,7,176
84,3,29
1260,7,60
1132,7,28
1452,6,1
776,4,125
1848,7,50
16,3,155
80,7,154
744,6,3
1660,4,207
144,7,123
20,3,175
8,3,178
880,7,87
1424,7,84
476,6,2
192,3,0
1560,4,29
208,7,79
492,6,2
0,0,206
1448,7,9
208,7,134
552,6,1
576,4,17
16,3,81
452,6,2
1460,4,163
388,7,151
32,3,213
128,7,106
1056,7,74
612,7,43
12,3,215
232,6,3
1104,4,29
1252,7,124
4,3,13
1172,7,212
8,7,245
1156,6,3
0,0,20
752,7,167
4,3,122
4,3,121
1176,6,3
996,4,69
76,3,168
32,7,104
940,7,52
