0,0,0
1,2,2
4,3,0
1,35,1
4,11,2
4,19,0
24,23,2
4,7,3
4,75,4
4,23,5
4,31,6
4,71,3
28,27,7
4,7,10
12,11,7
4,3,17
16,15,7
4,11,8
4,23,9
4,7,10
4,43,11
4,3,12
4,59,13
4,19,6
24,23,13
160,7,13
4,11,14
4,19,8
232,7,14
4,7,12
40,23,14
4,3,21
4,3,15
4,3,16
4,19,18
4,15,14
20,19,18
4,31,19
4,7,27
12,11,19
4,3,20
124,7,21
4,27,19
36,35,22
4,27,23
4,3,24
4,11,25
4,3,26
140,7,27
4,51,28
4,39,33
40,39,29
4,47,30
4,43,40
8,7,34
44,35,31
4,3,32
4,43,33
4,15,34
4,43,35
4,19,36
4,19,46
8,7,37
4,3,38
4,19,39
4,19,40
4,67,41
4,43,42
4,39,43
4,55,44
4,15,45
280,7,46
288,11,46
4,19,41
16,15,47
4,95,48
4,19,51
24,23,48
4,3,49
4,23,47
8,7,50
4,39,51
4,31,47
16,15,52
4,23,57
20,19,53
4,11,47
16,15,53
4,31,54
4,23,53
24,23,55
4,27,56
4,3,58
4,11,51
12,11,62
28,15,58
4,7,59
4,11,65
16,15,59
4,3,60
4,35,61
4,15,55
16,15,62
4,3,63
8,7,62
4,23,63
4,39,70
116,7,63
4,15,64
4,11,70
8,7,62
4,3,73
28,15,64
4,11,65
4,43,66
4,3,67
4,35,68
4,23,74
4,3,76
16,11,69
4,27,70
4,47,77
16,15,71
4,15,68
12,11,72
276,7,73
4,51,84
200,7,74
4,23,75
4,7,76
4,23,77
4,23,78
4,3,79
4,31,80
4,27,86
16,15,81
4,39,82
4,15,83
4,35,84
4,43,85
4,27,86
4,39,87
4,31,88
4,55,89
4,35,90
4,51,91
4,43,92
4,51,91
248,7,92
4,15,93
4,83,94
4,7,95
4,3,96
4,31,97
4,31,93
4,3,98
4,19,99
4,15,100
4,47,101
4,27,102
4,3,103
4,11,112
16,15,103
4,7,104
4,15,105
4,27,106
4,11,107
4,7,108
4,7,109
4,35,110
4,11,105
12,11,112
28,15,117
12,11,111
32,7,112
4,27,113
4,51,114
4,27,115
324,7,115
4,11,116
4,11,117
4,31,115
4,3,130
4,3,118
4,7,119
4,3,120
4,7,121
4,3,122
4,3,123
4,7,124
4,55,125
4,11,126
4,3,127
4,7,113
12,11,127
4,51,128
4,31,130
12,11,123
48,35,129
4,27,135
20,19,130
4,35,131
4,3,132
4,23,133
4,59,128
16,15,134
4,47,133
212,7,135
4,47,136
4,3,137
4,27,135
28,27,138
4,83,140
4,15,141
4,39,135
44,43,141
4,23,142
4,27,143
4,39,144
4,27,145
4,7,146
4,39,139
4,3,147
24,19,147
4,59,148
8,11,148
4,7,146
16,15,148
4,7,149
4,3,150
284,7,150
4,39,151
4,15,152
4,27,150
4,3,153
4,7,156
12,11,153
4,39,154
4,7,150
12,11,154
4,19,155
4,71,156
4,39,157
4,23,155
12,11,158
4,3,162
8,7,158
4,23,159
4,67,160
4,3,161
4,31,162
44,7,162
4,75,163
4,23,164
4,31,165
4,47,166
4,71,167
4,43,171
4,3,168
4,15,167
16,15,169
4,19,165
16,15,166
4,3,170
4,35,171
4,11,166
16,15,171
4,15,172
4,31,173
4,7,178
12,11,173
4,51,174
4,23,175
4,19,176
4,23,177
4,63,178
4,27,179
4,3,181
8,7,179
4,23,172
28,27,180
4,27,176
24,23,181
4,55,182
44,47,182
4,47,181
8,7,187
8,7,183
4,39,184
4,35,185
4,47,186
4,51,187
4,27,192
24,23,188
236,7,188
4,19,189
4,39,190
4,3,191
4,23,198
28,27,191
4,39,192
4,55,195
24,23,193
4,43,194
72,7,195
4,79,196
4,11,197
296,7,198
4,11,203
20,19,198
4,11,199
4,39,206
8,7,200
4,19,201
24,23,200
36,15,201
4,63,202
4,79,203
4,19,204
4,23,205
4,31,206
4,63,207
4,47,215
16,15,208
4,31,209
4,35,210
4,11,211
4,31,216
8,7,212
4,35,213
4,3,214
4,47,215
4,71,216
4,55,217
4,23,218
4,51,220
56,55,219
4,55,220
4,51,221
4,55,223
20,19,222
4,87,223
4,75,224
4,15,229
16,15,225
4,11,226
4,39,221
92,7,227
4,3,228
4,11,235
16,15,228
4,47,229
4,35,230
184,7,230
4,35,231
4,15,232
4,19,233
4,3,234
4,7,235
4,51,231
36,35,236
4,47,237
4,35,238
4,3,239
4,31,240
4,31,241
4,19,242
4,39,243
4,67,244
4,19,245
4,39,246
4,7,247
4,27,249
4,3,250
4,47,251
4,19,252
4,71,253
4,18,1
9292,4,253
4,23,254
4,31,255
180,6,1
9523,12,1
4,11,2
4,7,11
4,3,3
4,7,4
4,14,0
0,0,248
20,15,5
172,6,1
8,3,1
4,20,6
4,19,7
4,15,2
12,11,8
4,11,4
8,7,12
4,3,9
4,3,10
4,15,8
20,19,10
192,7,11
4,54,0
296,3,1
112,4,12
4,35,13
4,23,14
4,15,15
4,55,16
4,27,21
32,31,16
4,15,14
24,23,17
4,31,18
4,3,22
8,7,18
4,43,13
32,47,19
4,43,22
36,35,20
4,15,21
4,11,18
16,15,21
4,3,27
20,19,21
108,7,22
4,79,26
32,31,23
4,7,24
4,3,25
4,59,26
4,15,27
4,83,28
4,3,29
4,11,30
4,47,31
4,31,32
4,19,33
4,83,35
24,23,34
28,7,39
8,7,35
4,39,29
48,47,35
4,15,36
4,35,37
4,39,38
4,19,33
24,23,39
4,67,40
4,3,41
4,3,42
4,59,43
4,67,44
4,59,45
4,7,46
12,11,45
4,39,46
4,95,47
4,67,43
4,3,48
4,27,49
4,7,52
12,11,49
4,7,50
4,3,51
8,7,50
148,7,50
4,7,59
32,11,51
4,47,52
4,67,53
4,39,54
4,7,60
12,11,54
4,11,55
4,3,56
4,35,57
68,7,57
4,3,58
256,7,59
4,47,60
4,83,61
4,87,63
16,15,62
4,15,63
4,31,64
4,3,65
4,11,66
4,15,63
20,19,66
4,35,67
4,7,68
4,67,69
4,31,70
4,7,72
12,11,70
4,47,63
16,15,71
4,19,72
4,43,73
4,35,74
4,43,75
4,51,77
4,11,69
16,15,77
4,3,78
4,51,79
4,43,78
32,31,80
4,3,81
12,7,81
4,59,79
16,15,82
4,47,83
4,19,76
24,23,83
4,11,78
16,15,84
40,23,84
4,63,79
20,19,85
4,35,91
8,7,86
4,43,87
4,15,88
292,7,88
4,39,91
40,39,89
4,3,90
4,7,91
4,23,88
20,19,92
4,3,93
4,99,88
12,11,99
52,39,94
4,51,95
4,3,98
8,7,95
4,67,108
4,3,97
4,11,98
4,15,93
8,7,106
8,7,99
4,43,100
64,7,100
4,35,98
12,11,101
4,11,102
4,7,96
12,11,102
4,63,103
4,23,104
4,27,107
16,15,105
4,23,107
8,7,106
4,55,107
4,63,108
4,55,109
4,15,110
4,11,111
4,75,112
4,35,113
4,11,114
4,47,115
4,63,116
4,23,117
4,11,118
4,59,119
4,15,123
12,11,127
32,19,119
4,3,120
4,43,121
4,27,122
112,7,115
8,7,123
4,31,124
4,35,125
4,7,126
192,7,127
4,3,128
4,27,134
32,31,128
4,39,129
4,19,119
24,23,129
4,11,130
4,3,131
68,7,132
4,15,137
20,19,132
4,43,133
224,7,134
4,39,135
4,11,128
16,15,135
4,7,142
16,15,136
4,31,137
4,39,128
20,19,138
4,31,137
36,35,138
4,7,142
12,11,139
4,23,144
8,7,140
4,19,137
8,7,141
4,19,142
4,51,143
4,51,137
24,23,144
4,67,147
36,35,145
4,19,146
60,7,147
4,7,148
4,3,152
8,7,148
4,23,152
12,11,141
32,19,149
4,55,152
8,7,150
4,23,149
4,3,151
4,19,152
4,71,153
4,31,152
36,35,153
4,19,154
4,87,155
4,7,158
12,11,155
4,3,156
4,27,162
16,15,154
24,23,156
4,15,163
8,7,157
4,11,156
16,15,157
4,7,158
4,47,159
4,51,160
4,31,161
4,23,162
4,15,163
4,19,167
12,11,164
4,67,165
4,15,166
4,11,170
16,15,166
4,15,167
184,7,167
4,55,170
16,15,168
4,23,167
28,27,168
4,11,169
4,7,170
12,11,169
4,15,170
4,7,177
12,11,170
268,7,170
4,15,171
16,19,171
4,51,172
4,47,173
4,3,174
4,11,173
4,3,175
4,59,176
4,3,178
8,7,176
4,11,177
4,63,178
4,43,183
32,31,179
4,23,180
4,3,186
8,7,180
4,3,181
4,27,175
8,7,182
4,35,183
4,23,184
4,51,185
4,19,189
24,23,185
4,75,181
8,7,191
28,19,186
4,51,187
4,43,188
4,31,189
4,59,187
4,3,190
4,59,191
4,27,192
32,31,191
52,23,192
4,19,200
20,19,193
4,31,190
8,7,194
4,35,201
36,35,195
4,31,196
4,3,197
4,63,198
4,7,199
4,47,200
8,11,200
4,39,201
4,31,197
40,39,202
44,7,202
4,47,203
4,3,204
4,75,205
4,43,214
28,27,210
208,7,205
4,15,206
4,31,207
4,39,208
4,39,209
4,27,210
4,27,211
4,3,212
4,27,213
4,15,214
4,39,215
4,31,216
4,63,217
4,43,218
4,3,221
8,7,218
4,39,217
4,3,219
4,47,224
16,15,220
4,19,226
24,23,220
164,7,221
4,55,216
8,7,222
4,15,223
4,43,224
4,63,225
4,19,229
244,7,226
4,31,227
4,55,231
4,3,228
4,11,229
16,15,228
28,15,229
4,87,230
4,59,231
4,63,232
4,63,233
4,31,234
4,23,231
12,11,235
4,27,236
4,59,237
4,11,238
4,47,239
4,15,232
8,7,240
4,27,232
12,11,241
4,35,242
4,35,243
16,15,235
56,39,242
4,7,244
4,3,245
4,15,242
4,3,252
20,15,252
40,19,245
4,23,246
4,39,242
20,19,247
4,83,248
4,7,249
4,27,250
4,3,251
4,23,252
4,59,253
4,59,254
4,34,2
11012,4,254
4,11,255
4,26,2
11076,3,2
10956,3,2
4,44,3
4,55,4
4,47,5
4,23,9
8,7,13
20,11,6
4,67,7
20831,7,7
4,19,8
4,35,9
4,31,10
4,11,11
4,19,12
212,7,13
4,51,4
60,59,14
4,87,15
4,3,16
4,15,17
20,23,17
4,11,18
4,39,19
4,27,21
16,15,16
4,3,20
4,23,21
4,79,14
36,35,22
4,39,21
20,19,23
4,7,21
12,11,23
4,15,24
4,31,25
4,3,26
4,35,27
4,39,28
4,119,29
4,91,27
4,3,30
4,19,29
20,19,28
12,11,31
4,3,32
4,3,33
4,3,34
4,3,35
4,19,36
4,19,38
24,23,36
4,7,28
32,31,36
4,31,37
4,47,38
4,11,39
4,67,40
4,7,41
4,27,42
4,3,43
4,47,44
4,35,45
4,3,46
100,7,46
4,3,56
8,7,46
4,11,36
20,19,46
4,7,47
4,3,51
8,7,47
4,27,50
16,15,48
4,19,49
4,15,50
4,15,59
20,19,50
4,11,51
4,7,49
12,11,52
4,23,53
4,27,54
4,31,55
4,15,56
4,11,57
4,3,58
4,51,59
4,55,50
16,15,66
48,31,60
8,11,60
4,27,66
20,19,52
28,27,60
4,35,61
4,31,62
4,39,63
4,39,64
4,19,68
16,15,65
4,3,71
212,7,66
4,31,67
4,31,68
4,23,69
4,7,70
4,15,71
208,7,71
4,39,72
4,3,74
4,35,75
4,11,74
16,15,75
4,11,81
24,23,76
4,31,70
36,35,76
4,15,77
4,7,76
12,11,77
4,7,84
20,19,77
4,15,78
4,3,79
4,27,80
4,43,73
252,7,86
8,7,81
4,27,82
4,27,76
12,11,75
12,11,83
4,59,84
4,15,86
8,7,82
8,7,87
36,19,84
4,23,85
4,55,86
4,47,87
4,47,92
8,7,88
4,23,89
4,91,90
4,19,85
24,23,90
4,19,91
4,11,92
4,71,98
32,31,93
4,19,94
4,3,95
4,31,96
4,11,91
16,15,96
4,43,97
4,51,106
188,7,97
224,7,98
4,23,99
4,31,100
4,3,107
8,7,100
4,19,101
4,43,102
4,59,103
4,19,104
4,31,105
4,7,112
12,11,105
4,11,106
4,55,107
4,43,108
4,23,107
16,31,108
4,3,109
4,59,110
4,3,111
4,55,112
4,43,118
4,3,121
24,19,113
4,3,114
4,3,115
4,31,116
4,111,117
4,7,127
12,11,117
4,23,118
4,43,119
4,23,120
288,7,121
4,43,122
4,19,123
4,43,124
4,7,117
16,15,124
4,3,125
4,51,122
8,7,124
8,7,126
4,11,127
4,31,121
4,3,128
4,47,129
4,71,127
32,31,130
4,11,131
4,23,130
28,27,131
4,7,132
4,11,138
16,15,132
4,11,133
4,23,138
28,27,134
4,3,135
4,59,136
4,3,137
4,31,138
4,11,139
4,35,140
4,43,141
4,15,144
16,15,142
4,15,143
4,31,144
4,59,145
4,27,146
36,7,146
4,75,147
4,31,149
40,27,148
4,87,145
16,15,153
136,7,149
4,71,150
4,51,151
4,27,152
4,15,153
4,43,148
8,7,154
4,23,159
8,7,155
4,7,156
4,11,157
4,75,158
4,79,153
12,11,164
32,19,159
4,39,160
4,43,161
4,43,162
4,23,163
4,11,172
12,11,164
4,47,165
4,15,166
4,23,167
4,19,166
8,7,168
4,27,169
4,3,170
4,31,171
4,43,172
4,15,173
12,15,173
4,19,171
12,11,174
4,47,165
16,15,175
4,91,176
4,15,177
4,35,178
4,11,179
4,7,184
12,11,179
4,27,180
4,7,184
8,7,172
20,11,180
28,15,180
4,7,175
36,19,180
4,19,181
4,27,182
4,19,183
4,59,184
4,83,185
4,135,186
4,3,187
292,11,188
4,39,189
4,27,190
4,7,188
12,23,185
40,15,190
4,7,191
4,3,192
4,23,193
4,7,194
4,59,195
4,27,189
28,27,196
4,55,197
120,7,198
4,15,207
12,11,199
4,23,192
24,23,200
4,23,201
4,11,202
4,23,203
4,15,194
20,19,203
4,31,208
8,7,196
8,7,204
4,27,205
4,31,206
4,3,212
8,7,206
92,7,208
4,79,218
12,11,209
4,7,210
4,27,211
148,7,212
4,23,213
4,75,221
8,7,214
4,39,219
4,3,216
4,19,217
4,19,218
4,15,215
20,19,218
4,23,219
4,31,227
8,7,220
196,7,221
4,31,219
20,19,222
4,15,223
4,19,224
4,7,219
12,11,225
4,23,226
4,19,227
4,35,222
12,11,217
12,11,228
4,23,229
4,31,224
4,3,230
4,31,231
4,19,232
24,27,232
4,39,233
4,55,234
4,7,235
4,63,236
4,31,237
4,3,238
4,23,239
4,35,244
8,7,240
4,11,241
4,3,242
4,47,243
4,15,244
4,39,233
44,43,244
4,35,245
4,55,246
4,63,247
4,39,248
4,27,249
4,35,250
4,27,251
4,87,252
4,34,3
9856,4,252
4,23,253
4,19,254
4,3,255
4,14,3
9700,4,255
30499,43,1
4,7,3
4,39,4
4,51,5
4,75,6
4,11,7
4,35,8
4,51,9
4,19,16
24,23,9
4,19,10
4,51,14
48,47,11
4,23,12
4,39,16
12,11,13
4,27,14
4,55,15
4,7,16
4,19,17
4,15,14
20,19,23
16,15,18
4,15,19
4,35,20
4,63,21
4,7,17
12,11,21
4,31,22
4,83,23
4,27,28
8,7,24
4,63,25
4,3,26
4,59,27
4,27,21
20,19,28
4,23,34
12,11,29
4,31,23
36,35,29
4,3,30
4,63,35
20,19,31
4,63,32
4,7,28
12,11,32
4,59,33
4,7,34
4,11,35
16,15,34
4,23,35
4,55,36
4,35,37
4,3,38
4,35,39
4,23,42
16,15,40
4,3,41
4,15,42
4,95,43
4,3,44
4,11,45
4,31,48
12,11,46
4,35,47
4,31,42
8,7,48
4,39,49
4,71,50
4,7,44
8,4,0
