185
232
-21
-336
353
-391
710
-421
-259
535
-203
-247
231
-166
341
-362
252
309
-476
-16
-247
440
-430
372
377
-760
796
-773
759
-372
54
71
-198
186
19
111
-71
-192
171
48
-598
456
-417
166
221
-102
46
21
-310
263
265
-29
-150
-308
-5
257
55
165
-42
-192
-351
444
-287
189
-164
-110
53
490
-327
35
368
-709
420
-181
57
174
-414
-47
800
-345
-210
-47
561
-486
-187
70
534
-220
-400
-10
196
-146
13
-34
500
128
-500
55
105
422
-478
-190
587
-523
81
265
233
-755
275
-225
387
-194
381
-521
505
-552
456
33
142
-664
149
17
-189
254
209
-360
-130
618
22
-121
-393
266
-180
384
-540
617
-493
17
236
-19
-30
-106
-93
-23
27
224
124
-178
44
151
-536
368
-290
660
-666
554
-502
372
137
-520
58
2
-19
-121
-24
303
-144
489
-315
-277
-45
73
547
-169
-113
208
-534
50
2
-27
118
-62
354
-420
493
118
-248
-316
190
4
10
56
-280
275
-220
-80
176
372
-355
-109
373
-97
19
-287
121
202
18
-454
111
567
-648
339
-365
666
-491
144
-278
45
-122
724
-343
-107
-133
260
261
-642
252
118
393
-655
-63
459
-502
10
115
459
-480
-7
276
2
-408
407
-372
239
508
-350
-321
663
-161
-335
506
-467
253
-238
-320
370
-170
122
166
-178
-151
87
106
-65
487
-305
313
-293
-357
184
283
-391
-62
554
-194
-241
8
-219
70
564
-243
-32
-200
204
-425
258
-89
-105
600
-61
-274
54
9
-284
-26
474
-555
138
180
303
-220
-75
420
-247
-314
-162
701
-675
294
22
5
-314
99
39
-177
53
351
-364
6
619
-572
461
-322
-233
118
358
-134
255
-309
392
-349
-258
591
-491
343
-438
586
-533
24
102
-202
417
98
-165
-104
135
-183
262
-459
17
-9
646
-306
-8
338
-76
-459
356
94
-240
206
-375
229
-276
459
-200
-196
307
-70
185
-500
46
-246
363
-255
466
-270
-281
616
-623
213
512
-80
-526
111
9
-180
241
-184
596
-497
66
189
-218
-224
196
223
-308
200
181
-6
-177
289
-57
131
-392
481
-689
73
538
-528
143
-83
-118
18
279
-208
96
123
-317
402
-232
-277
-9
509
-284
241
-318
591
-678
125
-143
404
-374
622
18
-450
-98
0
428
-604
309
357
-619
-53
364
-357
-6
93
353
-70
-219
-142
11
148
9
14
7
80
-2
-213
60
457
-141
99
-134
-250
422
51
-223
-386
275
-139
-32
374
185
-414
90
-234
425
-278
-274
411
-353
442
-480
133
332
-55
-180
-93
-58
192
-260
513
-473
105
-80
366
-82
-335
241
401
-151
-55
-154
-170
554
-215
123
-134
258
-25
-665
586
-23
-495
322
126
-431
166
390
-126
-446
75
-112
-11
-5
52
154
353
-331
-48
-128
-92
264
-62
-209
9
372
8
-419
363
131
-145
-89
-63
-113
310
130
-414
333
-186
-21
563
-612
240
209
-326
-225
321
-400
402
-141
-20
-133
-43
-65
332
-203
289
-93
55
278
-581
553
-304
343
-305
-286
64
-60
44
-50
88
8
-149
542
165
-494
401
-433
501
3
-246
171
-500
-110
577
-349
76
-267
423
-348
283
-393
110
98
-45
163
-349
309
21
-82
524
-112
-597
730
-78
-376
-318
295
-161
-17
-67
289
50
-276
6
157
186
-441
66
129
139
-246
344
193
-456
-92
-54
148
-55
-134
406
-89
-240
282
-15
120
-217
-208
452
-183
426
-534
-114
8
653
-314
190
-467
159
-79
282
-168
330
44
-564
227
-153
-258
378
-10
164
-40
206
-631
342
307
-188
181
-556
310
334
-699
76
401
99
-94
135
-556
-86
727
-435
-312
355
-270
596
-511
255
-202
154
183
-362
-43
-78
622
-189
-91
329
-439
-40
331
-594
98
-142
163
33
551
-527
-22
-141
296
-286
433
127
-244
13
169
-179
-315
580
-365
443
-691
-21
459
-94
12
-274
432
-234
42
-325
126
33
-73
451
-104
-45
181
-417
93
164
-340
92
-56
-12
490
-455
183
-320
595
-357
-46
141
-182
-172
214
299
-343
457
-563
555
-205
98
-234
-303
407
-121
-243
157
-197
365
126
-248
-195
362
-306
77
64
337
-313
472
-164
-145
-401
-11
18
75
-98
446
315
-659
273
-225
6
-96
-16
383
0
-32
-250
5
303
-143
343
-479
125
-79
-180
33
443
-134
142
-462
-22
667
-347
144
-508
127
-9
459
-329
14
109
204
-29
233
-601
-51
-118
10
412
220
-619
243
376
-570
444
55
-432
-81
114
543
-558
381
-272
156
177
-455
182
-222
672
-597
-40
-97
748
-314
-133
179
-301
123
-88
-108
401
-471
539
-327
-123
70
294
-287
491
-174
-526
378
-1
-391
182
-114
627
40
-176
16
-505
309
-331
140
315
-147
-2
335
-704
52
135
91
-221
297
-101
109
351
-391
-123
-63
-163
358
198
-554
164
-33
658
-621
214
-216
312
105
32
-598
268
196
-288
19
-11
292
-303
-117
281
-12
-110
22
-117
38
-177
35
728
18
-701
2
0
486
-228
-13
-137
285
154
-399
212
-220
-108
-35
310
-173
350
22
-381
98
-203
104
-197
471
23
-414
691
30
-421
-356
353
192
-42
-37
84
-435
355
-311
-113
121
73
346
-490
402
149
-200
231
-378
-251
156
9
291
-475
337
351
-320
-193
-227
773
-516
519
-324
-211
57
117
-3
-405
253
-245
-25
408
-292
-12
85
-183
452
-246
-182
438
-448
129
389
-24
-401
84
119
397
-552
521
-416
-203
69
44
584
-368
66
-204
-219
329
162
-477
18
243
306
-583
8
73
-98
91
46
-157
52
130
-60
198
-222
164
-223
697
-69
-215
-257
612
-194
167
-536
-73
-29
151
-215
467
-161
199
-302
-155
-93
268
73
8
120
-97
-245
-144
274
-51
-64
-164
404
384
10
-734
283
-243
126
-107
85
-27
-100
288
183
-275
-131
442
-281
-8
263
-261
32
-253
404
51
-466
-13
167
352
-444
426
-424
53
187
-292
57
587
-608
339
-133
-89
0
419
-177
-140
-214
281
71
-364
12
330
-41
-9
-135
449
-679
114
162
88
-234
114
-75
91
-282
352
-286
424
-179
-264
554
-398
366
-458
-58
-40
434
-94
-116
87
137
-169
-161
136
-237
14
399
310
-605
433
-511
31
144
127
92
49
166
-332
96
-306
194
25
-254
97
-140
218
388
-207
58
-400
27
151
-247
249
300
177
-544
280
-310
-148
425
-356
-143
675
-286
-296
119
438
-484
26
-150
634
42
-256
-39
196
-499
339
-4
290
-180
-414
-127
367
-114
166
-247
303
203
-582
-15
509
-225
276
-657
133
665
-279
-28
184
-634
337
-383
353
244
-487
547
-418
108
-287
142
57
346
9
114
-354
-260
500
-398
-53
509
-421
-130
477
-565
603
127
-547
96
-270
510
-295
297
66
-223
-29
-253
321
-74
-106
-251
6
367
-304
330
106
-266
-157
189
252
-510
292
-115
283
-87
-164
420
-81
-273
-184
3
-94
185
-210
382
-346
159
108
-224
371
152
-348
191
-57
131
-107
253
-625
156
-14
86
-33
-50
255
-249
64
184
-434
68
264
51
85
-226
-194
252
212
-389
-37
49
56
343
-51
-354
224
-328
73
-62
597
-493
114
231
70
-64
-255
-163
495
-275
332
-170
281
-546
188
148
-296
-165
-30
-23
-10
584
-457
408
-461
30
150
-192
390
-426
405
122
-427
-111
602
-531
300
-197
109
279
-579
117
337
160
-337
-126
-110
156
42
346
-260
279
8
-176
-116
442
-567
-36
309
-356
552
72
-561
27
281
28
-299
47
173
94
-458
376
-365
42
443
-529
554
-485
274
83
-270
-162
334
-234
96
326
-12
-339
-102
160
-96
189
-169
348
-140
101
188
-66
-546
78
197
-49
432
60
-48
-345
128
-424
-47
-27
60
400
248
-316
385
-574
241
-306
17
567
-246
-83
360
-687
302
-221
-48
157
135
-240
-103
705
-286
-492
276
107
-69
-182
48
602
-620
337
-304
-115
-13
78
345
40
35
-360
122
123
-286
43
254
260
-477
454
-321
-226
7
571
-517
47
-32
225
-334
-41
661
-430
-269
561
117
-583
22
380
-171
348
-309
10
-377
17
319
112
-448
64
455
68
-139
-308
570
-232
18
-287
77
-197
218
-176
606
-765
526
-458
466
-411
-96
89
369
-55
233
62
-388
-253
195
93
-231
147
88
-305
162
141
164
-138
-219
-123
-36
310
-44
431
-566
135
-206
224
-319
211
380
-590
273
-272
191
-191
440
-439
1
0
0
162
571
-148
-495
18
-75
146
-178
0
1
0
0
0
1
0
44
-44
0
2
699
-524
-175
344
-344
758
-758
432
-431
459
123
-581
1
700
-699
0
0
0
71
189
-260
0
0
575
-575
0
0
0
524
-281
-242
0
729
-318
113
-524
0
347
-347
0
0
0
0
1
0
0
1
719
-718
0
1
231
-231
0
0
0
0
0
25
27
-51
0
386
-386
406
-406
1
0
523
-523
0
274
-274
346
-346
0
1
0
0
228
-228
1
0
0
0
0
483
195
-294
-77
260
-549
63
-81
1
0
0
329
-272
-57
744
-744
422
-422
644
-643
237
290
-527
0
684
-684
14
-11
769
-769
94
450
-101
-441
514
228
-334
-408
241
-241
0
524
-524
11
-11
0
0
1
0
137
-137
0
0
59
-59
0
228
-228
0
0
1
0
217
-217
136
438
-574
670
-668
-2
1
262
-262
560
-560
7
-7
-12
119
288
-394
141
-141
29
240
-268
178
232
226
-635
683
-683
451
-451
0
602
-601
447
212
-658
560
-559
699
-237
-88
-374
504
-503
0
0
741
-741
145
-144
661
-557
453
-513
-44
0
0
101
-101
0
0
0
0
743
-452
273
-90
-372
-61
-41
658
-314
69
19
-162
-270
758
-758
1
0
0
0
0
0
0
160
534
-109
-585
0
1
0
0
0
505
-505
0
360
-360
309
-309
-25
25
0
732
-760
29
0
626
-230
-396
0
56
603
-659
1
1
0
0
0
0
611
-77
-534
637
75
-460
281
-532
640
-639
1
54
-54
0
0
0
0
0
0
162
-161
1
94
645
-739
0
0
1
656
-656
1
1
627
-627
0
445
-445
344
-344
0
2
0
0
-41
477
-44
-391
0
0
364
386
-747
482
218
-700
211
-211
0
-12
12
49
-46
168
-149
12
-31
-20
20
0
428
-428
0
0
1
0
3
1
0
2
574
-574
0
0
0
475
-475
1
0
0
0
0
0
143
404
-547
598
-72
-545
391
-372
1
0
0
1
0
0
542
-542
0
0
445
-444
323
129
-342
603
-713
334
-334
463
-162
70
172
-543
1
0
0
0
421
234
-655
574
-574
0
218
-218
0
0
1
0
174
-37
-69
244
-311
0
0
43
651
-643
653
-704
0
1
0
2
1
0
0
-60
60
301
-301
0
1
0
0
0
701
-709
543
-535
661
-661
0
0
0
0
492
197
-602
-86
1
670
-670
359
-47
-12
-300
0
1
0
0
695
-571
-124
164
-11
177
-330
-17
429
-412
330
-330
0
1
0
-35
757
-722
0
0
0
0
1
407
-407
0
-53
256
-203
0
0
0
69
354
-423
0
1
1
410
-164
74
-320
79
535
-613
591
-591
-13
14
529
-529
0
108
442
-550
0
0
0
0
0
168
-168
0
658
-658
0
355
-56
-299
-16
17
0
0
39
-37
0
0
392
-392
0
449
-449
0
203
427
-479
-150
1
-1
0
1
0
0
641
-567
48
-122
601
39
-640
607
-607
0
1
0
0
0
0
162
-162
0
409
-409
315
309
-18
-606
634
-633
0
133
-132
0
0
507
-506
0
551
-613
62
175
39
-214
1
0
76
184
-79
170
-43
-308
0
1
172
-172
1
0
482
3
-109
-376
1
0
0
0
492
-491
1
0
511
-511
0
356
-356
1
1
-12
12
0
0
1
1
0
0
0
-37
591
-554
0
2
0
0
0
0
586
-586
-56
56
154
-152
2
160
42
-202
1
0
0
1
0
0
513
-513
0
0
91
-90
0
40
-40
238
-238
-89
94
173
-177
0
264
-264
212
-212
169
-169
-44
44
231
-86
-144
0
-44
126
570
-691
276
-236
-38
38
2
506
-506
0
353
-353
0
0
0
1
285
-284
1
0
0
1
158
-158
-113
114
120
-120
0
0
547
60
-606
0
1
18
73
-91
389
-389
663
-240
-388
-35
0
564
-564
0
65
-65
0
42
-42
81
-81
0
0
248
-248
0
263
-263
1
0
0
-53
53
363
-361
0
332
-15
-317
140
-138
0
0
-108
108
0
0
462
-462
0
-114
115
0
0
642
-8
-634
0
644
-643
0
0
0
0
540
-47
-493
0
49
-37
247
-156
-102
0
504
-504
543
-542
0
606
-606
0
566
-565
1
192
-192
0
421
-421
1
0
116
540
-104
-552
400
-400
-7
-42
49
0
387
-514
127
1
0
0
-10
491
-422
531
-590
0
641
-652
11
0
1
49
-49
0
-131
382
411
-661
0
250
-274
208
-228
228
-12
-243
71
0
-55
55
161
-161
645
-324
107
-428
-92
37
55
0
0
597
-596
1
446
-446
426
-556
130
0
416
-43
-373
65
-64
0
-18
629
-611
0
0
0
1
0
0
0
0
0
0
0
653
-651
110
-110
578
-578
1
504
78
-318
-415
151
-62
562
-409
-91
-120
120
1
0
0
0
1
0
0
0
1
0
0
0
0
0
0
12
151
-162
464
115
-579
0
1
1
0
0
0
-16
644
-490
30
-11
444
-509
-90
0
0
413
-413
1
406
47
-430
-22
0
0
1
-45
45
-42
42
1
269
-338
438
-495
127
0
303
-348
45
0
1
0
343
-343
0
0
62
-62
-12
12
186
-82
416
-13
-507
87
288
-406
32
-140
511
-371
42
-42
544
-543
0
230
-230
0
0
380
172
-552
0
511
-271
-240
0
0
0
550
-550
0
-79
631
-551
0
0
2
0
0
571
-571
0
599
-598
210
-123
-47
-40
0
0
-36
36
1
69
-200
132
0
0
-89
127
-37
0
0
0
1
0
1
99
-72
-27
0
11
205
77
175
-249
-337
118
1
1
0
278
343
-308
-313
264
-264
77
-76
0
0
228
-228
-83
83
0
86
-85
0
311
-311
0
0
0
0
0
1
-144
144
368
-368
0
-88
540
16
-468
0
0
14
-14
286
-286
0
0
0
0
1
-25
26
0
0
-41
347
-305
0
366
-366
270
-270
0
-14
14
0
383
-529
146
463
-463
0
0
21
-20
0
0
1
0
184
-184
-148
431
-283
0
0
0
0
0
1
-148
216
-68
0
1
0
-156
156
1
0
0
0
0
-71
72
0
-128
130
0
522
-522
360
-479
119
455
-159
-295
541
-541
0
0
292
106
-244
105
172
-430
373
-373
248
-248
-43
44
0
0
-183
183
0
0
0
1
617
-617
159
-159
582
-581
0
0
0
94
-94
0
572
-571
173
-173
0
2
462
-580
118
604
-316
1
-324
309
-18
-255
0
0
0
0
324
-322
0
13
-72
59
518
-648
130
0
1
-124
125
2
50
-52
37
-64
27
0
0
0
0
0
-76
76
0
1
331
10
-340
0
0
0
0
589
-588
516
-60
-456
0
0
0
2
0
523
-523
0
275
-275
-15
15
587
-587
0
49
-49
-208
571
-363
294
134
-428
0
1
0
417
-6
-411
148
183
-4
-327
0
129
124
-253
349
-137
-211
1
0
0
0
506
-673
167
215
-214
2
0
0
-129
600
-471
-13
13
0
595
-595
0
-210
210
0
0
-122
275
-152
0
1
-75
75
-131
131
1
65
-65
-33
33
0
-105
105
42
-42
0
0
-78
79
0
0
-98
454
-355
0
26
2
-28
1
0
341
-341
513
-443
414
-482
446
-446
-210
210
205
-205
8
395
171
-669
95
0
2
346
-528
183
0
543
-446
451
-548
0
0
0
0
0
-109
109
0
176
-176
20
-20
180
-61
355
-197
-275
0
-29
31
0
0
0
0
0
1
0
0
419
-393
-1
-24
0
2
0
307
-307
0
1
0
0
0
0
0
0
0
0
0
559
-559
310
-297
-55
44
0
0
0
0
21
-21
-212
213
0
546
-546
166
-166
279
120
-399
185
-223
38
0
-110
54
56
0
0
116
412
-91
-436
0
24
-23
487
-487
79
-79
0
6
-108
103
387
-387
0
351
126
97
-574
0
0
0
0
-242
243
0
17
-17
-115
116
1
374
-374
0
0
327
-451
125
137
48
-29
-156
-102
232
357
-27
-459
0
0
0
-148
148
-131
404
-513
240
0
0
327
-327
534
-534
0
0
0
511
-443
-68
-225
318
461
-560
7
0
0
0
179
-179
466
-465
79
-79
0
0
0
-143
143
21
-21
-179
192
-41
169
-140
1
0
48
-104
194
200
-338
0
0
348
-348
1
-230
230
-7
7
0
0
0
0
0
2
-27
28
-12
444
-432
0
0
199
-198
0
0
452
-452
0
0
363
187
-150
-399
275
-275
-139
139
0
1
0
0
0
1
-120
120
0
1
364
-364
0
24
-23
0
326
-391
65
172
-171
0
1
239
-29
-209
0
148
-111
264
-301
0
0
0
0
112
268
-380
0
0
-135
135
-160
491
-448
117
0
210
-210
-3
3
24
-23
0
0
91
-226
40
95
0
0
306
-473
169
0
0
1
0
406
-662
372
-200
85
-261
261
0
0
216
-216
65
-65
0
491
-136
-355
0
-228
99
552
-423
0
-132
271
-138
0
54
-52
0
0
0
442
-442
1
0
1
-181
182
0
-221
221
463
-462
0
0
-74
75
1
1
385
-413
28
1
0
0
1
0
-255
255
483
-482
0
0
1
184
-184
-175
175
1
417
-417
0
0
31
-31
-186
186
0
0
1
473
-343
-130
290
-170
378
-498
-190
329
318
-456
0
0
0
-10
299
-37
-251
1
0
0
507
-507
-187
188
0
0
1
395
-395
358
-467
111
-2
0
0
-172
496
-323
0
241
-371
410
-322
535
-492
126
-126
0
0
0
478
-567
89
1
0
474
-474
1
0
0
0
-109
4
105
1
0
0
0
-240
240
-173
286
-113
1
-194
155
39
496
-493
0
181
65
-218
28
33
-88
202
-202
0
0
449
-448
0
1
1
0
0
0
-130
495
-363
1
0
-19
-179
198
2
210
-452
523
-281
0
1
0
0
0
199
146
-258
-86
0
0
0
1
0
0
0
0
0
0
0
430
-394
-36
0
1
0
-2
2
0
0
1
-48
49
0
0
124
-185
489
64
-492
-122
124
-294
294
-197
370
-173
-232
233
-296
1
295
406
-195
-211
0
0
194
-236
483
-284
-156
0
2
0
0
324
-324
-123
391
44
-377
65
0
0
-297
297
255
12
93
-63
-296
1
402
-402
0
0
0
0
0
44
420
-464
0
390
-388
0
0
0
0
468
-412
-55
0
1
436
-436
253
-253
0
1
0
0
394
6
-400
431
-430
0
-41
42
-280
280
47
-47
477
-477
1
0
163
-163
1
0
461
-461
0
-166
166
0
-67
68
0
-184
21
164
-218
218
0
0
180
70
-250
0
0
0
0
474
-474
-204
392
243
-431
0
0
2
102
315
-219
-198
-181
181
140
-191
52
128
-126
-306
268
250
-211
-108
108
0
279
-278
0
325
-423
98
0
-113
-48
81
80
42
-42
-217
293
-76
400
-399
0
0
3
0
-226
227
0
1
0
-77
77
-54
486
-462
31
0
355
-355
37
-37
0
377
-172
-406
358
257
-414
0
138
-137
0
0
1
47
244
-291
0
221
-219
0
-3
-251
254
-11
81
313
-383
0
0
0
2
-167
167
-331
33
299
1
447
-447
0
0
0
0
330
-36
-294
0
0
1
0
327
-105
-222
416
-755
339
0
251
-37
-211
0
437
-437
0
0
0
44
-44
1
0
-352
752
-400
328
-327
0
0
0
201
-15
-186
-253
626
-372
1
1
-218
218
1
229
-229
-83
84
0
179
250
-428
-219
220
0
59
356
-414
0
131
-131
-38
38
0
-127
325
-198
372
-135
-237
1
-206
206
-279
279
0
0
0
0
0
0
1
-79
381
-302
-153
153
-354
354
0
0
0
0
343
-342
130
-9
-377
296
-39
16
-16
341
-439
-183
400
-118
0
67
-65
-77
98
9
-30
419
-523
104
-176
528
-352
0
136
-230
-188
330
318
-366
237
-237
1
2
165
-164
0
0
-215
215
0
1
0
0
98
-98
-342
-26
368
0
0
-280
280
-154
154
0
362
-362
259
-259
1
0
0
0
0
0
0
0
0
-257
257
93
-294
201
-263
263
-311
-3
314
0
1
0
0
1
0
0
0
409
-409
-230
230
-9
-224
233
0
152
-152
407
-407
1
0
1
-166
298
-132
0
0
385
-383
0
183
-260
78
0
-83
330
-247
0
0
0
-109
109
0
0
0
315
-315
0
0
0
0
-375
376
26
291
-317
0
0
0
1
0
285
-285
40
-144
104
1
0
1
-108
108
1
49
-49
-201
201
-45
45
-17
17
0
167
-167
0
-39
39
288
-419
132
-337
416
260
-339
1
1
369
-259
-110
332
-332
1
0
0
0
0
0
-290
291
1
0
-241
241
0
-266
266
-275
276
0
2
0
0
0
-363
121
326
157
-548
307
-167
538
-91
-279
0
0
225
-20
-204
0
41
-101
60
64
267
-331
0
0
-105
105
1
0
0
-92
-293
386
-172
172
-318
318
-53
53
0
-269
269
0
-172
172
273
-273
-284
669
-174
11
-313
92
0
0
333
-333
0
0
0
-260
126
135
-28
28
0
1
-167
348
-181
1
-72
72
-79
80
-112
112
0
0
222
-222
-53
53
0
-225
225
1
269
-602
333
24
-24
0
0
1
0
0
-240
241
-137
-198
335
0
0
84
-83
177
-177
0
-332
184
148
0
0
0
203
-202
0
-386
395
-288
492
-212
0
0
0
0
0
0
0
0
65
-65
1
-271
271
217
-500
283
-16
16
81
-81
0
194
-193
1
0
0
0
0
0
1
1
313
-313
1
0
-362
362
-7
171
-164
0
0
-85
-147
-46
280
0
17
-16
0
1
1
1
0
-23
23
0
-235
114
234
-113
-353
353
1
0
69
-411
342
269
-395
127
83
208
-291
-266
266
359
-359
-51
-96
21
342
-216
105
-104
-1
-361
-7
433
-64
355
-286
-69
0
-74
213
-139
-266
-155
421
346
-560
184
30
0
1
1
0
0
1
1
172
-172
1
-1
0
0
1
0
0
0
-190
190
-109
109
0
-320
321
0
1
0
-167
167
0
-305
671
-366
1
0
-151
151
364
-364
-124
124
280
-280
0
1
105
-105
-395
746
-351
-142
142
0
-170
170
0
-131
-270
401
1
0
0
0
-213
213
3
-2
-231
231
1
1
0
0
49
-48
-100
101
0
-107
107
0
0
0
-119
119
0
0
2
0
-355
355
1
0
141
-141
0
-322
-128
691
-241
-420
420
-361
362
195
-194
210
-209
-49
49
-106
106
271
-271
-17
18
0
6
-6
252
-251
0
-211
211
0
269
-268
-260
261
-164
165
1
-354
567
-213
0
-66
66
0
-49
-281
330
0
0
166
-165
-113
113
0
0
-180
180
0
0
-456
456
0
110
-109
1
1
8
-8
0
0
58
-58
242
-242
0
-82
83
0
-32
32
325
-496
171
-165
165
0
-136
213
-96
184
152
-280
127
-196
-241
275
-85
-208
293
0
-175
175
1
51
-51
194
-194
333
-631
-81
685
-306
1
0
-217
217
299
-299
0
0
237
-543
250
56
184
-506
364
-42
0
1
0
1
0
0
1
-244
244
67
-108
41
0
0
0
1
0
-255
255
-462
463
0
0
0
69
-68
1
0
-282
284
-294
294
0
-140
140
54
284
-337
116
-116
0
1
0
298
-259
-39
1
0
-306
306
0
-402
403
-362
362
0
2
-164
164
0
0
1
0
181
-181
0
0
0
0
0
0
0
0
0
0
1
-180
269
-88
0
158
148
-306
-280
380
-149
50
-153
153
0
-241
-37
199
79
262
-722
461
0
0
0
225
-1
-224
230
-230
-445
360
85
1
-57
57
1
1
0
-101
352
-202
-48
0
0
0
-306
307
0
-413
413
0
-122
123
0
111
-58
-53
0
0
-445
301
145
0
-186
186
1
0
0
209
-701
434
58
0
-206
206
0
0
-362
362
-170
43
2
125
0
0
-316
318
0
0
0
1
0
0
0
1
0
0
1
0
-210
-40
250
-66
282
-216
0
2
0
0
0
0
0
0
274
-274
0
0
-488
489
1
0
198
-265
-154
-28
250
0
0
0
1
0
0
0
0
-491
105
386
2
0
-441
92
349
-423
424
1
0
-254
179
75
1
-275
-115
390
0
97
-247
67
85
1
0
0
0
176
-176
0
-232
233
0
1
0
0
0
0
0
0
0
0
0
1
0
-243
405
-14
-609
461
-403
518
-115
0
0
73
-336
265
0
153
-153
0
217
-217
268
-20
32
-277
-336
-53
389
0
-297
286
11
0
-8
8
0
20
-134
115
0
-445
445
1
257
-168
-595
506
-487
400
87
-150
-160
312
259
-259
-159
159
-127
128
0
220
-506
286
1
0
0
0
0
0
94
-94
2
104
-148
-16
-418
478
0
15
-381
366
0
0
1
0
141
-139
-402
-79
481
-441
442
0
0
0
-139
-101
240
-254
254
0
0
0
-203
205
278
-278
0
0
-198
198
-249
40
211
-276
155
121
0
0
0
-39
39
-534
98
436
0
0
-364
364
0
-348
348
0
1
0
0
0
-3
3
1
-148
148
-77
77
0
-205
205
24
-24
1
0
-139
323
-184
105
-183
78
0
-340
250
90
0
0
0
0
0
0
-9
-436
-92
537
-418
418
-462
463
0
0
-310
310
-107
-23
-67
198
0
-1
-337
338
0
156
-156
-348
494
-145
-157
157
1
0
45
-45
0
0
0
0
-172
173
0
0
-145
16
294
-165
0
0
2
-366
68
298
-46
46
124
-124
0
0
0
-12
12
88
-87
1
0
135
-135
0
0
166
-165
0
0
-206
207
-235
-197
433
0
0
0
1
150
-153
3
1
94
-94
0
0
-37
-459
170
327
-475
475
-13
-108
121
-544
545
0
1
0
0
1
7
-257
14
236
0
0
0
0
-7
7
0
153
101
-95
-159
1
7
-29
-486
508
137
-137
0
0
130
-130
0
1
-455
455
1
0
-421
421
0
0
0
0
1
0
83
-199
116
0
1
0
176
-176
-79
-437
516
1
0
-57
57
-14
15
10
-10
2
0
0
50
-50
-468
617
-434
-61
346
0
0
0
162
-162
0
1
0
0
-524
524
0
-244
245
0
135
-480
345
0
14
-14
-248
249
-191
50
-123
264
-472
473
-273
-153
615
-563
286
-10
99
0
122
-286
164
1
-458
-42
500
-289
289
0
0
-152
334
-182
1
-257
257
-366
366
1
0
-426
337
-28
117
228
-151
-77
1
-68
68
-203
-304
509
1
1
-150
-214
364
0
0
15
-15
129
-129
-503
712
-116
-93
-282
282
-203
203
0
0
0
178
-323
145
-508
509
-111
112
1
0
0
0
0
0
221
-220
-393
393
0
0
0
125
-124
0
-220
382
-162
86
-387
-157
164
-209
503
0
0
1
-562
562
0
1
153
-743
171
75
325
-132
151
0
0
0
-260
261
0
1
0
0
0
0
0
158
-157
0
0
0
0
1
0
0
0
1
0
0
-548
548
0
-153
153
0
0
-574
575
0
0
100
-514
415
0
-115
115
0
1
1
1
-30
30
25
-24
1
0
1
-30
45
-15
0
-142
318
-291
116
163
-163
1
0
0
-285
130
156
-584
364
220
117
-117
-337
337
0
-199
199
9
-9
1
0
1
0
-166
166
1
0
0
0
-417
417
0
1
1
0
-168
169
-277
278
-281
81
200
-307
308
1
0
0
0
0
-423
425
1
0
0
146
7
-655
502
-614
615
0
0
168
-168
0
-370
464
39
-132
-431
431
-165
165
0
192
-794
602
1
-527
153
374
0
-427
427
-361
381
-523
519
-15
0
0
2
0
0
-417
532
-733
534
84
-599
599
0
-271
271
0
0
0
-113
113
152
-151
0
0
-99
99
0
0
0
60
-60
-361
229
134
0
0
0
-448
449
113
-113
1
0
148
-148
0
0
0
0
0
90
92
-182
0
0
1
-141
141
111
-111
0
1
0
0
-379
380
0
-116
194
-78
10
-9
0
-92
93
-289
289
1
1
0
0
0
0
0
-634
634
-289
-37
284
42
0
-360
226
135
-116
-115
231
-57
57
0
1
-306
306
0
0
0
-231
232
-293
-26
319
0
0
0
1
0
-256
186
71
94
-94
0
-312
-256
721
-153
-58
58
-629
630
0
1
0
78
-78
0
0
-432
277
156
-381
381
0
0
0
0
167
-167
-444
445
0
0
0
-153
153
1
1
-231
-312
481
62
0
1
0
0
-549
-11
674
-114
-468
468
130
-130
0
0
1
0
0
0
-545
551
-62
58
0
-333
335
-363
-80
-62
11
496
0
-624
196
20
408
-120
-71
191
-164
165
-309
309
0
1
1
2
2
-212
212
-271
271
0
0
0
-329
110
219
1
0
0
0
-363
363
0
0
1
0
0
88
-175
87
-408
408
2
-37
37
-583
584
0
1
0
0
0
0
-399
-195
594
1
0
-449
449
0
-177
178
0
-462
462
1
53
-52
0
6
-6
0
23
-171
149
0
0
-293
294
0
0
0
0
61
-60
0
-249
249
-289
289
0
0
0
0
0
-355
356
0
0
0
0
0
1
-26
26
1
34
-623
301
125
163
-624
624
1
0
0
0
1
114
-94
-20
-236
237
0
0
1
0
56
-98
42
0
0
0
-523
523
0
-284
284
1
-390
-9
399
-336
336
0
-279
279
0
-534
534
2
-425
425
0
1
0
-358
62
-72
164
204
-639
359
281
-102
-398
500
-583
583
0
0
-218
265
-45
0
0
0
1
1
0
0
0
1
0
-654
628
102
18
-94
0
-63
64
0
42
-42
0
0
0
104
-385
281
1
0
0
0
-553
193
51
-184
493
0
-283
283
0
1
0
0
0
-52
-213
-102
486
-119
-31
32
95
-697
602
-289
289
1
-273
273
0
0
0
-308
308
-484
486
1
0
-384
384
-470
470
0
0
0
0
0
1
-212
212
0
-423
423
0
0
86
-343
257
0
0
-520
231
290
0
0
-190
190
0
-351
352
1
-377
377
-684
684
37
-37
0
0
0
0
0
109
-109
1
1
-523
523
-355
-34
389
-104
-350
455
-624
624
0
-499
324
175
-69
-554
293
-370
209
492
-1
0
1
-584
584
0
1
70
-69
-178
-138
316
0
-505
-9
514
-704
399
113
193
12
-12
0
1
0
0
1
-246
-373
474
145
0
1
78
-430
352
0
0
0
-305
305
1
0
1
0
-405
406
0
-590
591
0
0
-652
18
634
0
-121
144
-622
600
0
0
0
0
-195
195
0
0
-7
-380
387
-689
546
144
-120
120
-380
454
-74
1
0
67
-67
-217
218
-346
346
1
-235
8
227
0
-171
-102
-268
541
59
-59
0
1
-408
-92
500
0
0
-655
656
0
-430
-265
697
-308
308
-206
191
16
0
43
-43
-264
264
0
-139
139
-601
602
0
-86
86
0
-666
668
0
-488
-113
601
1
0
-471
471
1
0
0
0
0
1
0
-554
554
0
79
-79
0
60
-60
0
0
0
-147
147
0
44
-44
1
0
-73
73
-592
453
140
-22
22
0
-240
260
-20
0
-164
-409
573
0
-609
565
44
0
1
-1
1
1
-416
345
71
-397
-40
451
-14
0
-263
263
2
-727
727
1
-396
-262
658
0
0
-723
723
-559
598
-479
29
-49
460
-386
-303
690
0
0
-542
542
1
0
-288
288
0
0
-320
320
0
0
0
-458
-147
609
0
0
0
-658
658
1
1
-493
480
13
-128
128
-697
21
179
497
0
-500
394
-472
578
-32
33
0
0
-592
592
-430
430
2
0
0
-604
33
103
468
-133
133
-321
322
0
1
0
0
0
0
0
0
29
-42
-252
267
0
-447
122
342
-15
0
-342
342
-332
70
262
58
-175
117
23
-187
164
1
-751
784
-32
0
-603
603
-378
379
-117
117
-293
-44
337
-669
669
0
-134
134
-501
52
-111
560
0
0
-39
-555
594
1
-669
669
1
-741
502
242
-3
0
0
-588
589
-703
266
437
2
-697
697
0
-695
696
0
-726
726
1
-651
137
303
168
43
1
-144
-164
308
0
-273
90
-551
634
-562
662
-429
431
-438
437
0
-635
614
22
-433
433
0
0
0
0
1
-110
111
-349
349
0
1
0
0
-271
232
40
0
-551
495
57
-759
759
0
-290
290
0
0
1
-35
35
0
0
-70
-531
601
-612
613
0
0
0
-709
618
91
0
1
0
0
0
-495
495
-42
43
-184
184
-230
-529
759
1
-15
15
0
1
-426
67
-90
449
-535
-112
-13
660
-178
178
-59
-101
119
42
-665
665
-65
65
0
0
0
-48
48
-775
776
-723
723
0
1
-297
297
0
0
-79
-630
709
-465
390
77
0
-551
551
0
1
-373
159
215
-51
51
0
-660
660
-108
-202
310
2
0
-287
287
-5
-79
84
-99
99
0
-248
-127
375
0
-113
114
0
-575
575
-454
454
-376
376
0
0
0
-51
-82
-533
666
-164
165
0
-628
629
-306
306
-742
524
-209
129
298
0
-518
518
-202
-457
659
-513
514
-407
407
-579
579
0
1
-12
-486
10
488
1
0
0
-703
619
86
1
-756
126
565
66
-95
-414
509
-223
223
0
-410
410
-707
707
0
1
-177
-418
595
2
1
0
-398
354
-129
-221
-152
547
-595
-207
802
-564
564
0
0
1
1
0
0
1
1
1
0
-342
342
-584
584
0
1
-118
118
-111
111
-394
395
-347
347
0
-472
184
-443
-69
800
0
-432
319
115
0
1
0
0
0
0
0
0
-15
-348
-147
455
34
-195
-427
-17
564
75
-362
-127
191
-290
86
-51
-136
646
-230
290
-325
65
-246
-120
-169
371
-383
608
-102
107
-177
234
-337
-259
688
16
-118
9
-384
347
64
-305
260
-84
-140
-347
726
-178
-225
61
-325
344
-129
349
-673
536
-9
125
-569
322
-207
415
-148
-326
8
-62
402
-335
-14
24
-129
348
222
-591
582
156
3
-642
83
412
-185
-229
291
260
-51
-200
118
35
-130
-32
213
-541
324
-295
346
154
-392
-210
264
287
-127
-46
-143
29
-220
248
390
-390
407
-309
278
-218
-300
-239
156
627
-601
584
-34
-25
-51
-607
307
31
188
-362
398
-252
7
24
204
97
-27
-249
-126
490
-319
-136
349
-98
-96
235
-92
17
-598
697
-121
-316
53
286
57
-605
129
-33
517
-427
367
3
-71
44
52
-158
88
-93
111
-265
4
-131
241
6
295
8
-738
553
-253
122
57
8
-121
196
21
54
-481
574
-409
-89
-134
567
-563
600
-45
-162
-170
313
-282
-215
602
-252
-228
211
21
149
-134
-64
-243
75
164
25
-429
-15
298
207
-25
107
-75
-475
400
-63
269
-334
-20
-334
496
151
-233
-61
341
-14
-185
-70
171
-496
-81
349
-120
466
-566
69
-82
589
-355
-34
147
-331
394
38
-369
370
161
-64
-636
634
5
-283
-128
-108
451
86
-575
191
-134
305
-256
361
-494
635
-249
-360
456
149
-7
-285
-49
-56
74
58
78
191
-275
-70
-190
454
-165
-52
230
57
-51
64
-43
-565
-49
448
-381
589
-279
-224
-205
84
549
8
-313
351
-444
133
-25
161
-4
-32
-155
205
-552
711
0
-121
-384
544
-400
343
-387
307
13
1
-509
180
308
156
-797
695
19
-78
-394
-104
-52
535
12
-202
51
-88
123
-313
195
12
275
-590
282
421
-736
124
599
-582
120
242
-356
147
-136
45
322
-531
555
-58
217
-334
275
73
-201
-220
116
135
-216
-11
-197
-67
-58
304
400
-529
82
352
-421
156
-27
55
-20
257
-63
123
9
-263
295
-659
552
-99
-238
50
-188
304
81
2
-9
-412
341
-489
689
106
-81
-190
-71
-68
196
-372
523
-567
538
-465
-146
605
-617
316
-365
737
-49
-193
124
-282
-362
131
77
406
156
-28
35
-157
-433
-28
518
-561
621
-639
-46
503
-203
-372
394
-126
116
332
-69
-265
167
-410
496
-106
28
-144
133
212
51
-801
84
642
4
-95
-210
-403
35
320
306
-524
247
158
128
-579
463
77
-404
411
114
-510
515
-463
309
137
-149
-424
560
-618
27
474
6
54
-168
55
181
-167
-103
240
-223
90
-439
641
-309
65
-42
104
-373
-65
-54
355
280
-199
-86
255
-356
-62
233
-115
-357
232
65
82
260
-188
-155
66
-124
404
-468
462
-127
-291
-95
535
-202
251
-376
-119
500
-63
-206
-55
304
-600
358
140
22
-531
626
-351
280
-4
-3
72
-402
23
-34
303
-637
30
667
-208
229
-368
353
-270
-91
37
118
205
-53
-244
275
-231
-98
29
76
145
94
-195
-55
-224
450
82
-268
-525
417
11
266
-344
226
-90
124
164
-71
-130
-337
440
117
-645
18
531
-2
-463
382
-287
234
5
215
-118
63
-184
60
49
-74
-110
-59
157
85
53
106
-597
53
341
-219
-205
-38
-6
533
-83
-216
-298
1
146
499
2
21
-67
-95
-192
255
126
-231
-291
372
-497
440
237
-776
415
-434
723
-498
473
-483
-16
-9
446
-384
473
-156
-50
213
-656
183
495
20
-285
-45
118
-120
124
-68
280
-128
87
38
-446
-238
162
53
473
-14
-233
133
-97
-548
357
360
-289
354
-486
123
125
-170
208
-421
503
-59
7
165
-87
-472
146
-149
382
-311
-130
447
140
-360
180
5
140
-272
261
-353
45
73
-40
285
-165
-486
611
-60
-297
283
-218
-221
633
4
-130
-189
-40
-111
375
-685
608
-56
-364
241
-142
147
-149
36
110
-119
64
-372
487
273
-302
265
-478
497
-96
-365
434
4
-110
-467
543
43
-128
173
-282
-26
-339
3
316
-277
529
-456
502
-435
372
-543
394
-5
-70
-27
28
-40
-275
448
-320
469
-77
-259
322
-110
-425
498
59
-623
615
-337
355
-527
480
-18
-731
743
-538
259
109
-189
279
111
-51
-374
369
-120
-226
323
-41
-467
220
-133
-126
-30
243
-174
531
-336
254
-107
255
-326
-253
371
37
-162
155
-63
-43
-96
-218
445
182
-225
-29
24
-534
684
-310
301
22
-594
422
-50
123
138
-404
94
102
62
-186
142
-70
193
-281
-154
225
-366
545
-113
114
-98
-363
455
-521
102
254
-270
283
-281
346
-302
78
-61
422
26
-574
-103
543
54
-227
-81
-218
558
-187
255
-157
114
-386
231
-541
116
32
-49
532
55
-101
-203
-112
393
-686
765
-214
-132
284
-390
-100
537
-208
-388
237
-13
71
250
51
-141
-177
-413
640
-103
20
-185
375
-61
-55
-499
345
152
-21
107
-602
496
-50
-592
267
363
-11
-30
-456
-132
36
612
-31
-28
109
-462
471
-627
700
-27
-120
-425
367
109
-311
-346
670
42
-453
141
-111
253
-102
-137
-62
437
-34
-32
-523
545
-399
501
-312
224
-174
196
-83
-317
501
-34
-516
321
220
-675
426
-407
58
482
96
-770
728
-335
374
-217
155
-195
194
-690
570
-503
52
217
225
-160
324
-357
312
91
9
-695
-62
548
62
33
37
-321
198
22
-110
-122
-47
-112
501
-518
418
110
-296
-109
441
-630
548
-168
151
-306
335
-510
112
449
-181
-173
309
-668
482
-210
428
-256
-458
60
148
106
276
-499
145
507
-224
-187
327
-400
492
-587
194
-238
184
44
298
-409
267
174
-368
343
40
-160
-444
562
55
-113
152
-67
77
-729
487
-224
352
-76
-360
508
-98
-85
-388
449
-235
252
-618
111
476
-463
490
-71
140
10
-595
348
-21
226
-473
574
-63
-83
-137
-2
-353
349
-440
275
378
-523
471
-341
225
283
-245
-69
-275
321
-103
228
-295
133
230
-62
-226
-225
191
-240
269
-92
194
-418
43
102
56
482
-100
-113
-131
31
-255
199
-398
420
331
-235
235
-375
-251
514
-275
249
-579
194
-257
84
281
-378
607
-507
153
126
-151
255
68
142
-38
-380
7
165
250
-311
119
105
-388
-94
550
-66
-573
700
-452
120
223
-335
484
-631
163
109
148
-468
74
601
-212
-208
447
-485
170
-145
420
-205
-212
239
-389
349
-492
147
162
152
-27
316
-308
293
-349
-10
113
-177
-358
547
165
-245
13
-360
15
558
-57
-463
313
-467
754
-12
-230
186
-178
-270
519
-24
-105
-630
208
84
412
-559
115
-91
283
-392
425
13
257
-350
-246
503
-341
341
-476
-41
384
-130
378
-23
-301
247
58
-177
-515
258
333
-213
92
66
135
-540
-182
655
-56
-160
42
13
158
-572
89
166
231
-12
-476
181
493
-18
-442
392
31
-214
199
-7
-134
-238
322
-666
466
282
-107
-440
-175
672
-342
211
-338
-254
247
178
-114
8
-11
-211
300
-141
544
-417
-238
604
-666
462
-260
183
-433
735
24
-174
-565
553
174
-228
76
-78
79
87
67
-21
-227
61
-363
379
139
-475
525
-315
-468
522
-172
221
-63
-117
55
30
191
-288
17
-142
432
-397
426
-213
-518
200
-98
75
484
-30
142
-543
452
50
-658
328
-38
210
88
-40
-475
59
362
161
-179
-374
79
136
-184
-172
344
384
-128
169
-722
232
175
-382
-75
641
-597
-20
553
-205
-339
480
-233
-146
376
219
-179
-139
338
-429
14
-99
470
-703
727
-52
-473
-78
182
-223
390
73
-467
64
156
74
-39
270
-47
-418
351
-58
-101
371
-353
19
318
63
-370
-177
223
46
-349
1
-25
586
-188
203
-356
-165
496
-204
23
255
-303
-65
-64
274
35
-402
276
-179
125
317
-430
94
281
-499
308
180
-508
-111
-61
413
-315
567
-430
-261
340
208
-25
170
-525
-139
12
653
-543
-111
739
-34
-252
-171
-333
477
188
-233
34
-7
55
202
54
-328
-317
118
146
-346
615
110
-590
336
284
-15
-590
385
-64
-287
378
-525
242
154
-409
-6
325
11
52
172
-77
183
21
-547
-30
229
86
215
-94
-222
-367
725
-129
-7
-236
-247
621
-158
-295
-74
484
18
-666
722
-451
371
-394
-223
152
42
38
63
73
99
241
-324
-420
246
302
-525
-55
713
-51
-439
159
53
298
-286
-192
153
36
214
-286
15
-307
437
-375
333
53
-392
569
-160
222
-54
-541
-49
396
-240
-264
528
-102
-208
12
112
-351
317
-324
682
59
-366
-56
367
-630
236
-56
553
