55
1
-26
-20
20
-20
29
11
-38
3
35
-23
-10
0
-13
-4
0
0
0
0
0
0
0
0
1
0
0
0
0
1
0
0
0
0
0
0
0
0
0
1
0
0
0
0
0
0
0
0
63
-62
0
0
46
-46
0
0
0
0
0
0
0
0
0
1
0
0
0
0
0
0
0
0
0
0
0
1
0
0
0
0
1
0
0
0
0
0
0
45
-45
0
0
0
0
0
0
0
1
0
0
16
-16
0
0
0
0
0
0
0
0
0
1
0
0
0
0
0
0
43
-43
0
0
0
0
0
0
0
0
0
0
0
0
0
0
0
0
0
1
0
0
0
1
0
0
0
0
0
0
0
0
0
0
0
0
0
0
34
-34
0
0
0
0
0
1
0
0
0
0
0
0
0
0
0
0
0
0
0
0
0
0
1
0
0
0
0
0
0
1
0
0
43
-42
0
0
0
0
0
0
0
0
0
0
0
1
0
0
0
0
0
0
0
0
0
0
1
0
0
0
0
8
-8
0
0
46
-46
0
0
0
0
0
0
0
0
0
0
0
0
0
0
0
0
0
0
1
0
0
0
0
0
0
0
0
1
1
0
0
0
0
0
1
0
0
0
0
1
0
0
0
0
0
0
15
-15
0
0
0
0
0
0
0
0
0
0
0
1
0
0
0
0
1
0
0
0
0
0
1
0
0
0
0
0
1
0
0
0
0
0
0
0
0
1
0
21
-21
0
0
0
0
0
0
1
1
0
0
0
0
51
-51
0
0
1
0
0
0
0
62
-62
1
0
0
0
0
1
0
0
0
0
0
0
0
1
0
0
0
0
0
0
0
0
35
-35
54
-80
26
0
0
0
0
0
0
0
0
0
0
-7
7
1
0
0
0
0
0
0
0
0
0
0
1
0
0
0
0
0
0
0
0
0
0
1
68
-68
0
12
-12
0
1
0
56
-56
1
0
0
0
0
0
0
-14
14
18
-18
1
0
0
0
0
0
0
0
0
0
0
0
0
0
0
0
0
0
0
0
0
0
0
1
0
1
0
0
0
0
0
0
1
0
0
0
1
0
0
0
0
0
0
0
0
0
0
0
0
1
0
0
0
0
0
41
6
-47
0
0
1
0
0
0
0
0
0
0
0
0
0
0
0
1
1
0
0
0
0
0
0
0
0
1
0
0
0
0
0
0
36
-36
0
0
0
-32
32
0
0
1
0
0
0
0
0
0
0
1
0
0
0
0
0
0
0
0
0
0
42
-42
0
0
0
0
0
0
0
0
0
68
-68
0
0
0
0
0
1
0
0
-19
19
0
0
0
0
0
0
1
0
0
0
0
0
0
0
0
0
0
0
0
0
0
0
0
1
0
0
0
0
0
0
-48
48
0
0
28
-28
0
0
0
1
0
0
0
0
0
-1
1
0
0
0
0
0
0
0
0
0
0
0
0
0
0
1
72
-72
0
54
-54
-46
46
0
0
0
84
-83
0
0
0
0
0
0
0
0
0
0
0
0
5
-4
0
0
-41
41
0
0
0
0
0
0
0
0
0
0
0
0
0
0
0
0
0
1
0
0
0
0
0
0
0
0
0
0
0
0
0
0
0
0
0
0
0
0
0
0
1
1
0
0
23
-23
0
0
0
1
0
-61
61
56
-56
0
0
0
0
0
0
0
0
0
-31
31
0
1
0
0
0
0
0
0
0
0
1
0
0
87
-87
0
0
0
0
1
0
1
0
0
0
0
0
0
0
0
0
0
0
0
0
1
0
0
0
0
0
0
0
0
0
0
0
0
1
0
0
0
0
0
0
0
0
1
0
0
0
0
0
0
0
0
0
0
0
0
0
1
0
-43
43
1
0
-61
61
0
0
0
0
47
-46
0
0
0
0
0
-38
38
2
0
0
0
0
0
0
0
0
0
58
-58
0
0
0
0
0
-60
60
0
0
-55
55
0
0
0
-15
15
0
0
0
0
0
0
1
0
0
0
0
0
0
0
0
1
-1
0
0
0
0
0
-24
24
0
52
-51
0
0
0
0
0
0
0
0
0
-64
64
0
0
1
0
0
0
-19
19
-64
64
0
-3
4
0
0
0
0
0
0
0
0
-32
32
0
0
0
0
0
1
0
0
0
0
0
0
1
1
0
0
0
0
0
0
0
0
0
0
0
0
0
0
0
0
0
0
1
1
0
0
0
0
0
0
0
0
0
0
36
-35
0
0
0
0
0
0
0
0
0
-22
22
0
-32
32
1
0
-28
28
0
0
0
0
0
0
0
0
1
0
0
0
0
0
0
0
5
-5
0
0
0
0
0
1
0
0
0
0
-65
65
0
0
0
0
0
1
0
0
0
0
0
0
0
0
0
1
0
0
0
0
0
0
0
0
0
-12
12
0
1
1
-18
18
0
0
0
0
0
0
0
0
0
1
0
0
0
0
0
0
40
-91
51
33
-33
0
0
0
0
0
0
1
0
0
0
0
0
0
0
-10
10
0
0
0
0
0
0
0
0
0
1
0
0
0
0
0
0
0
1
0
0
0
1
1
0
0
0
0
0
0
0
0
0
0
1
1
0
0
0
0
0
0
0
0
40
-40
0
1
0
0
1
0
0
0
0
1
0
0
0
0
0
1
1
75
-74
0
0
0
0
49
-70
21
0
0
-47
77
-30
0
17
-17
0
0
0
0
0
0
0
0
0
1
1
0
-63
63
0
1
0
0
0
0
0
0
0
0
0
0
0
1
0
0
0
0
0
0
0
0
0
1
0
8
-8
0
74
-133
59
0
0
0
0
0
0
0
0
0
0
0
0
1
0
1
-1
0
0
0
0
1
0
0
0
0
0
0
1
0
0
0
0
0
0
0
0
0
-71
71
0
1
1
0
0
0
0
1
0
0
0
0
0
0
0
0
0
0
50
-50
0
0
0
0
0
1
0
0
0
0
1
0
-60
60
0
0
0
0
0
0
1
0
0
0
0
0
1
1
0
0
0
0
0
0
0
1
0
0
0
0
19
-18
0
0
0
0
0
1
1
0
0
0
0
0
0
0
0
0
0
0
0
0
1
0
-17
18
0
0
0
0
0
1
0
0
-51
51
0
1
0
0
0
0
0
0
0
0
1
70
-70
0
0
0
0
0
0
-63
63
0
0
0
0
0
0
1
0
1
0
0
1
0
0
0
0
0
0
0
0
0
0
0
61
-136
75
0
0
0
69
-69
0
1
0
0
0
0
0
0
1
0
0
69
-69
0
0
0
0
0
0
0
0
5
-5
-18
18
0
0
0
1
0
-67
67
0
0
0
0
1
1
0
0
0
0
1
0
0
0
0
0
0
0
0
0
0
0
-29
30
0
0
0
0
28
-28
0
0
0
0
0
0
0
0
0
60
-60
1
0
0
-7
7
0
0
0
1
0
0
0
0
0
0
0
1
0
0
0
0
0
0
1
0
0
0
0
0
0
0
0
1
0
0
0
0
1
1
0
0
0
0
0
0
0
-35
35
0
1
0
0
0
0
0
0
0
0
0
0
0
0
-72
72
0
0
0
0
0
0
1
-44
44
0
0
0
0
-75
75
0
0
45
-45
0
0
0
0
1
0
0
0
0
0
77
-76
-75
90
-15
0
0
0
0
0
0
0
0
0
0
0
0
1
0
0
0
0
1
0
1
0
0
0
0
0
0
0
0
0
0
0
0
0
-71
71
0
0
-68
68
0
0
0
0
0
0
0
-19
19
-73
73
0
0
0
1
1
0
0
0
0
0
0
0
0
0
0
0
-16
-41
58
0
0
-83
23
60
62
-62
0
0
0
0
0
0
0
0
0
-49
50
1
0
0
0
0
0
0
0
0
0
0
0
0
0
0
0
0
0
0
0
0
1
1
0
0
0
0
0
0
0
0
0
0
0
-77
77
0
0
0
1
0
0
0
0
0
0
0
0
0
0
0
0
0
0
1
0
0
0
0
0
0
1
1
0
0
0
0
0
-17
17
0
0
0
1
0
0
0
0
-3
3
0
0
0
0
0
0
0
0
0
0
0
0
0
0
1
0
0
0
1
0
0
0
0
0
0
0
0
0
30
-30
0
0
0
0
0
38
-85
48
0
0
0
0
0
0
0
0
0
0
1
1
0
0
1
0
0
0
0
1
0
0
0
0
0
0
0
0
0
44
-87
36
7
1
0
0
0
8
-8
0
0
0
0
0
0
1
0
0
0
0
0
0
0
0
1
0
0
0
1
0
64
-50
-14
0
0
0
1
0
0
0
14
-14
0
-73
73
0
0
0
-38
38
0
0
0
0
0
0
1
0
0
67
-67
0
0
0
-18
18
0
0
1
0
0
0
0
0
0
0
0
1
0
0
66
-115
50
0
0
1
0
0
0
0
0
0
0
0
0
0
1
0
0
0
0
0
0
0
0
0
0
0
0
0
0
0
1
9
-9
0
0
0
0
0
0
0
0
1
0
0
0
0
0
0
0
1
0
0
0
0
0
-28
28
0
0
1
0
0
0
0
0
0
0
0
-83
83
0
0
0
0
1
0
0
0
0
0
0
0
0
0
0
0
0
0
0
0
0
1
1
0
1
0
1
0
0
0
0
0
0
1
0
0
0
0
0
0
0
1
51
-51
0
0
0
6
-6
0
0
0
0
1
-46
46
13
-13
0
0
0
-42
42
1
1
0
-44
-1
45
0
0
0
0
0
0
1
0
0
0
0
0
0
0
0
0
0
0
0
63
-63
1
0
0
39
-39
11
-11
0
0
0
65
-65
0
0
0
0
1
0
0
0
0
0
0
1
-36
36
0
0
0
0
0
0
0
-73
73
1
0
0
0
0
0
0
0
0
1
-53
111
-58
-9
9
0
0
0
0
1
0
0
0
19
-19
0
-84
84
0
0
0
-39
39
0
23
-22
0
0
0
0
0
0
0
-52
52
0
-40
40
0
0
1
0
40
-40
0
0
0
0
0
0
58
-58
0
0
0
0
54
-54
40
-40
1
1
0
0
0
0
0
0
-80
80
0
15
-15
0
0
0
1
0
0
1
0
0
50
-50
62
-62
0
0
0
0
0
0
0
0
15
-15
0
1
0
0
0
0
0
1
0
0
0
0
0
0
43
-42
0
0
0
1
0
0
0
0
0
0
0
0
0
0
0
0
0
0
-41
41
0
0
1
0
0
0
0
0
1
0
0
0
0
0
0
0
0
0
0
0
0
0
0
0
0
0
0
0
1
0
0
0
0
0
0
0
1
37
-37
0
0
0
0
0
0
-60
60
-58
58
0
0
55
-55
0
1
0
0
0
0
0
-72
72
0
0
0
0
1
0
-47
48
0
0
0
0
0
-49
49
0
1
24
-23
0
0
0
0
-51
51
0
0
0
0
0
0
-26
26
0
0
0
0
0
1
1
0
0
0
0
0
2
-2
0
0
0
1
0
0
0
1
0
0
0
0
0
1
80
-80
0
0
0
0
0
1
0
1
1
0
0
0
0
0
-47
47
0
0
0
0
78
-78
0
118
-118
0
74
-74
0
0
81
-81
0
0
0
0
0
0
-44
-22
66
0
0
0
0
0
0
0
1
0
0
0
0
0
0
0
0
1
0
0
0
0
0
0
0
0
0
-23
23
0
0
-80
80
0
0
0
0
0
0
0
0
0
0
0
1
0
-19
19
0
23
-23
1
0
0
0
0
0
0
0
0
1
0
0
0
0
0
0
0
0
0
0
0
0
0
0
0
1
0
0
0
0
0
0
0
0
0
0
0
0
0
1
0
0
0
0
0
0
0
1
0
28
-28
0
0
0
0
0
0
0
40
-40
-66
66
0
0
0
0
-25
25
0
0
0
0
48
-48
0
0
1
0
0
0
0
1
0
0
-27
27
0
0
0
0
1
0
0
-43
43
0
0
0
0
0
0
0
0
0
0
0
0
0
0
0
1
1
0
0
0
0
0
0
0
0
0
0
29
-29
0
1
0
0
0
0
0
0
0
0
0
0
0
0
0
0
0
1
0
-5
5
98
-98
0
0
0
0
0
0
0
0
0
0
0
0
0
0
0
0
1
0
0
-55
55
0
-61
61
0
-41
41
-68
68
54
-54
0
0
0
0
0
0
-74
-1
76
0
0
0
0
-32
32
0
0
0
0
0
0
0
0
0
0
0
2
0
0
-72
72
0
0
0
0
0
-36
36
1
0
0
0
0
0
-12
12
0
0
0
0
0
-5
6
0
0
0
0
0
0
0
0
0
0
1
0
0
0
0
0
1
47
34
-81
0
1
6
-6
0
0
0
0
0
0
0
0
58
-88
83
-53
0
0
0
1
1
0
0
0
1
0
0
0
47
-47
11
-11
0
1
0
0
0
0
0
1
0
0
0
0
0
0
0
0
0
0
0
0
0
0
0
0
24
-24
0
0
1
0
0
0
0
0
0
0
0
0
0
0
0
1
0
0
0
0
0
0
0
0
0
0
1
0
0
0
0
1
0
0
-20
20
0
0
0
0
0
0
1
0
0
0
0
0
0
0
0
0
0
1
0
0
0
0
0
-30
30
0
0
25
-25
69
-69
0
0
0
1
0
0
7
-7
0
0
0
0
0
0
0
0
0
0
0
0
0
0
1
0
0
0
0
1
0
59
-59
0
0
0
0
0
75
-75
0
0
0
0
0
89
-88
0
0
0
0
1
1
0
0
0
0
-33
33
0
0
0
0
0
0
0
0
94
-94
0
0
1
0
0
0
0
0
0
0
0
0
0
0
1
0
0
0
0
0
0
0
0
41
-41
0
1
0
0
0
0
0
0
0
0
0
0
0
0
0
0
0
0
0
0
0
0
1
0
1
0
0
0
-4
4
67
-67
0
0
0
1
0
0
0
40
-40
1
29
-29
0
0
0
0
0
1
0
1
0
-60
60
0
0
-58
58
0
0
1
0
0
0
0
1
0
0
0
0
0
0
2
0
0
0
11
-11
0
0
0
2
0
0
0
44
-44
0
-1
42
-41
0
1
47
45
-91
0
0
0
0
89
-89
0
0
0
0
0
0
1
0
0
0
0
0
0
1
0
0
-26
26
0
0
0
0
0
0
0
0
0
1
0
0
0
0
0
0
0
-5
5
0
0
0
36
-36
1
0
0
0
0
0
53
-53
0
26
-26
0
1
1
1
0
-77
77
0
0
1
1
1
0
0
0
0
0
0
0
0
0
1
1
-43
43
0
23
-23
0
0
0
0
0
1
1
0
0
0
1
0
0
67
-67
0
0
0
1
0
0
0
0
0
0
0
84
-84
0
1
0
0
-14
14
0
0
0
0
0
0
0
0
0
0
0
0
6
-6
0
0
0
0
-48
48
0
0
0
0
1
1
0
0
-115
115
65
-65
0
0
0
0
0
0
0
0
0
0
0
1
0
0
0
0
0
0
-61
61
1
37
-37
0
45
-45
0
0
0
0
1
87
-87
0
0
0
0
0
0
-45
46
0
0
0
0
0
0
0
0
0
0
0
0
0
0
0
69
-108
39
0
0
0
35
-35
0
1
0
0
0
0
0
0
0
1
0
1
0
0
0
0
0
0
0
0
0
0
-42
42
0
0
0
1
31
-31
71
-71
0
0
0
0
1
0
0
0
0
0
-58
58
-16
16
-69
69
0
0
1
0
0
0
0
0
0
0
0
0
1
0
0
0
0
0
66
-110
-26
70
0
8
14
-22
-1
1
1
0
0
0
0
0
0
0
1
-47
47
1
1
0
0
0
0
0
0
0
1
0
0
0
0
1
1
0
0
0
55
-55
0
0
0
0
0
0
0
0
1
0
0
76
-86
61
-51
0
0
0
0
0
0
85
-85
1
0
0
66
-66
0
0
0
0
0
0
50
-50
0
0
0
0
74
-73
0
0
0
0
0
1
0
0
0
0
0
0
0
0
28
-28
0
0
0
0
0
0
-11
-71
82
0
1
0
0
0
0
0
0
0
0
0
0
0
0
0
0
91
-91
0
0
0
0
-76
76
0
1
1
1
0
-69
69
0
0
-75
75
0
1
0
0
0
0
0
0
0
12
-12
1
1
0
0
0
0
0
0
-56
56
0
0
0
0
0
0
1
0
0
0
0
0
0
0
0
0
1
0
0
0
0
0
0
1
0
0
0
1
5
-5
0
0
0
0
0
1
-76
150
-74
0
1
0
0
1
58
-58
0
-81
81
0
0
0
-52
52
0
26
-26
80
-80
0
-82
82
0
0
0
1
0
0
0
0
0
0
1
0
0
0
0
0
0
36
-36
0
-25
25
1
91
-92
0
0
1
0
0
0
0
-42
42
0
-60
60
0
-41
41
0
0
0
0
0
0
0
0
0
0
0
0
-64
64
1
0
0
0
-14
14
-79
79
115
-114
0
0
0
0
0
1
0
0
0
0
0
1
0
0
0
0
0
26
-26
0
0
0
0
0
1
0
0
0
0
0
-39
129
-89
-9
10
-34
34
0
0
0
0
-27
27
1
0
0
0
1
1
0
0
0
0
0
0
0
0
0
0
0
0
1
0
0
25
-25
0
0
1
1
1
1
0
0
44
-44
0
1
0
0
0
0
0
0
1
1
0
0
0
0
0
0
61
-61
0
0
1
0
0
0
0
1
0
0
0
0
0
0
0
0
0
0
0
0
1
71
-71
0
0
0
0
0
1
0
0
0
0
0
0
0
1
0
0
0
0
0
0
0
0
0
0
1
0
0
0
0
-45
45
0
20
-90
70
0
0
0
-53
53
0
1
1
0
0
0
0
0
0
0
0
0
5
-5
1
0
0
0
0
1
0
57
-57
0
65
-65
0
0
0
0
0
0
0
0
0
0
0
0
0
-156
156
0
0
57
-57
1
-37
37
0
0
0
0
0
0
0
0
0
0
0
0
0
2
0
-41
41
0
0
0
0
0
0
0
0
92
-91
1
0
0
-88
88
0
0
0
0
0
1
0
0
0
0
0
1
-40
51
-11
0
0
0
0
-35
35
0
0
0
0
0
1
0
0
0
0
0
0
0
0
1
-72
73
0
0
0
0
0
0
0
0
23
-23
87
-87
73
-73
0
0
0
0
1
0
-4
4
0
0
0
0
-49
50
0
0
0
0
0
0
-33
33
0
0
42
-42
0
0
0
0
-41
42
0
0
0
0
0
0
0
0
0
0
1
0
0
0
0
-58
58
1
18
-18
0
0
0
0
0
1
0
0
-5
5
0
32
-32
0
6
-5
0
0
0
0
0
0
30
57
-158
71
0
0
2
0
0
0
0
-75
75
60
-16
-44
0
0
0
1
0
0
0
0
0
0
0
0
0
1
0
0
0
-18
18
0
0
0
0
0
0
0
1
0
0
0
-40
-37
77
0
0
0
0
0
0
0
33
7
-39
0
0
0
0
0
0
1
0
0
-72
73
1
1
0
0
29
-29
60
-60
0
0
0
0
0
1
0
0
0
0
0
1
1
0
0
0
0
0
0
0
1
0
0
0
0
0
0
0
0
0
1
0
0
0
0
0
0
0
0
1
-61
61
0
0
0
0
0
0
0
0
-16
16
0
2
-2
0
0
0
0
1
0
0
0
1
0
-56
56
0
23
-23
0
0
0
0
1
0
0
0
0
0
0
39
-39
0
0
1
0
-82
82
0
0
0
79
-79
0
0
0
0
1
0
0
0
1
0
0
0
0
0
0
0
0
0
0
0
0
0
0
0
0
0
0
0
1
1
1
0
0
0
0
0
0
1
1
0
0
0
0
0
0
0
0
0
0
0
1
1
0
0
-50
51
0
0
0
48
-60
12
0
0
0
0
0
0
0
-5
5
0
0
2
0
0
0
0
0
0
0
0
0
1
0
-34
34
1
0
0
0
0
0
0
77
-77
0
0
0
0
1
0
0
0
0
0
0
0
0
0
1
1
0
0
0
0
0
0
65
-65
0
0
-64
64
43
-43
0
0
0
0
0
0
0
0
-95
129
-34
0
1
0
0
0
0
0
0
0
36
-36
0
1
-62
62
0
0
0
0
0
1
0
0
-7
7
0
0
0
0
0
0
0
0
48
-47
0
0
0
1
0
0
0
0
0
0
1
9
-8
0
0
0
1
0
0
0
1
0
0
0
0
-9
9
42
-42
0
0
0
0
0
0
0
0
0
0
1
0
0
0
0
0
0
0
0
0
0
0
0
0
1
0
-23
23
0
0
0
82
-82
0
27
-27
0
1
0
1
0
0
0
0
0
0
0
0
0
0
0
0
1
0
0
0
0
0
0
0
0
0
0
0
0
0
0
0
0
-32
32
0
0
0
0
0
1
50
-50
0
0
0
0
0
51
-51
0
0
0
0
0
0
0
0
0
0
0
35
-35
26
-25
0
0
1
0
-55
55
0
0
0
0
0
0
0
1
0
0
0
0
0
0
0
0
0
1
1
0
0
0
1
0
0
0
0
0
0
-39
39
0
0
0
0
0
0
0
0
0
0
0
1
0
0
0
0
0
0
0
-18
18
0
0
0
1
0
0
0
0
0
0
0
0
0
0
0
0
0
0
0
0
1
1
0
0
0
0
0
0
0
0
0
0
1
1
0
0
0
0
0
0
1
0
0
76
-75
1
1
-74
75
0
0
0
0
0
0
0
0
-39
39
0
0
0
-71
71
2
0
0
0
0
0
0
0
0
0
0
0
0
1
1
0
0
0
0
0
0
0
0
0
0
0
0
0
0
0
1
0
0
0
0
0
0
1
0
0
0
0
0
0
0
65
-91
118
-67
-25
1
0
1
0
0
0
0
0
0
0
1
0
0
0
0
0
-89
89
0
0
0
59
-59
0
0
50
-44
-6
0
0
1
0
0
0
0
0
0
0
0
0
0
-47
47
0
1
0
0
0
0
0
79
-79
0
0
0
0
0
0
0
1
-43
43
0
0
0
0
-43
43
0
0
0
0
0
0
0
0
0
0
0
0
1
0
0
1
1
0
0
0
0
0
0
0
0
0
0
0
0
0
-32
32
0
0
0
0
48
-48
0
0
0
0
0
0
1
0
0
0
0
0
0
0
0
1
0
0
0
0
0
0
0
0
0
1
0
0
0
0
0
0
0
0
0
0
0
1
0
72
-71
65
-66
0
1
0
0
0
0
0
0
0
0
0
0
0
0
0
0
0
1
0
0
1
1
0
0
0
0
0
0
0
0
0
0
0
0
0
0
1
0
0
0
1
0
0
0
0
0
0
0
0
0
0
0
0
1
0
0
0
0
0
-75
75
1
0
0
0
0
0
0
0
75
-75
0
0
0
0
41
-41
0
1
0
48
-48
-22
22
0
0
0
0
0
1
0
0
-88
88
0
0
0
0
0
0
1
-39
39
0
0
1
0
0
0
0
0
0
1
1
0
0
-65
65
0
0
0
0
0
0
0
0
0
0
0
0
0
-50
50
0
0
1
0
0
0
0
38
-38
0
0
0
0
0
0
0
12
-12
0
0
1
0
-31
25
6
0
0
0
0
0
0
0
1
1
0
0
0
0
1
0
0
1
0
0
0
0
0
-73
73
0
0
1
0
0
0
0
0
0
84
-84
1
1
0
0
0
0
0
0
0
0
0
0
-89
89
0
1
-20
20
0
0
0
0
0
0
-59
59
0
0
0
0
1
0
0
-36
36
0
0
0
-78
79
0
0
0
0
0
0
0
1
-56
56
-45
45
0
1
0
0
0
0
0
1
0
0
0
0
0
0
0
0
0
0
0
1
42
-41
1
0
0
0
0
0
0
0
1
0
0
0
0
0
0
0
0
0
0
0
0
0
0
0
0
0
-75
76
0
0
0
0
0
0
0
0
0
0
1
0
37
-37
0
0
-43
43
0
0
0
0
1
0
0
0
0
0
0
1
0
0
0
0
0
0
0
0
0
0
0
0
0
0
56
-56
1
1
-30
30
0
0
1
2
-2
1
1
0
0
0
0
0
1
0
0
-90
90
0
-89
89
0
1
0
0
0
0
0
0
-7
7
0
0
0
0
0
0
0
0
1
0
0
0
0
0
0
-8
8
0
0
0
0
0
1
0
0
0
14
66
-80
0
0
-72
72
0
0
0
1
1
1
0
0
0
0
0
0
1
0
-6
6
0
0
0
0
0
0
0
0
0
0
0
2
-2
1
0
0
0
1
0
0
0
1
0
0
0
0
0
0
0
74
-119
46
0
0
0
0
0
0
0
0
0
1
0
0
0
0
0
0
0
0
0
2
-46
46
0
0
0
-24
24
0
0
0
0
72
-72
0
0
0
1
0
0
0
0
0
0
0
0
1
42
-42
0
0
0
0
0
0
1
0
0
0
71
-71
0
0
0
1
0
0
0
1
0
0
0
0
1
1
0
0
1
-30
30
0
0
0
0
0
0
-69
68
1
1
0
0
0
0
0
-58
58
0
0
0
0
0
0
0
0
1
0
67
-67
0
52
-52
0
0
0
1
1
0
0
7
-7
0
0
0
0
0
1
0
30
-30
49
-49
1
0
0
0
0
0
0
9
-9
-75
75
-88
88
0
0
0
0
0
0
0
0
0
0
0
0
0
0
1
0
0
0
0
0
0
0
0
0
0
0
0
0
0
1
1
0
0
0
0
0
0
0
41
-41
0
0
0
1
1
1
0
0
0
0
0
0
1
0
1
0
0
0
0
0
0
0
0
0
0
0
0
-83
83
0
0
0
0
66
-46
-19
0
0
0
0
0
0
-81
81
0
0
-79
79
1
0
0
0
0
0
57
-57
-7
8
0
0
0
0
0
0
0
0
44
-44
0
51
-51
0
-26
55
-29
1
0
0
0
0
-16
16
0
0
0
0
1
1
0
0
0
70
-70
0
0
0
0
0
0
0
0
44
-44
0
0
1
66
-128
62
0
-67
67
0
0
1
0
0
0
0
0
-67
67
1
0
0
0
0
0
0
0
0
0
0
0
0
0
0
0
14
-14
0
0
18
-17
-32
32
0
0
0
0
-77
77
0
0
0
0
0
-75
75
0
-45
45
0
0
0
1
0
0
0
0
0
0
0
0
0
0
1
0
0
0
0
1
0
0
0
0
0
0
0
0
0
-18
18
0
0
0
0
1
0
-56
56
0
0
0
0
0
0
0
0
0
37
-20
-17
0
-56
56
0
0
-11
11
1
1
0
0
0
0
0
0
0
0
0
6
-6
0
0
0
0
0
0
0
0
0
1
0
0
1
1
0
0
0
0
0
0
0
0
0
0
0
0
0
0
0
1
0
0
0
0
0
0
-55
55
0
0
0
0
1
0
0
63
-62
0
0
0
0
0
0
0
0
1
0
0
61
-61
45
-45
0
0
0
0
64
-64
0
0
-56
57
0
0
0
0
0
0
0
0
0
-60
61
0
0
0
0
0
0
0
0
0
0
0
0
-54
54
0
0
1
5
-5
0
0
-68
68
0
1
0
0
0
0
0
0
1
0
0
0
0
0
1
0
0
1
0
29
-29
0
0
0
0
0
1
0
0
0
0
0
-28
28
0
1
0
0
0
0
0
0
0
-42
42
0
0
0
0
0
1
23
-23
0
0
0
0
0
1
0
0
65
-65
0
0
-25
25
1
0
0
0
0
0
0
0
0
1
0
0
0
0
0
0
0
0
0
0
0
0
1
0
0
0
0
0
0
0
0
0
0
0
0
-49
50
0
-28
28
0
0
0
0
0
0
0
-12
12
0
0
0
1
0
0
0
0
0
0
0
0
0
0
0
-81
81
0
1
0
0
0
0
0
0
19
-19
-9
9
0
0
0
0
0
0
0
0
0
68
-68
0
19
-18
0
0
0
1
0
0
0
0
0
0
-15
15
1
1
0
0
0
0
0
0
48
-48
0
0
0
0
0
0
0
0
1
-15
15
0
51
-51
0
0
23
-23
0
1
0
0
0
0
0
-58
58
0
0
0
0
0
0
0
0
0
0
0
0
-45
46
0
0
0
0
0
0
0
0
26
-26
0
0
0
0
0
0
0
0
0
0
0
1
0
0
0
0
0
0
0
0
0
0
0
0
0
0
0
0
0
0
0
0
1
0
0
1
0
0
0
0
0
32
-32
1
0
0
0
44
-44
0
0
0
0
0
0
1
0
0
0
0
0
0
1
1
0
0
0
0
0
0
0
0
0
1
0
0
0
-56
56
0
0
0
0
-27
27
0
0
0
0
0
0
0
0
0
-7
7
1
0
0
-50
50
0
0
0
1
0
0
57
-57
0
0
0
0
0
0
0
0
-19
19
1
0
0
0
0
35
-35
0
0
0
0
0
0
0
0
0
0
0
0
0
0
0
0
0
1
0
0
0
0
0
0
34
-34
0
0
0
0
0
0
0
0
1
0
1
1
-24
24
1
0
0
0
0
0
0
1
-58
58
0
0
0
0
0
-63
63
1
0
0
0
1
0
0
0
0
59
-118
59
0
0
0
0
0
0
0
0
0
1
58
-58
0
0
0
0
0
0
22
-22
0
1
0
0
-30
30
0
0
0
0
0
0
0
0
0
-65
65
0
0
57
-58
1
0
0
0
0
0
1
56
-56
0
1
0
-50
50
0
0
0
1
1
0
-45
46
0
0
0
0
0
0
0
0
0
0
0
0
0
0
0
0
0
0
0
0
0
0
1
0
0
0
0
0
1
0
0
0
0
0
0
0
0
0
0
1
0
0
1
0
0
0
0
0
0
0
0
0
0
0
0
0
0
0
0
0
45
-45
0
0
0
1
0
0
0
0
0
1
0
0
1
4
-4
0
0
0
0
0
0
0
0
-66
66
0
1
1
0
0
0
0
0
0
0
0
0
0
0
0
0
0
0
0
-35
35
0
0
-41
41
0
0
0
0
0
0
0
0
-23
24
0
0
0
0
0
0
13
-13
1
0
20
-20
35
-35
4
-4
65
-65
0
0
0
6
-6
0
0
0
0
0
0
0
0
0
0
0
0
0
0
0
1
0
0
1
1
0
0
0
0
0
3
-3
0
0
0
0
0
1
0
0
0
0
0
0
10
-10
-37
37
0
0
0
0
0
0
0
0
0
0
0
1
0
0
0
0
0
0
0
0
0
0
0
0
0
1
0
0
0
1
0
58
-58
0
0
0
0
1
-65
136
-71
0
0
0
0
0
0
29
-29
0
0
0
0
0
0
0
0
0
0
0
1
0
0
9
-9
0
0
71
-70
0
1
0
0
0
0
0
0
58
-58
-55
55
0
0
0
0
0
46
-46
32
-32
17
-17
0
0
0
0
1
0
0
0
0
0
0
0
0
0
0
0
0
0
0
0
0
0
0
0
0
1
0
0
0
1
0
0
0
0
0
0
0
-53
53
0
0
0
1
0
0
0
0
0
0
71
-71
0
0
0
0
0
0
5
-5
1
0
0
1
0
0
1
0
0
0
0
0
0
62
-62
0
0
0
0
0
0
0
0
59
-59
1
0
0
0
49
-49
0
1
0
0
0
0
0
0
0
-24
24
0
0
-57
57
0
0
0
-20
21
0
0
29
-29
0
0
0
0
0
0
0
0
0
0
0
0
0
1
0
0
0
0
1
0
0
0
0
0
0
0
14
-14
0
0
0
1
0
1
0
-1
1
0
0
1
51
-51
0
0
0
0
0
1
1
0
0
0
-70
70
0
0
0
0
0
0
0
76
-76
1
0
0
0
0
0
0
0
0
0
0
0
0
0
0
0
0
0
0
-40
40
0
0
0
0
0
0
0
0
0
0
1
-47
47
0
0
0
0
0
0
0
0
0
0
1
0
0
0
0
0
0
0
-56
56
0
81
-81
0
0
0
0
0
0
0
0
0
0
0
0
0
0
0
0
0
0
0
0
0
0
0
1
0
0
0
0
0
0
0
0
0
0
0
0
58
-76
19
0
0
0
0
0
0
0
0
0
1
0
0
77
-77
0
0
0
0
0
0
-64
64
0
7
19
-26
0
-26
26
1
0
0
0
0
-35
35
1
1
0
0
0
0
0
0
0
0
0
0
0
0
0
0
1
0
0
0
0
1
21
-21
0
0
-8
8
0
0
0
0
0
0
1
0
0
0
0
0
0
0
-26
26
0
0
0
0
0
-8
8
0
-12
12
0
0
0
0
-32
33
0
0
0
0
0
0
0
0
73
-73
0
0
0
0
0
0
0
0
0
0
0
0
0
0
0
0
0
0
0
1
0
0
0
0
1
0
0
1
0
0
0
1
5
-5
0
0
0
0
0
0
0
0
0
0
40
-40
1
0
0
0
0
0
25
24
-49
0
0
-18
19
0
0
0
1
0
0
0
0
0
0
0
0
0
0
0
0
0
0
0
0
0
1
-63
63
0
0
-4
4
1
0
2
-46
12
32
0
0
0
0
0
0
0
0
0
1
1
0
0
0
0
0
0
0
0
0
0
19
43
-61
0
-4
4
0
0
0
0
0
21
-21
0
0
0
13
-12
0
1
0
0
0
0
0
0
0
1
0
0
0
0
0
0
0
0
0
0
0
0
1
-62
62
0
0
0
0
0
0
-15
15
0
0
0
0
0
0
0
0
0
0
0
0
0
0
0
0
0
0
0
0
0
0
0
-58
59
0
0
70
-70
0
54
-54
0
0
1
65
-65
0
0
0
0
1
0
0
0
0
0
0
-3
3
0
0
0
0
0
1
0
-41
41
0
0
0
0
0
0
0
0
0
0
0
0
0
0
1
0
12
-12
-66
66
1
1
1
0
0
0
0
0
0
0
0
1
-4
4
0
0
0
0
0
20
-20
49
-48
0
0
-56
57
0
0
80
-20
-60
0
0
0
0
0
0
0
0
0
1
0
1
0
0
0
0
0
0
0
1
0
0
0
0
1
1
0
34
-34
0
0
0
0
0
0
-48
48
0
0
0
0
-14
14
0
26
-26
1
-41
41
0
0
0
0
0
16
-16
0
0
0
0
0
1
22
-22
0
0
1
0
0
0
0
0
0
0
0
0
0
27
-27
0
75
-75
0
1
0
0
36
-36
0
8
-8
0
1
0
1
0
0
0
0
0
0
0
0
0
0
1
0
0
0
0
0
0
0
0
0
0
0
0
0
0
0
75
-75
0
0
0
0
0
0
0
0
0
0
1
0
0
0
0
0
0
0
0
0
0
0
0
0
1
0
0
55
-54
0
0
0
0
0
0
0
1
0
0
0
0
0
0
0
0
0
1
0
0
0
0
0
36
-36
0
1
0
0
0
0
0
0
0
0
0
0
0
0
0
1
0
1
28
-27
1
0
0
0
0
0
1
0
0
0
0
0
0
1
0
0
0
0
0
17
-17
0
0
0
0
0
0
0
0
0
1
0
0
0
1
13
-12
-59
59
0
0
0
0
0
0
0
0
0
0
0
1
0
0
0
0
0
0
0
0
0
1
0
1
0
0
0
0
0
0
0
0
0
0
0
0
0
0
0
1
0
0
0
0
0
0
0
-42
-12
54
0
0
1
0
0
0
0
55
-71
16
1
0
1
1
0
0
0
0
0
0
0
69
-69
0
0
0
0
1
0
0
0
0
0
0
0
0
0
0
1
0
0
36
-36
0
1
0
1
0
0
0
0
0
0
0
-76
69
7
0
0
0
0
0
0
0
0
0
0
0
0
0
0
1
1
0
0
50
-50
0
0
0
0
0
1
0
0
0
0
0
0
0
1
0
0
0
0
22
-22
0
1
0
0
0
0
0
0
0
0
0
0
0
0
0
0
0
0
0
1
26
-98
72
0
0
0
0
0
0
0
0
0
0
0
0
18
-18
0
0
0
-72
73
0
0
0
0
0
0
0
0
0
0
0
0
0
0
0
0
30
-30
0
0
0
1
0
-3
3
0
0
0
0
0
0
0
0
0
0
5
-5
0
0
0
1
0
0
0
4
-4
0
0
38
-38
0
0
0
1
0
-25
25
1
0
0
0
20
-20
0
1
0
0
0
0
0
0
0
0
0
0
0
54
-53
0
0
0
0
0
0
0
0
0
0
0
0
1
0
0
0
0
0
0
0
0
0
0
33
-33
1
0
0
0
0
0
1
0
0
-28
28
0
0
0
0
0
0
0
1
0
0
0
0
0
0
0
1
0
0
0
0
0
0
-5
5
0
0
0
0
0
1
0
0
0
0
0
0
0
29
-29
0
0
0
0
11
-11
0
0
0
1
0
0
1
0
0
0
0
0
0
0
0
0
0
0
0
0
0
0
0
0
0
42
-42
1
9
-90
82
0
0
0
0
0
0
0
0
0
0
-30
30
0
1
0
0
0
0
0
0
0
16
-16
0
0
0
0
0
0
1
0
0
0
0
0
0
0
1
0
0
-22
22
0
0
0
0
0
0
0
0
0
0
0
0
0
0
0
0
1
1
0
1
0
0
0
0
0
0
0
0
0
0
0
-65
65
0
0
0
1
0
0
0
0
0
-30
30
1
0
0
0
0
0
0
0
0
0
0
1
0
0
0
0
0
0
0
1
0
0
0
0
0
0
0
0
0
0
0
0
0
0
0
0
1
0
0
0
1
-64
65
0
-83
83
0
0
0
0
-52
52
0
0
0
0
0
0
0
0
0
0
-63
63
0
1
0
0
0
0
0
0
1
1
0
0
0
0
0
0
0
0
1
0
0
0
0
1
0
0
0
0
-54
54
0
0
6
-6
0
1
0
0
0
0
0
0
1
0
0
0
0
0
0
0
0
0
0
0
0
0
0
0
1
22
-22
0
1
0
0
0
0
0
1
0
0
0
0
0
4
-3
0
0
0
0
0
0
0
0
0
0
0
0
0
0
0
-73
73
0
1
0
0
0
0
0
0
0
-22
22
0
0
0
0
0
0
0
0
0
0
0
0
0
1
0
0
-4
4
0
1
0
0
0
0
0
0
0
0
0
0
0
0
0
1
0
0
0
0
0
0
0
1
0
0
0
0
0
0
0
0
0
0
-44
44
0
0
1
0
0
-62
62
0
0
1
0
1
1
0
0
0
0
0
0
0
1
0
0
0
0
0
0
1
0
0
0
0
0
0
-49
49
0
0
0
0
0
0
0
0
0
0
0
0
0
1
0
0
0
0
0
0
0
0
0
1
0
0
1
1
0
0
0
0
0
0
0
1
0
0
0
0
0
0
0
1
0
0
0
0
0
0
0
0
1
0
0
0
0
0
0
0
0
0
0
0
0
0
0
0
-32
32
0
1
0
0
0
0
0
0
0
0
-27
27
0
1
0
0
0
0
0
-2
2
1
0
0
0
-55
55
0
0
0
0
0
0
0
-59
47
-8
18
-25
10
-46
44
-10
13
-44
23
-29
66
