25
81
-77
-22
26
13
-40
48
68
-97
15
16
33
-83
25
101
8
-58
-8
-9
-65
29
42
12
9
24
19
-110
85
86
-143
22
-16
-59
169
-65
36
30
-103
-48
43
43
-60
99
6
-121
-19
0
-4
-3
111
-80
-11
2
39
-22
171
-183
-10
0
46
-37
89
-108
26
90
-96
155
-41
-35
-21
-54
111
-109
98
-89
10
-6
24
-28
135
-129
135
-184
26
90
-39
-56
99
7
-119
89
-57
163
-188
51
14
77
-62
-81
5
32
99
38
-87
-75
-3
130
59
-127
11
-62
-22
-11
141
-102
83
-103
-22
0
0
0
0
0
0
0
0
1
0
0
0
1
0
0
0
0
0
0
0
0
0
8
-8
0
1
0
0
0
0
70
-70
9
-8
0
0
0
0
1
1
0
0
0
174
-174
0
0
0
0
0
0
47
157
-204
1
0
0
0
0
199
-199
0
1
0
0
0
1
0
25
6
-31
1
0
0
0
0
0
0
0
0
0
0
0
0
0
0
0
0
0
0
0
0
0
1
0
0
0
0
12
-12
65
-65
0
0
0
44
49
-93
0
0
0
52
-52
1
20
-20
0
0
0
0
0
0
0
0
0
0
0
0
0
2
84
-84
0
10
-10
-2
2
0
0
1
0
0
0
0
0
0
0
0
0
0
0
165
-164
0
0
0
225
-225
0
0
0
0
215
-215
0
0
0
1
0
28
185
-213
0
0
0
1
0
2
0
51
-51
0
0
98
-98
156
-156
0
0
143
-143
0
1
0
0
0
85
-84
0
0
41
-41
0
0
0
0
0
0
1
0
0
0
0
0
0
0
0
0
0
0
0
0
0
185
33
-218
0
1
0
0
0
218
-218
1
0
0
62
-62
0
0
0
0
0
0
0
56
-56
0
0
0
173
-46
-127
1
0
1
212
-211
0
0
0
1
0
0
0
0
0
0
0
0
98
-16
-82
0
1
0
0
0
1
0
0
-10
11
0
0
0
1
0
153
-36
-117
122
10
-132
1
0
0
1
0
0
1
0
0
132
-132
0
0
0
0
0
0
0
0
1
0
0
0
63
-62
0
0
0
0
0
0
108
-103
-5
0
1
0
1
0
0
0
0
182
190
-372
0
0
0
0
0
0
0
0
0
0
0
0
1
1
24
-24
0
0
0
0
0
0
0
0
1
60
-61
0
0
0
0
148
-148
1
0
0
0
0
24
-24
0
-6
7
87
-86
0
0
0
0
0
0
0
2
1
0
0
0
-27
27
0
0
0
1
0
0
0
0
0
0
0
0
0
186
-186
105
-105
1
-22
22
0
-38
38
1
0
0
18
-18
0
0
1
0
0
0
1
0
0
0
0
0
0
1
0
1
-27
27
0
0
0
0
0
0
0
152
-152
0
0
0
0
0
118
-118
10
-10
1
0
0
0
0
1
0
0
0
0
0
0
0
71
-71
0
0
0
0
0
0
0
0
67
-67
59
-59
-19
20
0
0
0
324
-169
-154
0
0
0
0
1
56
-55
7
-7
0
0
165
-165
0
1
119
-119
0
0
0
0
0
101
-101
1
0
0
0
0
0
19
-19
0
0
0
0
0
1
0
0
163
-224
79
-18
0
-57
57
0
0
0
-13
36
-22
0
0
0
0
0
0
0
0
0
77
-77
0
0
1
0
0
0
0
0
0
0
0
0
0
0
0
0
0
0
0
0
0
0
0
1
0
0
0
178
10
-188
0
0
0
0
1
0
0
-31
31
0
0
0
0
0
0
0
0
1
0
0
0
0
-59
59
1
0
0
0
0
1
0
0
195
-195
0
0
147
-154
7
0
0
0
0
0
0
135
-16
-119
0
1
0
0
0
0
0
0
155
-155
0
0
0
0
1
0
0
0
358
-358
0
0
1
0
0
0
0
0
0
1
0
0
0
0
0
2
1
1
0
0
0
114
-114
0
0
0
9
-73
64
0
0
117
-117
0
1
0
0
0
0
0
0
0
0
0
110
-110
0
1
0
112
-112
1
0
0
118
-118
164
-163
1
1
0
0
0
0
0
0
1
0
0
0
1
0
0
69
104
-173
0
0
0
194
-194
0
0
0
0
0
0
0
0
0
0
-75
75
0
0
0
0
0
0
1
0
0
0
0
47
-48
1
0
68
-8
-60
0
1
0
0
1
1
0
0
0
0
0
0
0
0
1
0
0
0
101
-101
0
0
0
0
1
0
0
0
0
-39
216
-98
-79
3
-3
13
68
-81
0
0
0
0
153
-152
193
-193
0
1
1
0
29
-22
-67
60
180
8
-188
0
0
0
63
-63
-39
39
0
0
1
0
0
0
0
0
1
0
0
0
0
0
0
0
0
0
183
6
-101
-88
191
-191
-88
88
0
-44
44
0
0
0
0
131
-131
0
0
0
0
202
-202
0
20
97
-116
-83
83
1
0
0
0
0
0
0
155
-155
0
0
0
1
0
63
-63
0
0
0
153
-153
0
0
0
6
-5
0
0
0
62
131
-192
0
0
0
0
0
3
-91
187
-99
0
0
79
111
-190
0
0
0
0
0
208
-208
1
0
0
0
0
0
0
0
0
0
0
-45
46
0
0
0
1
0
0
0
0
0
0
0
-45
45
0
-57
67
-10
1
0
0
2
0
0
0
0
0
0
0
0
1
0
0
0
0
1
0
0
0
0
0
1
0
0
0
-57
57
0
-70
70
1
0
0
0
0
0
0
0
0
1
-103
103
0
0
0
30
-30
0
0
0
0
0
-21
21
1
0
42
-41
0
0
0
0
0
0
2
69
-71
0
53
-53
0
0
0
0
0
0
0
0
1
0
0
0
1
56
133
-189
0
22
-22
0
0
0
0
0
0
0
1
1
0
1
0
0
0
176
-175
0
0
0
0
0
0
0
1
0
0
0
0
0
0
0
0
0
0
0
0
0
0
0
0
0
0
0
0
139
-138
0
0
0
0
0
0
-75
75
48
-48
1
34
-34
193
-193
0
0
1
1
0
0
0
186
-186
0
0
1
0
0
0
0
172
-172
-105
34
71
0
1
0
0
0
0
0
0
0
1
0
0
14
-14
-34
34
1
0
0
0
0
0
0
0
1
0
109
-109
1
0
0
0
0
0
0
0
0
316
-316
0
52
-156
104
1
0
-121
121
0
0
0
0
0
0
0
0
0
0
18
-18
0
0
-56
56
0
0
0
-106
221
-115
1
0
-78
78
-37
37
0
1
0
1
-6
6
0
46
-46
56
-56
61
-61
0
1
-48
48
161
-161
0
0
0
0
31
77
-212
104
196
-82
-113
0
0
1
0
0
0
0
0
0
0
97
-97
0
0
146
-146
0
0
122
-122
0
9
-9
0
0
159
-159
0
0
0
0
171
-171
0
0
176
-253
77
198
-81
-11
-106
0
0
0
149
-148
1
0
-97
97
202
-208
6
0
0
0
0
1
149
-148
0
0
0
0
0
0
38
-38
126
-126
93
-93
0
0
0
0
1
0
179
-178
0
116
-116
0
-79
79
0
180
-91
-137
48
1
133
-132
154
-2
-152
-125
125
0
1
-138
138
0
0
0
0
0
-93
93
0
1
0
0
0
0
0
0
1
1
0
0
0
0
0
0
0
0
205
-205
0
0
77
-77
0
0
0
0
0
27
-27
0
0
1
0
0
-71
71
0
0
1
0
133
-133
0
0
0
0
0
1
0
0
0
1
2
1
0
0
0
190
-190
0
0
0
0
0
0
-102
103
0
0
1
1
0
0
0
0
0
0
0
0
1
-47
47
0
0
0
0
0
0
0
0
165
-165
51
-51
47
-47
1
0
0
0
0
0
0
24
-24
0
0
152
-152
0
1
0
0
0
193
-193
0
-112
113
0
0
0
1
-147
147
0
0
0
-27
121
43
-137
0
0
0
166
-166
0
1
-167
167
0
0
0
0
69
-69
0
100
-99
0
0
0
0
83
-83
0
128
-128
0
167
-167
0
0
1
0
0
0
40
42
-82
-138
138
1
1
0
8
-8
0
0
0
0
0
0
0
-9
9
1
-57
57
-39
39
0
0
-77
77
0
0
0
88
-87
0
0
0
0
0
0
0
0
0
0
1
0
0
-123
123
0
0
167
-166
0
0
0
1
0
0
-77
77
0
0
0
-170
170
0
0
0
0
1
-54
54
-76
76
0
0
1
0
0
-118
118
0
0
-173
174
0
0
0
-31
31
0
0
155
-149
-6
1
0
-14
43
-29
38
157
-315
120
0
0
0
165
-165
0
-37
38
-81
19
62
0
0
0
152
-152
0
1
174
-174
-91
91
0
0
0
0
0
0
0
0
0
-162
162
-65
65
0
0
0
0
0
0
0
0
0
-8
9
0
0
-178
178
0
0
0
2
0
179
-179
0
0
140
-140
0
-166
166
0
0
0
0
0
2
0
0
0
0
0
0
0
130
-128
31
-31
0
0
-104
104
2
-2
0
0
0
0
0
0
-9
9
0
-40
40
90
-90
187
-158
-29
0
0
0
0
0
2
0
0
0
0
0
0
0
0
0
0
132
-132
0
0
1
0
-69
69
0
0
165
-165
99
-68
-31
0
0
0
0
0
0
0
0
0
0
0
-77
19
58
0
1
0
0
0
0
0
-46
144
-98
1
0
-73
73
0
192
-192
0
0
205
-205
0
0
0
0
27
-27
0
0
1
0
-174
174
0
0
0
0
0
0
0
0
99
-99
0
0
0
0
0
0
0
-69
-104
173
1
0
0
1
0
0
0
0
0
0
147
-147
0
0
0
0
-29
29
-192
192
0
0
0
179
-179
1
1
0
0
0
184
-184
0
-56
-90
146
126
-125
2
0
1
1
94
-94
0
-97
97
283
-283
1
0
0
0
0
0
-53
53
0
0
1
-78
78
0
0
0
0
0
0
0
0
0
0
0
0
1
174
-174
0
0
0
0
0
0
0
1
1
0
0
0
4
-4
0
0
0
0
0
0
1
1
1
0
0
0
0
0
0
1
0
0
0
0
0
0
-158
158
0
145
-190
46
0
0
0
0
61
56
-117
0
0
106
-255
149
0
0
0
-128
-75
203
0
0
0
0
66
-65
-180
181
0
0
-65
261
-196
0
0
0
64
-63
30
-200
170
0
0
0
0
0
-20
-132
152
0
0
0
0
1
0
-36
36
0
0
0
0
0
0
0
0
0
0
35
-35
0
0
0
0
-57
-25
82
0
0
7
-7
0
0
1
1
0
0
180
-180
70
-69
0
0
87
-87
0
0
0
0
0
-9
9
0
0
0
1
0
0
0
0
0
0
0
0
0
1
0
0
0
1
0
0
-10
10
0
0
1
0
0
120
-120
0
120
-206
86
1
0
0
165
-165
0
0
2
0
0
124
-124
0
2
0
0
-55
113
-58
0
-149
-45
194
0
0
0
53
-53
0
0
0
0
0
0
0
0
0
-179
179
0
53
-53
0
0
0
0
1
-103
104
177
-177
0
0
0
-49
50
-20
20
-65
65
0
-198
141
57
28
157
-184
-6
71
-9
-56
0
0
0
-49
49
0
0
9
-9
0
-210
210
0
0
117
-116
4
-4
0
0
0
0
0
0
1
0
0
-46
38
8
0
-150
132
18
191
-251
-135
196
0
0
2
0
43
-129
-93
179
1
0
0
0
0
0
0
0
0
89
-89
0
0
0
0
0
0
0
0
0
0
0
1
-143
143
0
28
-27
163
-162
0
0
0
0
0
0
0
0
13
-13
0
0
151
-150
0
0
0
0
0
0
0
0
0
-3
3
0
0
0
0
0
0
0
0
1
-50
50
0
0
0
1
0
-70
70
0
0
0
-149
246
-285
188
0
44
-44
82
-82
0
0
0
-24
24
1
0
0
0
0
0
-55
55
0
0
0
1
0
0
-83
83
0
0
0
54
-114
60
0
0
0
95
-95
1
0
0
132
-132
-54
138
-83
0
0
0
117
-117
0
0
0
206
-206
0
0
-61
62
0
0
0
24
-24
-37
-61
98
0
0
1
144
-143
0
0
-203
203
-87
87
-6
7
0
0
0
0
0
0
1
0
0
0
0
0
1
0
0
0
0
-119
306
-187
0
71
-71
0
0
0
0
122
-122
0
0
0
101
-101
0
0
-63
64
0
0
0
0
1
0
0
0
0
0
0
0
0
0
182
-182
162
-161
0
128
-128
1
0
0
103
-103
0
0
0
-138
-60
198
0
-180
180
1
0
0
195
-195
-245
245
-81
81
0
0
0
91
-91
59
58
-117
0
0
0
0
0
0
0
-148
148
-3
4
133
-133
171
-171
0
0
0
1
0
69
-26
-62
276
-257
0
0
0
0
0
0
-108
109
0
0
0
0
114
-114
0
69
47
41
-130
-27
1
0
0
0
97
-97
0
0
0
0
7
-7
-127
127
180
-180
1
0
0
1
0
46
-46
0
0
138
-138
0
0
1
193
-192
0
0
0
0
-39
39
0
0
0
1
0
0
0
0
0
0
-138
138
1
0
0
0
51
-51
194
-211
17
-207
207
-142
142
97
-46
-50
0
0
0
0
200
-199
0
0
0
158
-158
0
0
0
0
-151
335
-184
0
52
-52
0
0
0
0
0
0
7
-5
0
0
0
0
0
0
0
0
0
0
1
0
27
-27
0
0
0
52
-52
0
-58
59
17
-17
0
0
0
-95
286
-190
191
-3
-188
1
0
0
0
0
0
-12
13
0
-152
152
0
195
-150
-157
112
0
0
-68
68
0
0
-148
148
200
-200
0
86
-86
-212
212
-93
93
0
0
-19
19
10
-97
87
0
1
0
0
0
0
82
-82
-266
413
-147
60
-120
60
0
0
1
0
96
-96
0
0
98
-98
0
0
66
-66
0
96
-96
0
191
-191
-2
2
1
0
144
-169
25
0
0
0
2
0
0
0
0
38
-38
-38
38
1
0
0
0
0
-183
183
0
0
0
0
48
-48
-198
198
-82
83
0
1
0
0
0
167
-167
0
-40
40
0
0
0
0
0
80
-80
0
0
1
1
0
0
0
0
0
0
0
0
0
0
1
8
-8
0
0
0
-64
111
-47
-152
152
0
101
-101
0
-74
74
0
0
0
0
0
0
0
0
0
0
0
0
0
179
-179
0
-77
78
0
125
-125
0
1
0
0
0
1
0
-91
142
-74
23
-23
23
0
298
-113
-185
1
40
-40
0
0
0
0
122
-122
1
123
-123
0
0
0
0
0
0
0
0
0
0
0
0
0
126
-126
1
0
0
0
0
0
1
0
0
0
0
0
0
0
0
-77
77
0
-40
40
0
0
1
0
-131
-69
200
0
0
0
0
0
0
0
0
0
0
1
0
0
0
0
0
1
0
0
0
0
0
0
0
0
0
0
29
-29
1
0
1
0
0
0
41
-41
-142
142
0
0
0
2
0
0
0
0
70
-69
0
0
69
-69
0
1
-178
178
-51
51
0
0
0
0
0
1
-6
6
0
0
-78
-43
121
1
1
0
0
0
0
1
1
0
0
0
0
206
-206
0
1
0
0
0
-40
41
1
0
0
172
-172
0
-210
48
162
0
-9
9
0
0
0
0
1
0
0
0
0
0
59
-59
109
-109
1
0
-35
35
1
0
44
-44
-136
137
1
1
0
-169
169
0
0
161
-67
241
-335
0
0
1
0
0
0
0
0
0
0
0
0
0
0
0
1
0
-162
162
0
0
0
0
0
-131
131
45
70
-115
303
-303
16
74
-90
0
1
-44
135
-91
0
1
3
39
-42
53
-53
-142
142
0
0
0
0
17
-17
79
-79
84
-84
0
0
0
0
199
-233
34
148
-148
0
0
0
0
0
0
1
0
1
0
0
0
0
-49
49
0
0
0
0
202
-202
0
0
0
0
0
0
0
0
0
0
-83
83
1
0
0
0
1
37
-37
-123
123
0
0
0
0
-88
88
1
0
203
-203
0
0
137
-137
0
0
0
0
0
37
-37
0
-44
45
1
0
0
0
0
123
-123
0
0
0
0
118
-117
0
0
0
0
0
0
0
0
0
0
0
0
0
0
-21
107
-86
-75
-75
150
10
-10
0
0
0
0
-72
72
0
0
1
0
0
0
0
0
13
-13
0
0
0
-112
-15
127
0
-156
161
-4
0
0
144
-144
0
0
0
1
1
0
-273
273
0
0
96
-96
0
0
0
0
0
-109
110
0
0
0
0
0
121
-121
0
0
182
-182
0
0
-141
142
0
0
-117
117
0
-98
98
0
0
0
0
0
0
1
0
-89
-174
471
-208
0
0
116
94
-210
1
0
156
-156
0
-183
183
0
1
194
-194
0
0
0
0
0
115
-115
1
0
-194
194
-76
76
0
0
0
0
138
-31
-107
0
189
-189
0
0
1
0
0
0
1
0
0
0
0
0
0
0
0
0
-65
66
1
0
0
0
0
1
0
0
-251
252
0
0
0
0
0
0
1
0
1
0
0
0
0
51
-51
0
0
0
0
1
0
3
-194
282
-91
0
0
0
1
1
1
0
1
-1
52
-51
0
-165
165
0
0
-38
39
0
-35
195
31
-191
0
0
0
0
0
93
-189
229
-133
0
162
-162
0
0
-168
33
135
0
0
178
-178
0
0
178
-178
0
0
-150
150
89
-89
0
1
0
0
-140
140
1
0
0
0
120
-120
0
0
0
0
1
0
0
0
0
0
0
0
1
0
89
-89
0
0
0
95
-95
78
-78
0
193
-193
1
-118
118
0
0
0
0
0
0
0
1
0
0
0
0
0
109
-16
107
-200
0
-192
353
-161
0
0
0
131
-131
-102
102
0
1
1
1
0
0
0
0
0
0
1
0
0
31
-217
365
-179
0
0
0
0
0
0
0
0
0
0
-173
174
0
129
-129
0
0
0
-65
-58
123
-127
172
148
-193
0
0
0
0
0
1
0
0
0
0
0
1
0
165
-165
0
0
0
0
-71
71
0
0
0
-136
136
0
0
-38
38
0
8
88
73
-169
0
0
1
0
0
126
-126
0
0
1
2
0
0
0
0
0
-107
107
0
0
0
1
0
0
0
-127
180
-53
0
0
79
-199
120
-115
319
-203
-129
129
0
0
0
0
0
0
0
93
-93
45
-173
128
30
-30
-129
129
0
1
0
-106
107
0
0
193
-83
-110
-88
88
0
175
-175
0
0
0
0
-3
3
0
1
-1
0
91
-215
203
-79
1
0
0
0
0
0
-11
12
0
53
-53
-111
112
0
0
0
0
0
0
0
58
-58
0
0
1
27
-26
0
0
0
0
0
0
0
0
200
-200
0
-116
29
87
0
0
106
-106
-103
104
1
0
-58
58
0
0
0
0
2
0
0
0
-163
250
-86
0
0
0
1
0
-118
118
0
0
1
0
58
-58
-165
165
107
-106
65
-65
0
0
191
-191
1
35
-35
0
0
-30
12
-101
120
0
0
0
0
187
-187
0
0
0
0
0
0
0
1
0
0
0
124
-124
0
-120
120
0
1
0
0
0
0
0
0
0
0
0
1
0
170
-170
-194
194
0
0
0
0
126
-125
1
33
-33
11
-11
0
0
0
0
0
0
0
0
-194
395
-201
0
104
-104
-137
137
1
127
-127
0
0
122
-76
116
-162
-151
151
0
-176
176
0
0
0
-134
134
1
0
0
0
0
9
-9
-143
143
0
-144
144
0
-142
142
0
0
1
0
-37
37
0
0
1
-59
59
0
0
-26
26
0
0
0
1
1
0
86
-86
0
29
253
-282
0
0
0
0
-207
239
1
-33
0
0
0
0
0
0
108
-107
0
0
0
0
207
-90
-117
0
0
-187
187
0
0
0
0
205
-205
1
0
0
0
0
-174
174
1
0
0
178
-178
253
-253
0
-29
29
0
1
0
11
-10
0
0
0
0
0
0
-131
131
-88
89
1
0
0
0
0
1
120
-123
3
0
0
0
0
0
-182
76
107
0
0
-107
107
0
1
122
-122
0
11
-11
0
127
-127
0
-75
76
103
-103
0
0
0
30
-30
0
92
-57
-35
0
0
1
-110
111
0
0
0
-39
39
0
0
-75
75
0
0
1
0
0
0
49
10
-59
0
0
0
0
0
1
0
-58
58
155
-153
-2
0
0
113
-113
0
0
0
125
-125
52
-52
0
1
0
0
0
0
28
-111
83
1
0
0
0
1
91
-91
-24
-135
159
-137
137
0
0
0
0
0
0
0
0
181
-181
57
-57
0
2
0
0
0
86
-86
0
0
0
0
0
1
0
-301
301
-120
120
0
-171
171
0
0
0
0
0
0
133
-132
-170
170
1
0
0
0
0
0
1
134
67
-201
0
0
0
0
0
0
0
0
1
0
0
0
0
1
-107
107
37
118
-301
146
0
0
0
0
0
0
0
0
0
0
0
1
0
1
48
-129
81
153
-153
1
-203
203
0
196
-196
1
0
0
0
0
0
0
203
-295
92
0
1
113
-112
0
0
96
-96
34
-34
0
0
1
0
-22
22
0
1
0
0
-105
105
0
0
0
0
1
183
-183
0
0
-100
100
0
1
0
0
0
119
-119
1
-165
165
53
-52
0
148
-148
-117
117
0
1
0
0
0
0
0
-86
86
-111
111
0
0
-99
99
1
1
127
-127
0
86
-86
-195
195
0
0
0
0
0
0
0
1
0
1
0
0
-55
-97
60
93
206
-22
-310
126
0
0
0
0
0
0
0
0
0
-168
168
0
0
0
0
0
0
1
0
0
0
0
1
0
0
-69
21
219
-171
0
0
0
0
0
0
0
1
1
0
0
0
0
0
0
1
0
0
0
67
-67
0
1
0
0
0
-175
351
-176
0
0
0
0
-1
1
81
-81
1
0
0
0
0
0
0
0
0
0
0
0
0
0
0
0
63
83
-146
0
-57
179
-122
1
0
0
0
0
0
0
202
-202
132
-183
51
0
0
0
0
40
-40
0
-189
189
0
-201
201
101
-225
124
0
1
0
0
0
0
0
0
0
0
0
0
0
0
150
-150
218
-218
0
0
0
-74
74
0
0
0
40
-40
-95
95
0
0
0
38
-38
38
-37
96
111
-207
-13
13
0
196
-195
146
-146
0
-132
168
-36
0
0
0
0
0
0
0
1
0
28
-28
0
0
1
51
-51
187
-187
0
0
0
0
204
-151
-53
0
0
0
0
0
0
0
-73
73
1
48
-48
0
-84
84
0
1
0
0
0
1
0
33
-33
0
0
0
-66
66
0
-186
186
0
-137
137
1
203
-203
0
-67
68
-24
24
0
0
0
0
0
0
0
122
-122
1
-47
47
0
-137
137
190
-190
0
0
0
0
0
0
0
120
-92
179
-206
0
0
0
0
0
0
-34
34
0
0
0
-285
285
160
-160
0
170
-170
146
-146
0
0
0
0
0
0
0
0
0
1
0
0
0
173
-173
0
0
0
0
0
0
0
1
0
0
0
0
0
0
0
0
0
0
0
-182
182
0
0
0
20
-20
0
0
1
0
-95
95
0
-47
47
0
0
0
198
-149
-48
0
-132
132
0
0
0
0
0
0
1
0
0
0
0
0
0
0
0
-74
74
0
0
-79
80
0
0
190
-190
0
0
1
-17
18
0
0
184
-184
0
0
0
0
0
0
1
145
-145
0
0
0
115
-115
0
0
0
-43
-135
156
22
0
0
1
188
-188
0
-33
33
0
1
-122
153
-31
0
-330
503
5
-178
0
1
0
0
0
0
0
0
1
136
-136
0
0
0
44
-44
0
0
0
0
144
-144
-151
151
0
0
1
-150
150
0
0
0
-159
159
-39
39
0
-11
11
-18
18
0
0
1
0
0
1
0
0
0
0
0
-121
293
-171
0
0
0
0
1
0
0
61
-61
0
0
0
0
0
-157
157
99
-98
0
0
0
0
0
0
0
0
0
1
0
103
-103
0
0
0
0
0
0
0
145
-18
-240
113
0
1
0
153
-153
0
1
-51
51
0
0
0
0
0
1
1
0
0
0
-36
36
0
1
-148
311
-163
0
0
0
0
0
0
0
0
0
0
0
0
201
-320
119
-114
305
-191
-74
74
0
-183
30
153
0
-36
36
0
0
0
0
0
1
0
0
0
0
0
0
1
-28
6
22
0
0
0
0
0
0
0
-7
26
175
-194
-83
83
0
-185
185
1
118
-13
-105
0
0
0
1
0
133
-133
0
0
0
0
-122
122
1
0
-177
177
0
0
0
0
-192
193
0
0
0
0
0
0
0
0
0
0
0
0
1
1
0
0
0
0
118
-118
0
0
0
1
0
0
0
0
-93
93
0
0
-135
135
56
-55
0
111
-111
1
0
0
-50
-150
362
-161
-199
199
31
-30
1
163
-163
0
-114
114
85
91
-46
-128
1
-56
56
0
0
191
-191
0
-65
67
-40
40
0
0
0
292
-413
122
-43
121
-78
0
0
0
0
0
1
0
0
0
0
144
-144
0
0
0
-56
56
0
146
-146
1
1
2
0
0
0
-273
274
0
0
0
0
0
0
180
-179
0
0
157
23
-180
0
-137
137
0
0
0
0
0
0
0
0
0
0
1
0
0
0
0
0
0
-112
124
-12
0
0
0
1
0
0
0
146
-146
3
-3
0
0
-330
330
0
0
0
1
1
70
-70
0
0
0
0
0
0
-201
202
0
132
-132
0
0
0
0
0
0
0
0
0
-78
-46
124
1
-27
-74
101
138
-138
0
0
0
1
207
-26
-181
1
0
0
0
0
-169
169
0
0
0
1
0
0
0
0
-27
27
-197
197
0
1
0
0
0
-145
145
-77
77
-44
44
0
0
0
0
0
1
0
0
0
0
1
0
0
0
0
0
0
146
-146
0
0
0
0
187
-187
0
-171
171
-171
134
99
98
-160
1
-11
11
0
0
0
0
-85
86
1
0
0
0
0
168
-168
-86
86
0
0
0
1
-181
181
-118
118
0
0
147
-147
0
0
0
-68
68
0
0
0
0
1
0
1
146
-145
181
-181
0
123
-123
0
0
0
-137
137
0
38
-114
76
0
-135
315
-180
0
0
0
-8
8
0
0
0
0
1
0
0
0
1
153
-146
-7
0
0
73
-149
76
0
0
96
-95
0
0
0
-340
340
0
1
0
-156
156
1
0
0
132
-132
0
0
-117
117
0
0
0
1
0
0
159
-159
-85
224
-138
0
0
-201
201
0
0
0
86
-86
1
92
-92
-202
202
0
0
1
0
0
0
0
-126
126
-210
210
0
0
0
0
0
96
-96
0
0
101
-101
55
-55
0
0
0
0
0
44
-44
0
-78
78
-51
52
0
0
-77
77
0
1
24
125
-149
0
0
0
64
97
-161
0
-79
157
-78
0
121
-119
0
-92
240
-148
0
0
0
-84
84
0
0
-201
201
0
0
0
128
-36
-142
50
196
-195
-193
193
0
0
0
0
0
-130
130
0
1
114
-114
0
0
0
0
202
-202
9
-9
1
150
-150
0
0
0
0
0
0
-34
42
-6
0
135
-9
-15
-111
0
62
-62
0
-80
80
0
0
58
-1
-57
0
0
1
-37
37
0
0
-125
286
-161
149
-157
8
0
0
0
0
83
-83
70
-70
0
0
1
0
0
0
99
-99
0
0
0
0
0
-123
123
86
-86
0
0
1
0
0
0
0
-185
186
0
0
0
0
0
0
-11
11
0
0
0
-82
83
0
0
167
-167
85
-85
66
-72
6
-205
205
3
-3
199
-199
0
0
0
0
-135
136
0
0
0
0
1
0
0
0
0
1
0
-63
171
-108
0
0
-53
53
0
154
-154
0
1
0
0
0
0
0
-159
159
0
0
1
1
1
1
0
0
0
0
0
0
0
0
0
0
-49
49
-172
172
0
0
0
-59
59
1
0
0
0
1
0
29
-29
-196
105
91
0
-229
229
0
1
0
0
0
0
0
1
-116
116
0
0
0
0
0
0
0
0
0
0
0
-80
-55
-1
136
191
-191
0
0
0
152
-152
1
0
0
0
-133
133
0
0
1
69
-68
0
0
177
-177
0
0
60
-59
0
0
0
0
0
1
0
0
0
0
0
0
0
0
0
0
-206
206
180
-180
0
1
0
0
0
0
0
-174
174
0
1
1
0
0
0
0
0
1
0
0
0
-111
111
0
0
0
0
1
0
-5
5
0
0
0
0
0
0
-186
186
1
0
0
0
0
74
-74
0
-190
190
172
-307
135
1
0
0
1
0
-12
12
0
-348
348
0
-142
209
-67
96
-96
0
-13
13
0
1
0
0
0
0
0
0
0
0
71
-71
0
0
0
0
-115
115
1
0
0
0
0
1
94
-94
0
196
-196
0
0
0
0
-48
29
19
0
0
0
0
0
1
0
0
0
0
116
-116
56
-56
0
0
116
-116
51
-51
-162
68
94
0
8
-8
0
0
108
-108
0
0
0
1
0
0
0
0
0
105
-105
0
0
0
156
-156
1
0
-169
170
-238
238
-126
126
0
2
0
0
-137
137
0
0
1
0
-154
154
0
0
97
-97
1
0
0
-22
22
0
0
-112
112
-118
-52
170
0
1
0
0
98
48
-146
0
-113
113
1
1
0
0
0
0
0
0
117
-23
-94
1
0
0
0
0
0
0
1
0
0
0
1
0
-106
106
0
1
-8
8
0
-151
174
-23
114
-267
153
0
0
0
0
194
-194
0
181
-181
0
0
1
0
0
0
0
0
1
0
-93
93
-61
61
0
0
-112
-41
153
0
0
-139
139
0
0
1
1
-74
74
164
-164
0
0
0
0
-73
73
0
0
0
0
0
0
-172
172
0
0
0
0
0
1
0
180
-180
0
71
-70
-161
161
0
0
0
-32
105
-72
0
0
1
126
-125
-24
24
0
0
0
14
-14
0
69
130
-265
66
0
72
-72
0
0
1
0
0
0
0
0
0
0
0
109
-109
157
-157
1
1
0
0
0
0
0
0
1
0
0
0
0
0
0
0
0
0
0
0
-77
78
0
0
-18
173
-155
39
-39
58
6
-19
-44
-202
247
62
-106
1
0
0
0
-127
127
187
-187
0
-168
111
57
0
0
0
0
-161
162
63
-334
271
-178
369
-191
0
0
1
0
-206
206
0
0
0
-116
116
0
1
0
0
11
-11
0
0
0
0
1
0
0
176
-176
0
0
140
-140
0
0
0
0
1
1
0
0
35
-35
0
0
0
64
-64
1
0
1
108
-108
0
0
0
0
0
0
-48
-75
123
127
-127
70
-70
0
0
0
0
1
1
0
0
0
0
-203
203
0
0
0
0
-36
36
-49
49
-82
-2
84
0
0
0
0
0
163
-163
-154
154
75
-129
56
0
0
0
-22
22
1
1
47
-47
0
-11
11
0
0
0
0
0
0
0
1
33
-33
0
-190
190
0
0
0
0
0
0
0
1
0
0
0
1
-126
126
0
0
0
0
0
0
0
0
0
0
1
0
1
-167
224
-57
0
0
0
0
0
1
144
-201
57
0
69
-197
128
0
0
165
-165
0
0
0
0
1
1
-126
126
0
121
-121
0
0
0
0
27
-26
0
0
0
0
0
0
-97
-17
114
0
1
0
1
0
-182
287
-105
0
0
0
1
0
0
-74
75
0
0
0
-137
137
0
0
86
-85
1
0
0
1
0
64
-64
132
-132
0
0
0
0
0
0
0
0
0
55
-55
-170
309
-139
0
0
0
0
0
1
0
1
0
0
1
0
0
0
0
1
0
88
-88
0
0
0
-163
163
0
1
0
-208
209
0
0
-201
201
-144
144
0
0
0
28
-3
-25
0
0
0
0
-204
204
1
0
0
0
0
1
0
0
0
0
0
0
0
12
-12
0
0
-193
193
0
0
0
0
0
0
0
40
-106
66
0
0
0
0
127
-127
-109
109
0
1
0
0
0
0
-202
202
0
1
24
-24
34
-34
0
0
0
-177
177
9
-9
0
1
0
0
0
39
-39
96
-96
0
0
0
-190
190
0
0
85
-85
1
0
0
0
-132
96
36
0
114
-114
0
0
-162
163
113
-113
0
-161
161
0
0
0
32
-32
0
0
0
97
-96
-19
19
0
0
0
0
0
0
0
1
1
0
-115
115
0
-120
120
-8
8
-72
72
0
0
1
0
50
-49
100
-100
0
0
0
0
-144
104
40
-100
100
0
0
1
76
-76
-29
29
73
-73
0
0
0
0
0
0
-189
254
-65
0
0
0
0
0
0
0
0
0
0
1
45
-45
0
0
0
30
-30
0
0
92
-92
0
0
0
0
0
1
-206
206
0
0
0
0
0
21
-21
0
0
0
0
46
-46
1
25
-25
0
0
0
0
0
0
0
0
0
0
0
0
0
0
0
32
-32
1
0
0
0
142
-142
1
123
-123
0
0
0
0
1
0
0
0
0
0
93
-132
39
1
0
0
-91
91
1
0
0
0
0
0
0
0
0
0
-190
193
-177
177
0
0
0
0
0
102
-102
0
59
-59
0
0
0
1
0
0
0
51
-51
0
-80
80
0
0
0
0
-80
49
31
-15
-330
346
0
0
0
0
0
123
-123
0
0
0
1
0
0
0
0
1
109
-109
-45
45
0
-15
15
0
-155
155
0
54
-53
0
0
1
0
0
0
1
0
0
0
0
0
0
-139
139
0
-216
216
1
1
0
-134
135
0
0
0
0
0
0
59
-59
76
-76
1
0
0
121
-121
1
0
0
87
-87
0
0
0
0
0
-32
32
0
1
-1
0
-32
32
0
0
0
-89
90
0
0
0
0
0
-76
76
0
45
-45
0
0
-210
210
0
0
0
0
0
0
0
1
0
68
-68
0
0
0
97
-97
1
0
0
69
-69
0
-193
193
0
0
0
0
0
-148
149
0
0
0
0
0
0
0
-159
159
0
9
-8
0
0
0
0
0
0
0
0
-173
173
0
0
0
-98
169
-71
0
1
0
0
-6
16
-10
0
0
0
0
0
1
0
0
0
0
0
0
0
0
0
0
-157
157
33
-33
91
-91
1
0
0
0
0
0
0
-34
-59
93
0
0
0
0
0
0
0
67
-67
0
1
0
59
-59
0
0
0
0
0
1
-62
62
0
0
0
-169
170
0
-12
12
0
-39
40
1
0
0
-25
25
0
0
0
0
0
0
-15
15
0
-12
12
0
0
1
0
0
0
0
0
0
0
0
0
0
0
1
0
-70
70
0
0
0
1
0
0
0
0
-86
86
0
0
0
0
0
0
0
0
0
0
0
0
0
0
62
-62
1
0
0
0
0
0
0
82
-82
0
0
0
0
1
0
0
0
0
0
0
0
0
0
0
0
0
-173
163
10
0
0
-108
109
0
0
0
0
0
0
0
1
1
0
0
0
-33
33
0
-176
176
0
1
0
0
-52
52
0
0
0
0
-173
174
0
0
-10
10
1
0
0
0
0
1
88
-88
-27
6
21
51
-51
0
-194
194
0
0
0
0
0
1
70
-70
0
0
0
0
0
0
1
1
1
0
0
0
-49
49
0
0
0
1
0
-130
113
17
0
0
-185
186
0
0
0
1
-134
134
0
0
0
0
0
0
-121
121
-64
45
19
0
72
-72
0
1
-75
75
0
0
0
1
0
0
0
0
1
-64
64
-30
30
0
0
0
0
1
0
0
1
0
1
0
-153
80
113
-40
0
-68
69
0
0
0
0
-138
138
0
0
0
1
0
0
0
0
0
50
-50
0
-149
149
0
0
1
0
0
0
0
0
0
-91
91
0
0
0
0
0
0
0
0
0
0
0
0
-144
144
-11
11
0
0
0
-67
67
0
1
0
0
0
0
0
0
1
2
0
-192
192
0
0
0
0
-62
62
0
0
1
38
-38
0
0
0
0
0
0
0
2
-2
0
1
0
0
-251
294
-43
1
0
0
0
0
0
1
0
0
0
74
-82
60
-52
0
0
1
-155
155
0
0
0
0
0
-21
21
22
-22
0
0
0
0
0
-65
65
0
0
1
46
-190
144
0
0
0
0
0
0
-170
159
11
0
0
1
4
-90
86
0
1
0
0
0
0
1
0
0
0
0
0
0
0
0
0
-133
-36
169
-90
90
0
0
0
-143
34
109
0
0
0
0
0
0
0
1
0
0
0
-89
89
0
0
0
22
-22
0
66
-66
0
0
0
0
0
0
1
0
0
0
0
0
0
0
0
0
0
0
0
0
0
0
0
-120
120
0
1
-355
253
102
0
-24
-178
202
0
0
0
1
0
0
0
36
-36
0
0
0
-54
54
0
0
1
1
0
0
0
0
-59
59
0
0
0
0
0
0
0
0
-152
152
1
0
0
0
0
0
0
0
0
1
0
0
0
-104
-93
197
0
-261
262
-155
155
0
0
0
0
0
0
0
0
0
-105
105
1
1
0
0
0
0
0
-63
64
0
0
1
-135
135
0
0
0
16
30
-46
-84
84
0
0
33
-32
0
0
0
0
1
-126
-23
149
0
-138
138
0
-36
36
-305
157
148
0
0
0
0
0
0
1
0
0
0
0
0
0
0
0
0
0
1
0
0
0
0
0
0
-100
18
82
0
-65
66
0
0
0
0
-193
193
0
0
0
0
0
0
0
1
0
0
0
1
-191
191
0
-177
108
69
0
0
0
1
0
0
0
-63
-108
172
0
0
0
0
0
0
0
0
0
0
0
0
43
-43
1
0
0
0
0
0
0
0
0
15
-86
-86
157
-8
8
0
0
1
0
0
-169
169
0
0
-180
180
0
0
0
0
0
0
1
-141
141
0
0
0
0
0
1
0
1
1
33
-32
0
0
0
0
0
-172
172
11
-11
0
0
-67
67
0
1
-45
45
0
0
0
0
0
0
0
-95
95
0
0
0
0
0
0
0
0
0
0
0
-246
246
0
0
0
0
0
0
1
1
1
0
0
19
-19
0
0
0
0
1
0
0
0
0
0
0
0
0
0
0
0
1
0
0
0
0
0
0
0
0
0
-91
91
0
0
3
-2
0
0
0
0
0
0
0
0
0
0
0
1
0
0
1
0
0
1
-188
188
0
0
0
0
0
0
-126
126
-86
86
0
0
1
0
0
0
0
0
0
0
-176
176
0
1
0
0
-39
39
0
0
0
0
0
0
0
0
-35
35
0
0
0
-129
129
0
0
0
0
16
-16
0
0
0
0
1
0
0
0
0
0
0
0
0
0
0
0
0
-164
164
0
0
-148
148
0
-150
150
1
0
0
0
0
0
0
0
0
0
0
0
0
-94
94
0
0
0
0
-25
25
1
-140
140
0
0
0
1
0
0
0
0
0
0
0
0
0
-368
369
0
0
0
0
0
1
0
0
0
0
0
0
0
0
0
0
0
0
0
0
0
0
1
0
0
0
0
-130
130
0
-93
85
-117
118
8
0
0
0
1
-89
89
0
0
0
0
0
0
0
0
1
0
0
0
0
0
15
-7
-8
0
0
0
0
0
0
0
0
1
-77
77
0
0
0
0
0
1
0
0
0
0
1
0
0
0
0
0
0
0
0
1
0
0
0
1
0
0
0
0
0
0
1
-2
2
0
0
0
0
-149
149
0
0
0
0
0
0
0
0
0
1
1
0
0
0
0
-65
15
50
0
0
0
1
-30
30
0
0
0
0
1
0
0
0
0
0
0
0
0
-120
120
1
0
1
0
0
0
-187
188
0
0
0
0
0
1
0
0
0
0
0
0
0
-111
111
0
-39
-159
198
0
0
-152
152
0
0
1
0
0
0
0
0
0
0
0
0
0
0
0
0
0
0
0
1
0
0
0
0
0
0
0
0
-16
16
0
-137
-8
145
0
0
1
0
0
0
1
0
0
0
-125
125
-149
0
124
16
-54
-41
-5
56
-59
45
-88
-2
139
-105
53
31
30
-23
1
1
30
-2
-103
-20
98
-83
108
-50
20
-82
96
-17
4
21
-97
53
-18
53
11
-21
-68
15
-46
116
-33
0
45
-125
86
4
-32
-52
-46
72
-5
71
9
-97
7
-2
43
7
21
-16
-50
92
-33
-28
46
-19
-84
-3
69
55
-105
-33
25
49
-1
35
-79
119
-89
-34
40
32
-70
-8
89
-22
60
-64
61
-58
35
-219
15
181
11
-106
146
