71
307
72
-413
107
228
-261
201
-177
-101
83
221
-238
240
-91
73
-84
101
-265
-41
66
221
-276
-37
279
43
-209
194
-196
205
-182
-140
287
-270
465
-268
-154
-38
-8
137
135
9
-57
-147
-24
303
-345
2
210
-200
254
40
-129
-86
-111
37
132
137
-68
-233
59
48
38
-46
-28
-81
149
201
-308
221
159
-248
-48
25
-115
69
375
-440
153
-140
84
-14
-116
65
193
-64
-194
156
-42
30
-103
174
-109
33
-117
43
60
96
-99
-10
8
-67
-35
-26
71
251
-151
-59
145
-123
-18
-109
127
-71
-24
338
-257
354
43
-324
-119
-13
121
-79
-80
283
-198
-28
519
-518
234
-42
-269
216
-16
38
-181
236
-190
270
-40
-145
42
-213
-6
38
0
132
-182
83
186
-44
-29
96
-64
-179
10
228
-238
265
-86
-88
-6
-21
290
-344
264
-265
384
-235
-178
-23
375
-177
-155
240
-192
102
51
-44
-157
-16
222
-251
289
-89
-112
23
154
-243
267
-155
-111
57
137
-215
114
215
-129
0
-101
43
-4
24
-55
-38
78
41
99
-226
191
27
26
-213
-70
263
-100
222
-255
-142
122
-86
241
-87
-151
143
-182
160
-154
16
108
-130
54
85
41
-13
-91
-17
74
-36
-72
-25
130
46
-37
31
-113
-53
128
-40
86
-128
570
-545
-23
55
-16
16
-107
487
-469
391
-405
25
246
-75
-146
203
6
-172
44
-88
17
-52
-5
226
152
-343
113
-37
-136
66
227
-265
427
-235
-7
144
-171
-135
36
270
-240
-4
220
-261
54
77
197
-346
63
26
7
194
-6
-133
-87
-34
52
-107
-20
242
266
-463
613
-529
-7
60
-70
160
-238
226
-263
260
-235
225
-203
211
246
-196
-247
-62
290
-193
49
66
-98
179
12
-16
-135
395
-478
-47
126
-129
211
104
-160
7
41
-121
32
-70
99
-159
193
-165
92
45
-125
-32
412
-300
252
-153
-31
-16
131
28
-319
97
38
-90
-42
102
-53
-43
180
-13
-73
-58
198
-175
69
35
-95
-13
179
-232
-23
59
122
-164
81
17
552
-461
-194
113
61
-122
286
-200
36
77
-204
-36
102
-112
315
-69
-180
-75
15
-27
218
-128
-39
285
-127
-142
7
122
-156
-42
96
55
-92
-17
22
82
-68
188
-79
-157
64
52
238
-288
-76
93
29
246
-335
64
-118
0
221
-221
460
-460
737
-737
218
-218
0
1
0
0
0
0
0
0
0
200
-200
0
206
-206
0
1
0
0
30
590
-619
0
164
-164
1
0
0
1
0
-3
4
0
0
0
0
0
0
56
121
-177
0
188
166
-354
0
0
0
1
327
-327
0
0
0
0
0
0
1
0
0
0
0
120
-120
1
0
0
0
0
1
0
171
-170
0
270
-270
0
82
-82
0
0
124
-124
0
0
0
0
247
-246
256
-255
0
0
0
239
-239
0
0
0
1
0
0
388
-332
-55
0
222
157
-137
-241
0
0
0
0
-7
7
0
-16
16
0
419
-418
0
109
-109
0
37
-36
0
0
0
0
0
0
0
0
165
-164
0
290
-290
441
-441
0
142
-142
0
0
0
0
0
0
1
0
0
0
0
28
-28
0
0
1
1
0
0
1
0
303
-303
90
-90
1
0
0
0
0
0
0
235
-233
0
0
0
0
0
0
0
306
-306
0
171
-18
-153
0
0
0
0
0
0
0
0
415
-415
0
35
-34
0
0
0
0
0
0
64
175
-239
0
0
200
-198
0
0
298
-298
1
0
60
-60
1
365
-365
0
80
-80
729
-729
0
0
0
0
36
-36
0
79
352
-431
0
396
-396
0
1
0
0
0
0
0
691
-691
0
0
350
-242
-108
0
155
-155
0
0
1
0
234
-234
0
0
0
0
1
0
0
0
0
82
-82
0
0
0
0
0
0
0
0
0
0
0
1
0
416
-236
-180
0
1
0
0
0
1
0
0
0
280
-280
0
0
0
0
0
0
67
-67
0
1
0
0
0
0
10
-9
65
-65
0
0
0
0
0
415
-415
-31
33
1
1
0
0
407
-407
0
0
0
0
0
0
0
0
0
86
-86
0
0
242
-242
0
419
-418
0
274
-274
376
-375
0
0
0
0
0
0
2
169
-168
0
0
0
0
0
0
626
-626
209
-209
0
0
1
96
-96
0
0
162
-162
100
-100
0
0
373
-395
23
0
0
0
258
-258
0
0
0
0
67
64
-131
1
0
0
0
0
377
-377
153
-152
0
288
-288
0
85
-85
0
0
57
-57
0
0
0
0
1
0
0
0
103
215
-318
1
0
45
-45
0
0
0
56
-56
0
0
310
-310
0
57
40
-97
0
0
-24
24
0
0
0
1
0
0
386
-386
0
-37
37
0
0
0
254
-252
0
389
-389
0
0
1
209
-209
45
-45
1
0
0
0
1
352
-376
24
0
0
1
0
-42
42
0
295
-295
0
0
0
128
51
-185
7
0
308
-252
145
-201
0
0
0
0
0
0
624
-624
0
0
-42
42
0
1
0
648
-648
0
0
0
167
-167
401
-400
1
0
0
368
-368
0
0
1
339
-320
-53
34
10
-9
-33
33
0
0
231
-170
-61
0
0
245
-245
1
0
0
0
0
0
0
0
0
0
0
0
0
165
-164
0
0
0
0
1
-41
41
123
-123
0
0
0
187
-187
0
0
1
59
251
-310
0
0
0
402
-402
0
0
398
-409
11
0
294
-294
29
-28
363
-30
-365
32
0
0
122
105
-226
406
13
-419
131
224
-355
0
237
-237
0
0
1
0
0
0
0
0
-14
15
0
0
0
0
1
-1
226
-226
0
1
0
0
0
246
108
-24
-330
0
0
288
-193
-95
1
0
346
-346
234
-161
-73
0
0
-39
339
-300
0
0
0
1
0
0
0
198
-198
0
67
-67
172
-172
1
0
0
0
0
0
0
0
0
0
0
-8
8
0
1
1
0
70
-69
341
-341
0
0
3
117
-117
0
0
33
-33
0
224
-224
309
-309
0
0
0
-54
55
115
-115
0
0
0
0
0
0
48
-47
0
613
-613
24
-24
0
0
0
-68
357
-289
0
1
0
0
206
-206
0
0
191
-191
1
129
-129
1
0
0
0
0
0
-57
57
0
0
0
140
-140
316
-315
0
417
-417
-64
271
-272
65
23
-22
0
327
-327
0
0
423
-422
54
-54
0
2
0
253
-253
0
0
1
0
1
0
0
-94
94
-38
38
0
0
0
0
0
0
1
104
390
-494
321
-321
159
-159
0
0
1
0
-69
69
0
0
0
0
432
-432
0
0
0
446
-474
354
-326
0
0
0
283
-282
361
-361
0
0
0
0
1
-35
35
542
-542
0
1
0
0
0
14
-14
211
-211
0
0
0
275
-275
1
0
0
0
0
0
1
0
0
0
11
-11
-88
313
-61
-164
258
-258
0
-72
72
1
-69
69
0
1
0
-63
63
0
0
0
1
0
-29
29
0
1
0
73
-73
0
0
273
-273
12
378
-390
0
-30
277
-246
0
0
0
0
73
-73
0
367
-367
6
-5
0
0
93
-62
-31
-85
85
-11
12
0
0
0
0
0
0
0
0
0
7
372
-379
0
0
0
0
0
0
408
-408
503
-347
-43
-165
52
0
206
-205
-51
362
-311
0
0
194
-94
-100
0
0
373
-373
0
0
0
0
2
0
369
-369
0
0
-99
100
0
0
0
402
-54
-348
0
83
-83
89
124
-73
226
-366
262
51
-313
0
0
67
-67
0
0
1
0
0
0
0
0
0
219
118
-337
0
142
-142
0
1
250
-250
0
0
0
58
-58
55
-55
0
1
0
0
0
0
0
0
234
-234
0
0
120
-120
0
-10
394
-384
0
0
0
1
281
-100
-181
305
-172
-132
0
0
0
0
419
-419
0
0
0
-9
9
0
0
0
0
0
322
-232
-49
-41
0
265
-250
-15
0
0
1
0
183
-113
-70
1
0
0
-114
114
0
51
-50
0
0
1
27
-27
0
0
1
0
351
-351
0
0
0
-92
117
-25
0
85
-58
-26
0
0
0
0
-23
23
146
-145
1
0
0
0
0
-77
77
0
0
0
0
-66
66
332
-434
319
-217
1
-3
95
-92
0
0
0
0
0
0
1
0
0
326
-326
0
357
-357
0
0
0
0
1
0
-105
13
62
175
-145
0
0
0
0
0
0
171
-29
-142
0
0
0
1
180
-180
0
65
-65
1
143
-143
525
-525
201
-201
352
-352
0
1
0
0
70
-70
0
0
0
0
0
0
237
-237
2
-1
0
-4
4
-63
63
296
-295
0
534
-534
44
-44
0
0
-21
243
46
-268
0
-1
1
1
0
0
0
0
0
0
0
0
-15
16
0
0
119
-119
0
0
0
404
-409
5
0
0
1
0
0
0
233
-97
-136
-123
369
-246
0
0
0
-93
93
256
-256
1
0
0
0
1
0
0
0
0
0
0
0
0
273
-273
0
0
0
-8
8
-64
64
0
0
0
417
-417
0
0
30
-30
201
111
-312
351
-274
-77
1
0
0
1
0
0
3
-120
121
0
0
0
-103
103
105
303
-408
38
-38
0
330
-330
394
-394
0
0
-75
84
-9
0
-110
110
-37
37
1
0
0
0
1
0
0
0
0
0
0
1
0
0
0
0
0
294
-294
0
213
-213
0
381
-381
0
0
0
1
0
0
0
551
-551
0
220
-188
-32
0
0
38
-38
435
-435
-151
151
661
-661
0
0
0
0
0
0
434
-384
-50
0
0
-34
34
0
1
2
0
0
302
-302
0
0
0
0
0
1
0
-93
93
0
107
-107
1
-54
54
0
0
215
-215
-89
89
0
0
69
151
-9
-211
0
0
0
427
-427
312
81
-393
1
166
-166
0
0
0
0
1
0
0
0
1
0
218
-218
0
0
1
0
423
-423
0
0
0
0
-23
23
1
98
-98
-43
43
0
0
0
147
-146
1
377
-375
404
-455
257
-206
141
-141
0
0
9
-9
0
1
0
201
-200
0
159
-159
309
-309
0
0
237
153
-390
0
0
248
-248
0
0
0
1
1
0
1
0
-75
75
1
0
-104
104
0
0
393
-393
0
0
0
0
0
0
0
429
-429
242
-241
-75
75
0
0
0
-101
101
-140
140
107
-107
444
-444
0
0
0
-6
7
0
0
0
211
161
-372
398
-81
-317
0
1
0
0
0
-45
46
-38
122
-84
0
0
134
-134
1
0
372
-372
0
-133
134
1
1
281
-280
486
-485
-96
96
0
0
0
0
0
22
88
46
148
-304
0
0
0
0
40
-39
0
0
0
0
0
0
0
-156
156
1
235
-350
115
145
-145
0
0
0
-161
161
84
271
62
-417
134
-134
74
-74
-83
83
578
-578
294
-294
253
-252
51
152
-203
-95
96
153
213
-182
-335
652
-501
0
4
-4
1
0
186
-71
280
-395
226
-226
0
0
1
0
152
-152
0
1
0
0
146
-146
278
64
-341
439
-439
0
0
0
-176
35
141
0
1
1
-88
88
63
-17
-46
-16
16
0
0
296
-296
260
-293
33
0
-113
114
0
0
0
0
0
359
-223
-136
1
0
454
-454
0
235
-235
-59
59
0
125
-158
33
-20
258
-59
-178
0
0
0
0
0
296
-296
1
0
275
-416
533
-234
-158
432
-146
164
-450
1
0
0
1
-66
66
434
-592
87
-118
218
-29
374
-374
0
0
0
0
0
0
0
0
374
-388
14
0
0
0
87
-87
0
-14
14
0
0
1
-75
75
0
0
1
0
0
0
-81
81
0
0
1
164
-139
-25
-145
106
39
0
0
1
0
0
-90
176
-86
122
-65
-56
0
-30
30
0
-184
547
-72
-30
-241
-20
0
0
0
0
1
0
-42
42
383
-383
0
-186
187
0
0
0
-170
170
-46
46
0
147
-147
0
126
-126
-80
193
-113
0
0
0
159
-158
0
-2
335
-450
118
137
-137
0
449
-449
1
0
299
69
-368
249
-128
-121
0
108
-108
1
114
-113
0
-178
178
6
-6
0
0
0
242
-241
0
-169
44
125
0
0
108
-108
0
0
0
0
0
104
-104
0
0
1
132
-132
0
0
426
-633
208
0
0
0
0
0
0
0
270
-270
-147
149
0
0
81
-65
321
67
-126
-156
-122
0
1
0
0
0
0
0
0
0
0
432
-432
0
0
0
263
-263
86
-86
416
-416
0
0
1
424
-424
1
0
0
0
-99
100
0
265
-265
358
-358
176
-175
0
233
-233
0
19
570
-589
25
-14
-11
369
-369
-66
68
0
0
0
226
184
-480
192
-122
320
-36
-284
156
-156
71
-71
-102
182
-80
180
-180
1
0
355
-355
0
-81
81
0
0
0
-113
114
-95
95
0
1
407
-407
0
0
1
0
0
0
267
-267
-193
102
91
0
0
243
-288
45
307
-306
363
36
-180
-219
0
0
0
0
325
-325
426
-426
1
0
1
192
-192
1
0
50
-50
0
0
79
-78
245
-245
0
0
0
0
-126
126
0
351
-195
-156
-181
181
0
0
428
-388
-40
0
0
366
-366
0
0
0
0
1
443
-443
300
-300
258
113
-371
0
0
256
-256
0
0
0
-225
225
1
191
-191
0
1
0
0
0
228
-428
142
503
-579
-72
207
130
-130
0
0
0
0
0
254
-254
0
0
0
0
2
1
0
-235
139
96
0
231
-321
-120
211
0
0
0
371
-371
-123
123
-171
171
0
0
0
0
0
0
1
29
276
-305
0
-220
221
-226
226
0
0
1
1
0
349
-349
-60
60
0
0
0
0
-85
85
0
191
-189
0
-62
62
0
0
0
2
0
0
230
69
-299
-131
131
-67
120
-53
0
0
-99
99
0
-24
242
-152
-66
12
-11
-193
631
-438
348
-488
140
0
0
381
-381
0
0
124
-124
0
0
1
0
0
1
0
0
-11
-206
217
-58
58
32
-30
-156
156
-208
209
36
427
-463
0
0
-10
113
-103
0
306
-305
0
374
-374
-115
115
1
-188
51
488
-283
-68
0
196
-194
1
0
0
0
0
0
0
0
0
329
-329
-61
61
-153
51
150
-48
9
-9
-143
143
0
0
249
-450
313
-111
0
118
-118
0
-168
-41
209
-222
222
0
451
-451
0
0
0
15
-15
1
0
0
0
1
0
0
1
0
1
0
0
452
-452
1
447
-445
0
0
0
-80
80
1
501
-681
180
404
-404
0
0
0
0
365
-364
-199
199
252
-57
-195
1
-1
0
0
73
-138
65
0
381
-381
0
1
228
89
-317
0
0
0
0
55
-55
0
253
-253
0
0
1
0
93
44
-137
1
0
0
0
0
0
384
-384
0
-132
376
-137
286
-393
0
172
-172
0
159
-159
0
1
-156
157
0
146
-15
-131
0
0
-71
71
0
0
1
353
-353
0
0
0
0
1
186
-293
173
313
49
-428
2
0
0
-247
360
-355
242
107
-33
178
-252
345
-345
1
-205
206
1
-96
96
0
-53
53
0
1
1
-23
23
0
0
0
0
0
0
-238
238
0
286
-286
0
382
-382
0
1
0
0
0
0
372
-372
0
127
-127
0
0
0
387
-387
0
35
-35
0
120
-120
-215
216
118
-14
187
-291
351
-95
-255
0
0
292
-292
-73
73
0
0
1
0
0
2
-255
255
451
-451
0
0
338
-338
0
-14
129
-115
0
1
0
359
-33
-326
0
-81
-199
280
1
2
0
430
-293
-137
1
0
0
-48
48
-132
267
-135
80
-80
0
-263
193
71
0
1
156
-239
83
0
0
172
88
-3
-257
0
0
301
-301
0
13
274
-286
0
0
0
0
1
13
-13
0
0
0
0
-166
166
218
-218
0
0
0
448
-448
107
-106
1
338
-338
191
-190
0
355
-355
0
0
0
0
0
1
0
0
255
-294
39
0
-46
462
-36
-380
1
380
-380
0
0
-131
131
0
0
-171
454
-253
-29
0
70
-70
0
0
0
-174
174
0
0
0
196
-196
0
1
204
-400
197
0
71
320
-682
244
47
0
347
68
-415
0
0
290
-174
-116
0
2
122
249
-455
84
0
0
0
-186
186
-68
69
372
-372
284
-284
0
0
65
-65
122
-122
0
0
62
200
-508
247
0
0
419
-419
23
-23
0
1
210
-493
325
-42
0
0
0
0
240
-238
0
92
302
-634
240
-191
191
0
195
-480
286
-93
93
0
0
0
279
-279
149
-149
0
0
0
0
0
0
161
-161
-192
313
-16
-105
0
2
0
331
-331
0
29
-188
159
0
0
0
0
0
0
0
0
0
396
-629
234
0
0
257
-257
154
-154
0
0
404
-404
0
0
-198
581
-382
298
-453
155
-1
1
0
126
-126
0
0
1
0
0
0
420
-420
0
0
0
0
0
156
-156
1
257
-257
0
0
0
0
1
3
-259
259
0
226
-58
79
-247
55
-55
-180
132
-162
211
104
176
-280
343
78
-421
0
-208
-106
233
81
0
0
0
357
-357
0
0
0
0
0
-225
225
0
0
1
-227
227
0
-248
248
-227
376
-149
0
323
-322
1
0
0
56
-56
-86
247
-161
0
0
1
399
-399
0
0
0
1
0
0
0
0
0
-301
301
0
0
44
-44
249
-249
1
0
0
0
0
456
-456
-91
91
1
0
0
0
0
133
86
-10
-209
0
1
225
-225
0
86
-86
0
-312
313
0
1
335
-527
193
0
0
-161
161
-6
6
0
0
-291
291
-280
438
148
-306
0
0
1
0
0
0
-251
251
116
-116
1
0
10
-10
82
-122
-270
310
0
0
0
1
0
0
368
-652
284
0
0
0
0
33
-227
-13
226
-18
0
228
-490
226
36
329
-578
86
163
0
-210
137
73
0
0
0
0
-311
311
0
0
-141
234
-92
0
0
398
-398
0
-129
129
0
0
0
-10
10
0
0
0
0
0
0
0
0
213
-213
416
-416
-108
108
203
-35
-168
0
0
366
-366
42
331
-372
0
0
0
0
0
0
-129
129
116
-116
0
260
-260
0
1
0
0
0
333
-668
336
-257
257
387
-387
0
346
-346
0
1
0
202
-18
206
-663
393
-120
322
-49
-538
265
0
0
-36
161
-432
702
-319
-73
0
0
0
193
-258
65
0
0
0
-152
152
0
0
1
1
-9
9
341
-226
-115
37
-37
222
-222
0
0
1
47
-47
0
0
51
-50
0
0
171
-171
324
-324
415
-414
-56
56
0
0
-154
63
154
78
-141
1
0
-322
322
0
73
-133
60
0
0
0
0
1
0
0
0
-132
132
1
1
418
-418
137
-137
0
0
-294
294
1
276
-223
-202
149
0
0
0
0
-71
327
-256
1
-1
1
-309
309
0
0
-212
380
-168
-206
206
1
-230
230
287
2
-262
-27
108
-109
1
-148
492
-344
1
-189
190
0
0
-31
-107
121
18
0
348
-348
0
-244
244
-158
158
0
339
-339
0
-8
9
180
-180
0
0
195
-195
0
1
0
-132
447
-579
586
-322
107
161
-268
1
0
0
0
0
1
0
0
0
1
1
139
80
-219
0
0
0
1
1
0
0
0
0
1
0
0
-366
449
-83
0
0
-201
201
1
0
0
0
272
-272
0
210
-210
-124
124
0
0
1
273
-606
191
142
180
-318
138
0
-31
31
0
0
0
-346
346
-283
284
217
-216
5
-3
-65
65
0
0
0
-37
37
0
0
-350
695
75
-128
-36
-256
0
0
20
256
-275
-346
346
-147
147
0
-159
-57
216
-135
90
45
332
-332
-298
82
216
350
-350
0
0
-259
259
405
-405
0
-316
109
207
0
1
0
1
0
0
36
58
-94
149
-149
0
0
0
290
-637
371
-189
278
-113
1
-208
282
-73
433
-437
302
-298
0
0
-121
121
138
-138
0
276
-275
0
-244
244
0
0
1
0
0
0
0
2
0
0
406
-406
0
0
-154
98
56
267
-267
0
1
0
0
0
-132
278
-145
-134
553
-655
237
1
0
150
-478
330
-357
358
1
0
0
0
0
0
-251
-126
269
109
359
-131
-144
108
-191
0
192
-192
-387
46
61
280
1
-358
269
89
0
0
0
0
121
-121
0
172
-172
-353
353
0
-17
17
0
0
397
-396
-395
396
343
-3
-340
-179
179
0
0
1
0
0
0
-272
272
1
0
0
-374
374
209
-530
306
15
0
-302
302
383
-383
1
-28
102
-74
-326
326
0
99
90
-189
0
415
-415
0
0
0
0
0
-300
300
0
0
0
353
-353
313
-633
320
0
373
-372
0
-121
-115
236
1
78
216
-294
0
1
0
0
70
-70
1
0
0
0
1
158
-158
102
133
-103
-537
405
0
19
-19
396
-319
-76
1
1
0
0
0
0
0
-106
107
1
0
0
0
0
120
-120
-11
300
-289
1
0
0
404
-404
0
328
-322
-6
160
-63
-484
774
-224
-163
-83
83
-80
80
0
0
-298
299
0
0
0
0
173
-168
101
-27
-466
729
-341
79
-365
286
200
-200
-102
220
-118
1
138
-222
-74
158
0
0
0
0
0
0
370
-370
0
0
0
0
0
-311
710
-398
132
-132
0
0
0
-101
101
0
0
0
1
218
-405
187
-355
707
-352
106
-106
0
-384
557
-172
52
-52
0
0
0
0
0
0
0
0
-290
607
-224
-91
0
0
1
-37
37
-394
394
176
-176
0
-234
234
1
0
0
0
0
1
-1
0
0
95
-95
-283
283
1
0
45
-45
106
-106
0
0
0
0
0
0
1
0
0
0
322
-322
328
-327
0
0
251
-251
0
0
349
-289
312
-550
178
-308
308
1
359
-170
-189
0
0
-407
407
0
0
0
1
0
-118
118
-217
217
0
0
0
225
-225
0
187
-186
23
-23
0
13
173
-186
226
-343
-288
405
0
0
350
-349
0
0
-154
154
0
0
337
-337
-410
47
363
0
-224
224
213
-212
0
-165
165
205
136
-43
-298
188
-187
0
-424
702
-257
-21
298
-298
0
0
108
-108
0
353
-353
-387
740
-353
0
1
0
0
0
0
1
0
-152
152
0
0
0
0
-72
-168
487
-247
1
241
-240
0
0
0
1
0
-263
264
0
247
-247
0
-206
206
-411
413
2
-113
113
0
233
-233
-22
22
0
0
0
0
0
0
37
156
-193
-41
327
-285
0
-181
-144
325
153
-471
601
-283
0
0
0
-399
325
74
0
0
0
51
62
-112
0
0
111
-231
11
-137
246
1
0
-21
21
95
-95
340
-340
367
-367
8
-7
0
0
0
0
-326
444
238
-356
0
-5
138
-524
391
0
0
1
0
319
-319
0
333
-629
37
522
58
-320
-189
190
0
0
0
29
-328
299
148
-147
211
-210
0
0
0
-380
380
94
-94
235
-235
0
0
1
0
0
0
-335
335
-314
314
0
299
-749
644
-572
378
0
142
-142
0
1
-23
-208
231
22
90
-112
0
0
-82
82
301
-301
-224
224
0
0
194
145
-363
24
-130
131
18
-18
0
0
0
1
0
0
342
-341
319
-250
-68
0
0
0
0
199
-199
0
0
0
0
1
0
0
221
-221
243
-181
-62
1
0
1
34
-33
194
-194
-429
429
0
0
0
0
0
0
0
0
0
-250
141
109
0
0
-83
83
1
-91
-89
180
0
0
0
139
-139
0
0
0
0
0
1
305
-305
-301
301
0
-170
301
-444
314
0
-39
-68
107
-320
320
-224
224
0
-231
231
29
-280
241
10
1
0
-125
125
-271
271
-47
128
-81
0
0
0
0
127
-127
0
-87
87
0
0
-456
619
-162
0
-370
301
69
-350
350
1
188
162
-57
-291
62
-103
39
-87
-72
159
0
214
-214
1
0
0
343
-343
0
0
1
0
0
0
0
-353
353
316
-316
0
0
197
-265
15
-2
137
-93
11
0
0
-156
157
-79
79
0
0
1
272
-544
272
192
-35
-157
0
252
-131
-121
-19
-304
395
-72
-51
-316
652
-285
208
-208
0
-94
94
0
0
0
50
159
-209
0
0
0
246
-246
-39
39
0
-122
-217
339
-141
141
0
297
-188
-480
332
39
0
102
-101
0
264
48
-312
68
-68
228
-36
-192
21
-20
-280
483
-203
0
0
83
-83
0
-10
11
0
215
-39
-176
0
0
0
0
0
0
310
-310
1
281
-85
-196
149
-148
245
-245
0
0
-342
342
1
0
0
0
175
-175
247
-238
-280
271
1
0
0
0
0
87
-253
-236
162
240
0
228
-228
0
0
158
-207
310
-261
0
-415
415
0
0
-305
199
-72
178
-244
244
267
-267
0
202
-322
120
0
325
-324
334
-334
0
0
0
0
0
1
0
0
0
0
-15
15
0
-323
98
225
30
-30
0
0
2
0
-31
32
-283
401
-118
1
0
-243
-168
244
167
0
0
0
0
0
1
-383
384
0
0
-145
145
0
0
1
0
0
295
-185
92
-202
281
-364
83
1
0
-337
337
242
-242
0
0
0
0
0
-186
186
0
290
21
-551
259
89
-108
0
1
0
0
0
1
0
0
0
254
-350
96
-16
16
0
-364
364
-158
69
95
-5
0
0
0
-436
623
69
-256
-259
-71
331
1
-268
543
-90
-185
-417
417
120
171
-291
0
0
0
108
-502
16
671
-293
-222
222
0
1
-263
263
-74
314
-337
97
93
-11
-82
0
216
-216
0
0
139
-255
116
0
0
184
-183
-375
376
245
-245
-312
312
0
-365
366
0
0
0
0
0
0
1
-75
76
0
-76
49
27
0
276
-276
0
101
-361
352
138
-426
196
-284
284
1
0
0
0
1
259
-259
0
-330
330
308
-307
0
-192
192
0
1
-351
351
-151
152
-256
256
60
-59
0
0
0
0
0
-217
-17
236
304
-304
0
0
0
0
0
0
0
0
0
0
175
-175
-65
65
0
0
0
0
153
-414
262
-286
286
304
-304
139
-139
0
-390
661
-631
3
357
0
0
-151
312
-198
165
-128
195
-194
0
0
0
167
-166
-262
282
-174
154
-3
3
-279
279
1
0
288
-288
1
0
0
1
1
0
0
1
-365
365
230
-626
398
0
1
0
-4
4
146
-146
0
194
-216
22
296
-296
115
-115
-160
160
0
0
0
0
0
0
0
0
-145
145
1
72
4
-76
0
0
0
-11
11
0
0
0
0
0
0
-5
5
0
1
-405
77
-180
508
0
31
-31
0
-257
257
0
0
169
-617
448
30
-30
0
0
0
-40
-153
-12
205
1
0
0
0
0
42
206
-248
1
0
252
-252
254
-254
0
0
0
0
161
-161
2
0
0
0
-146
146
0
90
-534
444
0
0
0
37
-37
1
-176
-3
179
-98
98
94
-43
-51
159
-159
1
275
-275
0
0
0
254
-564
310
0
285
-493
257
-49
1
-323
324
0
1
257
-409
152
0
0
0
-87
88
259
-20
-239
0
180
-180
0
19
231
38
-288
0
0
227
-226
0
0
0
0
0
0
-202
202
0
0
0
0
1
0
0
-411
-5
552
112
-325
78
0
111
-111
0
-424
597
-173
0
0
0
152
-152
81
-2
-78
1
1
0
0
0
66
-53
-12
1
0
0
108
128
-236
-387
539
-152
1
0
0
-157
157
0
0
-61
61
0
-178
178
168
-168
1
-52
52
204
-204
0
0
0
-88
88
0
0
-378
378
0
0
0
-502
502
-56
56
29
-29
0
0
1
-282
282
1
0
0
-154
285
-131
165
-165
-56
56
0
143
-143
-94
94
0
-162
-12
175
0
0
0
-230
230
0
0
-4
-404
408
161
-161
1
1
0
0
0
0
-351
351
0
-333
334
-149
149
0
65
-86
21
26
110
-136
1
11
-276
266
96
-342
247
-366
49
567
-469
220
0
0
0
0
-224
387
73
-236
0
-93
93
0
-402
3
-98
498
-227
12
215
-165
165
0
0
-199
199
0
1
0
114
-114
228
-228
-283
283
201
43
-244
0
-78
78
0
0
0
-477
478
0
73
-73
1
0
0
-223
-16
239
0
0
0
0
1
0
0
0
107
-107
0
1
0
0
0
-48
48
-207
-181
461
-73
-219
-88
307
0
-149
149
0
239
-239
0
1
97
-96
-355
355
0
0
0
0
1
0
0
169
-169
0
-207
453
-246
0
0
0
0
2
-358
358
0
0
-196
-206
626
-17
-207
1
100
-255
-249
580
-176
0
1
-305
-3
308
0
-147
147
217
-216
0
0
-378
378
0
-184
-218
403
-135
135
0
0
0
0
0
0
-193
334
-140
0
0
-284
284
0
149
-285
136
1
0
0
0
0
0
1
0
0
208
-355
147
-105
105
-184
184
1
10
196
-206
9
-8
0
0
-266
266
141
-140
-398
292
106
0
-415
111
304
-50
-409
459
0
72
-72
0
0
237
-237
0
0
66
-66
-126
126
1
0
0
1
17
-17
0
-368
368
147
-374
227
0
0
0
1
-332
332
1
0
0
0
0
0
132
-131
0
-233
233
-404
110
294
0
-115
114
1
116
102
-282
-238
203
173
-74
206
-206
0
0
199
-198
0
0
0
-223
223
0
1
-45
-187
232
0
1
0
0
1
0
0
1
-254
-19
273
0
0
0
0
0
0
-419
420
-86
86
0
196
-722
526
0
0
0
0
0
0
0
0
200
-200
1
0
0
0
177
-177
0
-37
37
-187
187
197
-590
602
-205
-3
0
1
0
0
0
0
-206
206
-343
74
269
0
1
-446
52
194
215
167
-182
-569
774
-205
0
0
135
-134
0
0
172
-172
0
-101
102
0
-242
242
1
1
0
0
0
0
-220
220
0
0
1
-83
210
-126
0
0
0
-425
425
128
-128
0
84
-84
0
0
0
0
0
0
85
-85
0
-406
64
343
0
0
0
0
30
-30
0
0
-391
392
0
0
-161
162
18
198
-216
1
0
167
-167
212
-212
0
0
0
0
0
0
-223
306
-82
0
1
30
183
-628
415
0
0
-27
242
-215
0
0
0
0
0
-345
329
16
1
1
0
0
-131
-275
168
238
135
-135
0
6
33
-39
0
0
203
-203
0
0
-373
-11
384
0
-270
-146
417
0
0
-370
549
-519
340
0
0
0
-144
-305
449
-4
4
0
0
-122
122
0
0
0
-58
59
0
0
0
-255
255
0
3
1
0
0
43
72
-114
31
-31
0
0
-212
212
-64
64
0
-324
324
0
-289
290
1
1
0
0
0
-396
396
0
-352
-11
365
0
-240
171
70
0
0
0
0
0
-415
415
109
-109
0
0
0
1
0
1
0
-312
-58
370
0
0
0
-116
-331
476
-29
0
0
0
-194
-150
-75
419
0
0
0
-153
-152
305
127
-127
1
0
0
0
0
160
-6
-154
0
0
0
-14
14
1
0
0
0
0
0
0
0
59
-59
1
1
0
0
0
0
0
-12
14
1
0
0
-307
492
-185
-112
112
0
0
0
1
91
-381
181
-6
116
-277
277
0
0
0
1
0
0
0
0
0
1
0
0
-409
212
197
0
0
0
-119
119
0
0
0
0
0
0
0
-239
239
149
-149
174
-306
133
0
0
-158
159
99
-99
0
-325
433
-108
0
0
0
0
0
51
-51
0
68
-68
0
-39
39
1
0
0
-130
130
156
-428
272
1
0
0
179
-179
1
0
0
1
0
0
0
0
0
0
-218
218
0
89
-89
-274
317
-370
327
0
0
-209
210
0
0
-157
157
2
0
0
0
-161
161
0
0
0
1
0
0
0
0
1
-230
230
0
-88
166
-583
514
-9
0
0
-443
443
1
0
0
-217
217
1
0
0
-309
309
0
0
2
-177
-225
222
180
0
-212
58
154
-353
353
0
-422
563
-420
279
0
1
0
1
0
0
0
-199
200
-145
145
0
0
0
-216
216
0
0
78
-78
1
1
0
0
0
-399
399
0
-50
50
0
0
0
-203
203
0
-440
596
-156
-108
108
1
-22
-209
231
0
0
0
-308
-55
364
0
108
-108
0
0
-47
47
0
-343
343
0
0
0
44
-44
108
-412
304
0
1
0
2
0
-222
223
0
0
0
1
0
0
-604
604
0
0
0
-551
551
52
33
-85
-304
304
0
-340
341
0
0
26
-26
0
0
0
155
-155
0
0
-174
174
0
1
0
0
0
-17
17
-101
101
0
-431
431
0
0
-436
437
-178
-294
367
266
-161
0
-312
210
102
0
1
-65
65
0
0
1
0
0
0
1
0
-647
647
0
0
0
0
0
1
17
-258
316
-75
0
0
1
1
1
0
0
0
0
0
0
-242
242
0
-76
76
1
0
-402
402
-105
105
0
-146
146
0
-152
152
-146
183
-37
0
0
0
127
-127
0
0
40
-106
66
0
0
86
-107
21
2
75
-75
-266
266
0
-286
286
0
1
0
0
18
-18
-48
-295
343
-480
240
294
-53
-55
55
-380
380
-42
-514
556
0
0
1
0
0
0
-556
556
0
-307
307
-248
248
0
0
1
0
0
0
26
-331
-191
496
1
2
0
1
-272
273
0
0
0
0
0
0
0
0
81
-81
0
-451
451
1
0
0
0
0
0
0
0
-363
363
0
130
-130
1
0
-411
411
0
-270
270
-90
-122
18
195
0
134
-134
13
-13
0
-370
370
0
-425
425
1
0
-308
308
-419
393
26
-107
107
-197
309
-112
0
0
-50
-28
78
-347
373
-26
0
0
-104
104
0
0
0
0
-250
251
0
-310
310
0
1
0
0
0
1
0
13
-13
0
0
0
0
-99
100
-312
313
8
-105
97
0
0
0
-307
368
-60
0
0
0
-53
53
1
0
0
0
0
0
0
1
0
0
0
1
1
0
0
127
-127
-165
165
0
0
0
0
1
124
-124
0
0
0
0
0
0
0
-149
149
-383
383
0
0
1
0
0
-276
276
0
0
0
1
0
108
-107
-417
196
221
3
0
0
102
-102
-682
682
0
14
-14
0
2
1
0
-375
375
0
0
0
-268
269
111
-29
-82
1
0
0
-179
-222
401
-368
368
-324
324
0
0
1
-11
12
0
0
0
17
-17
0
0
0
0
0
-219
219
77
-77
0
1
0
0
0
-52
53
0
1
0
0
0
0
0
0
0
1
0
0
-404
404
2
1
0
0
0
0
5
-5
0
-7
-363
202
168
0
0
-392
-298
690
0
-288
71
217
0
-345
-36
381
0
0
72
-263
191
-303
210
94
-98
12
86
-67
67
0
0
0
0
0
0
0
-134
122
13
0
0
8
-8
103
-457
-7
361
-85
85
0
-99
99
69
-69
-288
288
0
56
-56
-172
-425
597
1
0
-336
36
300
0
-214
214
0
0
1
0
0
-356
356
0
0
0
-237
229
8
1
0
0
0
-345
345
0
0
0
-240
240
0
1
0
0
0
1
-95
95
0
0
1
0
0
0
-263
263
0
1
0
-258
258
0
-291
291
0
0
0
13
-13
0
21
-21
0
1
-334
279
55
-198
198
1
0
-170
170
0
0
0
0
-181
181
0
0
0
0
76
-76
0
-227
227
-404
405
0
0
-225
225
0
6
-6
0
0
0
0
0
0
0
0
-387
387
1
0
-98
45
54
0
0
0
0
0
0
0
10
-10
0
1
0
0
0
0
0
74
-74
0
0
0
1
-255
152
103
0
1
0
-27
27
-258
258
12
-12
0
-220
220
0
1
0
0
74
-74
0
0
1
-351
351
-272
272
0
1
-323
323
0
0
0
-335
335
0
-181
181
-83
83
0
0
0
0
1
0
-158
158
0
1
-289
291
0
0
1
-214
214
0
1
0
0
-358
358
0
-396
396
0
-26
28
0
0
0
71
-71
0
0
0
-405
405
0
0
0
0
1
-417
417
0
0
0
0
0
0
-260
260
1
0
0
-64
64
0
0
0
1
0
0
0
0
0
0
0
-277
277
-311
311
1
0
0
0
0
51
-50
0
-187
187
1
0
-730
697
-314
157
190
0
0
0
1
-205
205
-182
-62
244
0
0
0
0
0
0
0
-387
388
1
-216
216
0
1
1
1
0
0
0
-115
115
0
0
0
1
-258
-16
274
-175
176
0
0
-185
-369
554
0
0
0
0
1
0
-43
43
0
0
0
0
0
0
0
0
0
-73
73
1
0
-214
214
0
0
0
0
0
0
0
-178
179
-2
2
0
-324
324
1
0
-80
-33
113
0
0
28
-28
0
1
0
-396
396
0
0
-78
78
0
1
0
-94
-58
152
0
0
-319
-104
423
-385
385
-2
2
0
-32
-116
149
0
0
1
-98
-148
301
-217
-25
187
-237
237
-153
153
0
0
0
0
1
0
0
0
1
53
-53
0
0
0
-290
290
-44
44
0
0
0
0
0
-66
66
1
33
-33
0
0
0
0
0
0
1
1
1
0
0
-265
265
0
0
-351
351
0
-56
57
0
-32
-409
441
0
0
1
-151
151
0
0
0
-337
15
169
-502
655
0
0
0
0
0
0
0
-294
294
-169
169
0
0
0
7
-7
1
0
0
0
0
-272
-52
324
0
0
-126
127
0
0
0
0
0
0
0
1
0
0
-376
18
358
-171
162
9
-155
119
36
0
-149
149
0
0
0
0
-15
15
1
0
0
0
1
-455
455
0
0
0
0
0
1
12
-12
0
0
0
0
0
0
-387
387
0
0
-299
299
0
1
0
0
0
0
0
-355
355
0
-390
390
0
-410
410
0
0
0
0
1
0
0
0
0
0
-245
246
1
-178
-184
362
-239
157
82
0
0
0
0
1
0
0
0
0
0
0
1
0
-239
239
0
0
-228
228
0
0
0
-375
40
335
-104
104
1
0
0
0
0
0
18
-18
-326
326
0
0
0
0
-323
323
-298
298
0
0
0
-663
474
190
0
-308
308
-182
182
0
0
0
-195
195
0
0
1
0
0
0
1
0
0
0
15
-15
0
0
0
0
0
0
0
-309
309
-209
210
0
16
-16
0
-239
6
233
-40
40
0
-366
366
0
1
-140
140
0
-578
578
0
0
-107
107
0
0
0
0
0
0
1
2
0
-377
11
366
0
11
-11
0
-417
417
1
1
0
-327
328
0
0
0
0
0
1
0
0
0
0
1
0
0
0
0
0
0
0
0
0
1
-287
287
1
0
0
-451
451
0
0
0
-428
428
0
0
1
0
0
0
-445
445
0
0
0
0
-211
211
0
-72
72
-290
291
0
-151
151
0
-291
291
1
-54
54
0
-89
89
0
0
0
-43
43
0
0
0
0
0
0
-131
120
11
0
0
-54
-276
83
248
-227
227
0
-221
221
0
0
0
0
-53
53
-57
57
-91
91
-201
201
1
0
0
0
0
-795
796
0
-586
586
0
0
0
-135
135
0
0
0
-234
234
-76
76
1
0
0
-35
35
0
-231
231
0
-398
399
1
1
0
-50
-173
223
0
0
0
0
0
1
0
0
-110
110
1
-249
249
-378
378
0
0
-696
696
0
0
-155
155
1
-183
183
0
0
-211
211
1
-54
54
0
0
0
-430
431
0
0
-334
334
0
0
0
0
-173
173
-93
93
0
-346
346
0
1
-256
256
0
0
0
0
0
0
-72
72
0
0
1
0
1
0
0
0
-401
401
0
-213
213
1
0
0
-112
112
-307
307
0
0
0
0
-12
12
0
2
0
0
-218
177
41
0
-163
165
0
0
0
0
0
-229
-91
207
-302
335
-45
38
-192
-216
382
86
-113
-86
192
-137
-117
-6
235
51
-43
-58
-46
-23
93
-276
253
6
-7
89
-120
101
-231
201
-153
39
140
-224
-45
119
-55
231
11
-127
-53
133
-151
22
-173
214
58
-49
-142
185
-111
-157
157
-4
89
113
-299
253
-145
46
-59
171
1
-69
80
-106
-21
-109
42
180
-165
-135
271
-67
-143
144
-3
21
-4
33
40
-62
-1
-94
-548
664
34
-395
259
-355
210
268
-247
250
-331
153
-49
251
-46
3
-228
11
165
-16
-471
442
88
-617
608
-40
-44
-47
24
53
-20
153
-43
-192
-329
510
54
-190
-63
129
-28
54
21
23
-1
-14
11
-72
-388
381
-197
225
88
13
-313
244
-276
154
-285
224
120
-59
140
-35
-79
11
159
0
-36
-253
220
-140
-125
151
144
43
-348
114
-26
170
29
-163
99
37
-111
55
-178
308
11
-208
-195
406
-243
131
-44
8
58
-236
142
-155
278
-263
11
221
-30
94
-295
130
177
-365
363
-73
-30
-79
152
-114
122
-26
2
61
-75
-171
142
-134
148
-367
261
142
-37
-36
139
-332
11
-58
248
-40
-36
212
-263
-73
-405
666
-25
10
-231
126
189
-48
-81
-435
296
61
-39
62
82
-30
-457
505
-23
-25
-148
-151
436
-112
79
-110
-47
-139
287
-50
-460
497
-240
222
-216
248
1
-73
94
-84
21
-250
134
55
-105
51
-170
108
-54
-414
583
-166
167
-50
28
169
-20
-55
-314
284
-172
245
-233
185
-266
-14
105
-407
409
222
-123
-286
271
-22
2
28
118
-52
-79
3
136
32
-36
-100
132
-224
213
16
-105
-190
18
-6
265
-285
-127
112
-90
369
-86
-44
71
38
-101
63
-57
87
-8
-49
-84
186
-70
-56
79
-47
-445
402
-89
18
14
54
-69
49
-29
98
37
-239
154
-238
286
-12
109
-165
-60
-30
-2
278
-400
219
169
12
-407
220
35
-193
338
-92
2
-86
-204
259
36
-127
134
-393
431
-82
-548
656
-59
-147
108
19
-9
68
-33
-98
124
-326
341
-192
148
-145
79
98
-110
-194
342
-193
-141
109
-103
328
-84
-229
294
-251
239
-144
-111
273
-74
74
-41
-14
45
-29
-80
-45
-1
96
70
-218
-157
335
-143
165
-217
