0
0
0
0
3
0
0
3
0
0
0
5
0
0
0
0
0
0
0
1
2
3
3
3
3
3
3
3
3
3
3
3
3
3
4
4
4
4
4
4
4
4
4
4
4
4
5
5
5
5
5
5
5
5
5
5
5
0
5
5
6
7
6
6
6
6
6
6
6
12
7
7
7
7
14
7
7
7
7
7
7
8
8
3
9
8
8
8
8
8
8
9
9
9
9
10
10
18
10
10
10
10
10
7
3
11
11
11
11
12
7
16
12
12
12
12
12
12
12
12
12
6
13
13
13
13
13
13
13
13
13
13
13
14
14
23
14
14
14
14
14
14
14
14
14
6
14
14
15
15
15
15
15
15
15
25
16
16
17
17
17
17
17
18
18
18
18
18
18
19
19
19
20
21
21
21
9
22
22
22
22
22
22
22
13
22
15
22
22
14
22
22
22
23
23
23
23
24
24
25
32
25
25
25
25
25
26
26
26
26
24
26
26
26
26
26
26
26
26
26
27
27
27
27
27
27
27
27
27
27
27
27
28
28
28
28
28
28
28
28
28
28
29
29
29
29
38
29
30
31
32
32
32
32
32
22
32
32
32
32
32
33
33
33
33
33
33
33
33
33
33
33
34
34
34
34
34
34
34
34
34
34
34
34
34
34
34
34
35
35
35
35
35
36
36
36
36
36
36
36
36
37
37
37
37
37
38
38
38
38
38
38
38
38
38
38
38
38
38
38
38
38
38
38
38
38
38
38
38
38
38
38
38
38
38
49
39
39
39
40
41
41
41
41
41
41
41
41
41
41
41
41
41
41
41
41
41
42
42
42
43
43
43
43
43
43
43
43
43
43
43
44
44
44
44
44
44
44
44
44
44
44
44
44
44
44
44
44
41
45
45
45
45
46
46
46
46
46
46
47
47
48
48
48
48
48
48
48
55
48
49
49
49
49
49
49
56
49
49
44
49
52
49
49
49
49
49
49
49
49
49
49
50
50
50
50
50
50
50
50
50
51
51
51
51
51
51
51
51
51
51
52
52
52
52
52
52
52
52
58
52
52
52
52
52
53
53
53
53
53
53
53
53
53
54
54
54
54
54
54
54
55
55
55
55
55
55
56
56
58
56
56
56
56
56
56
56
56
56
56
56
57
57
57
57
57
57
58
52
58
58
58
61
58
58
58
58
58
58
59
59
59
59
59
59
59
59
58
59
59
60
60
60
60
60
61
61
61
61
61
60
61
61
61
61
61
61
61
61
61
61
61
62
62
62
62
62
62
59
62
62
74
62
62
62
62
56
63
63
63
63
63
63
63
63
63
63
60
63
64
73
64
64
64
64
64
64
64
64
64
65
66
66
66
66
66
66
66
67
67
67
59
67
67
77
67
68
59
69
69
69
69
69
69
73
69
69
73
70
71
72
72
73
73
73
73
73
73
73
73
73
73
73
76
74
74
74
74
74
74
74
74
74
75
75
69
66
80
75
75
80
75
75
75
75
75
75
78
75
75
75
75
75
75
75
75
75
75
75
75
75
75
75
77
77
77
83
77
77
77
77
77
77
78
78
78
78
78
78
78
83
71
78
78
79
79
79
79
79
80
80
80
80
80
85
80
80
80
82
80
80
75
81
81
81
81
82
82
82
82
82
82
82
82
82
82
82
82
82
82
82
83
78
83
83
86
83
83
88
83
83
83
83
84
84
84
84
84
84
84
84
84
77
84
84
84
84
92
84
84
84
84
84
84
85
85
85
85
85
85
89
85
86
86
86
86
86
86
86
86
86
86
86
86
86
86
86
86
86
87
87
87
87
87
87
87
87
87
87
88
88
88
88
82
87
88
88
88
88
88
88
88
88
88
88
89
89
84
89
89
89
89
89
89
89
89
89
89
89
90
91
92
92
92
92
92
92
92
92
93
93
93
93
93
93
93
93
93
93
93
93
93
93
93
93
93
93
93
93
93
93
93
94
94
94
94
94
94
97
94
94
94
94
94
94
94
94
93
94
94
94
95
95
95
95
95
95
92
95
95
95
95
95
95
95
95
95
95
95
95
95
95
95
96
97
96
94
96
96
96
96
96
96
96
96
96
96
96
99
96
99
96
96
96
96
96
97
97
97
97
97
97
97
97
97
97
97
97
99
98
98
98
98
98
98
99
99
99
99
99
98
99
99
99
99
99
99
99
102
99
99
99
99
99
99
99
99
99
99
99
100
99
101
101
101
101
101
101
99
110
101
101
101
101
101
102
102
102
102
102
102
102
103
103
99
103
103
103
100
103
103
103
103
103
104
105
106
106
103
106
106
106
106
106
106
106
106
106
106
106
106
106
106
106
106
107
99
107
107
107
107
107
107
107
107
107
108
103
109
109
110
110
110
110
110
110
110
110
106
110
110
110
110
110
110
110
110
110
110
111
111
111
111
111
111
111
112
112
112
112
112
112
112
112
112
112
112
112
112
113
114
115
115
115
115
112
115
115
107
115
115
115
115
115
115
115
115
115
115
115
115
116
116
116
116
116
115
116
116
116
116
117
118
118
118
118
118
118
118
118
118
118
118
118
118
118
118
118
118
118
118
115
119
119
119
116
119
119
119
119
119
119
119
119
120
120
120
120
124
120
120
120
121
121
121
121
121
121
121
121
121
121
122
122
122
122
122
123
123
123
123
123
123
123
123
123
123
123
123
123
124
131
124
124
124
124
124
124
124
124
131
124
124
124
124
124
124
124
124
124
125
126
118
126
127
127
127
127
127
127
128
129
129
129
129
129
129
129
129
129
129
129
129
129
129
129
129
130
130
130
130
130
130
136
130
130
130
121
131
131
131
131
131
131
131
131
131
131
131
131
131
132
132
124
129
132
135
132
132
132
126
132
132
132
132
132
132
132
132
132
132
132
132
132
132
132
132
132
132
132
132
133
133
133
133
133
133
133
133
133
133
133
134
135
135
135
135
135
135
135
136
136
136
137
136
136
136
136
136
136
136
136
140
138
136
136
136
136
136
136
136
142
136
136
137
137
137
137
137
137
137
137
137
137
137
137
137
137
137
138
138
138
138
138
138
138
138
138
138
138
137
138
139
139
139
139
139
140
140
140
140
140
140
140
140
140
140
136
140
140
140
141
141
141
141
141
141
141
141
141
141
141
141
141
141
141
141
141
142
142
142
142
142
140
142
143
143
143
143
143
143
143
143
143
143
143
144
144
144
144
144
144
144
144
144
144
144
144
151
145
144
145
145
145
145
145
145
145
145
146
146
146
146
146
146
146
146
147
147
147
147
148
148
148
148
148
148
148
149
149
142
149
149
149
149
149
150
151
151
151
151
151
151
151
151
151
151
151
151
152
152
152
152
152
152
152
151
152
152
139
153
153
153
153
153
154
154
154
154
154
145
154
155
155
155
155
155
155
155
155
155
155
155
156
156
157
157
157
157
157
147
157
157
157
158
158
158
158
158
149
158
158
158
158
158
159
160
162
159
152
160
160
160
160
160
160
160
160
160
160
160
160
160
160
163
160
153
160
160
160
160
160
160
160
160
160
161
162
162
162
155
162
162
162
162
162
162
162
162
162
162
162
155
162
163
163
163
163
163
163
163
163
163
163
163
163
163
156
163
164
164
164
164
164
164
165
165
165
165
165
165
165
165
165
165
165
166
166
166
166
166
166
166
167
167
167
167
167
167
167
174
167
167
167
167
167
163
167
167
167
167
167
167
168
168
169
169
169
170
170
170
170
170
170
170
170
170
170
170
170
170
171
171
175
171
171
171
171
171
171
171
171
171
171
171
171
171
171
171
171
171
171
171
171
171
168
171
172
172
172
172
178
172
172
172
172
172
172
172
172
172
172
172
172
172
172
172
173
173
171
173
173
172
173
173
173
173
173
173
173
173
173
173
173
173
174
174
174
174
174
174
174
174
174
174
174
174
174
174
174
175
175
175
175
175
175
175
175
175
175
176
176
177
177
177
177
177
177
177
177
177
177
177
178
178
178
178
178
180
172
178
182
178
179
179
179
179
179
182
179
179
179
179
179
179
179
179
180
180
180
180
180
180
180
180
180
186
181
173
182
182
182
182
182
182
182
182
182
187
183
183
183
183
183
183
184
184
184
184
184
184
184
184
184
184
184
184
184
184
184
190
184
184
184
184
184
185
185
185
186
186
186
186
182
186
179
186
190
186
186
184
186
186
186
186
186
186
186
186
186
186
183
187
187
187
187
191
187
188
189
189
189
189
189
189
190
190
190
190
190
190
190
190
190
190
196
190
190
190
190
190
190
190
190
191
191
191
191
191
191
191
191
191
191
191
191
191
191
192
193
193
193
193
193
193
193
193
193
197
193
193
193
193
194
194
191
194
194
190
194
194
194
194
194
194
195
195
195
195
195
197
195
195
195
195
195
195
195
195
195
195
195
196
196
196
196
196
196
196
196
196
196
196
196
196
196
196
196
196
197
197
197
197
197
197
197
197
197
197
197
202
197
197
197
197
197
197
197
197
197
197
197
197
197
198
198
198
198
198
198
199
199
199
199
199
199
199
199
199
200
199
199
199
199
199
200
200
200
197
200
200
200
200
200
200
200
200
200
200
200
200
200
200
200
200
200
200
198
200
200
201
201
201
202
202
202
202
202
202
202
202
202
202
202
202
202
202
202
202
202
202
202
202
203
200
203
203
203
203
203
203
203
202
203
203
203
203
203
203
203
203
204
204
204
205
205
205
205
205
205
205
205
205
205
205
205
205
205
205
205
200
205
205
205
205
205
205
205
205
205
205
206
206
206
206
206
206
205
206
206
203
206
206
206
206
207
207
207
207
207
207
208
208
208
208
216
208
208
208
209
209
209
209
209
209
209
206
209
209
209
209
209
209
209
209
206
209
209
210
210
214
210
210
210
210
210
210
210
210
210
210
210
210
210
210
211
211
211
211
211
211
211
211
211
212
212
212
213
214
214
214
210
214
214
214
214
214
214
214
215
217
215
215
215
216
216
216
216
216
219
216
216
216
216
216
216
216
216
218
217
217
217
217
217
217
217
217
217
219
217
217
217
218
217
218
218
218
218
223
211
218
219
219
219
219
219
219
220
220
220
220
220
220
220
220
220
220
220
221
221
221
221
221
221
222
222
222
222
222
222
222
222
222
225
222
223
218
222
222
219
223
223
223
223
223
223
223
223
218
223
223
223
223
223
223
223
223
225
225
225
225
225
225
225
225
225
225
226
227
226
226
226
226
226
226
227
224
227
227
225
227
227
227
227
227
228
228
228
228
228
229
229
229
229
229
229
230
235
230
230
230
230
230
223
230
220
230
230
230
231
231
231
229
231
231
231
231
231
231
231
231
231
231
231
231
231
231
231
231
231
231
232
232
231
232
232
232
232
233
233
231
233
233
233
233
233
233
234
228
234
234
234
234
234
234
234
235
234
234
234
234
234
234
234
234
234
234
234
234
235
235
235
235
235
235
236
236
236
236
236
236
236
236
236
236
237
236
236
236
236
236
236
236
238
236
236
236
234
237
237
237
237
238
232
238
238
242
238
238
238
247
238
238
238
238
238
238
239
239
239
239
239
240
241
241
241
241
241
241
241
241
241
241
241
241
241
241
242
242
242
242
242
242
242
242
242
242
242
250
242
242
236
242
236
242
242
242
242
242
242
242
243
243
252
243
243
243
243
236
243
236
246
243
243
243
243
243
243
243
244
244
244
244
241
245
247
247
247
247
247
247
248
248
248
248
248
248
248
248
248
249
249
249
249
249
249
249
250
250
250
250
250
250
250
257
250
251
251
251
252
252
252
252
252
252
252
242
252
252
245
252
252
249
252
252
252
250
252
245
252
252
252
252
247
252
252
253
254
254
254
254
254
254
254
254
255
255
255
255
255
255
254
255
255
255
255
255
259
255
255
255
255
255
255
255
252
255
255
257
257
257
257
257
258
259
259
259
259
259
259
259
259
259
259
259
260
259
259
259
259
259
260
260
260
260
260
260
261
261
261
261
261
261
261
261
261
261
261
261
261
261
248
261
261
261
262
262
262
262
262
262
262
262
262
262
256
259
262
262
262
262
262
259
262
263
263
263
263
263
263
263
264
257
264
265
265
265
265
265
265
265
265
265
266
267
267
267
267
267
267
267
267
267
267
267
267
268
268
268
268
268
268
268
278
268
268
268
268
268
268
269
269
269
269
269
269
269
269
269
261
269
269
278
270
270
270
270
270
270
270
271
271
271
271
271
271
272
267
271
273
274
274
274
268
274
274
274
274
275
275
275
275
275
275
276
276
276
276
276
276
276
276
285
276
276
276
276
276
276
276
276
276
276
276
276
277
277
277
277
278
278
279
279
279
279
279
281
280
280
280
280
280
281
281
281
281
281
281
281
281
282
283
282
282
282
282
282
282
282
282
282
282
284
282
282
282
282
282
282
282
286
282
280
282
283
277
283
283
283
283
283
283
284
284
284
284
284
284
288
284
284
285
285
285
285
285
285
283
286
286
286
286
286
286
286
286
286
286
286
286
286
286
286
286
286
286
286
286
287
287
287
287
287
286
287
287
287
287
288
288
288
288
288
288
288
288
288
288
288
288
288
288
288
288
288
288
288
288
288
289
289
289
289
285
289
289
289
287
289
289
289
290
290
288
290
290
291
291
291
291
291
291
291
291
291
291
291
291
291
291
291
291
291
291
291
291
291
291
291
291
292
293
294
294
294
294
294
294
288
294
294
294
294
295
295
295
295
295
295
295
295
295
295
295
295
296
297
297
297
297
297
297
297
297
297
297
297
297
297
297
297
297
297
297
297
297
298
298
298
298
298
298
298
298
298
298
298
298
298
295
298
298
298
299
299
299
299
299
299
300
300
300
300
300
300
300
300
300
300
300
305
300
300
300
300
298
300
300
300
301
302
302
302
302
302
302
303
298
304
303
303
303
303
303
303
303
304
302
304
304
304
304
304
304
304
304
304
304
304
304
304
304
305
305
305
304
305
316
305
305
305
305
305
305
305
305
305
305
305
305
305
305
305
305
305
305
305
306
303
307
307
307
307
307
307
307
307
308
308
308
309
309
309
309
310
310
310
310
310
310
314
310
307
310
311
311
311
311
314
311
311
311
311
304
311
311
311
311
311
311
311
307
311
311
311
311
311
311
313
314
314
314
323
314
314
314
314
315
316
316
314
316
316
316
316
316
316
316
316
321
316
316
316
322
317
309
317
317
311
321
317
317
317
317
318
318
318
319
319
319
319
319
312
319
319
319
319
319
320
320
320
320
320
320
328
320
320
320
320
324
320
320
320
320
321
316
321
321
321
322
322
322
322
322
322
322
324
322
322
322
322
322
323
323
323
323
324
324
324
324
325
325
325
325
325
325
325
325
325
325
325
326
326
326
327
328
334
328
328
328
328
328
321
328
329
329
329
329
330
330
330
330
330
330
330
330
330
330
330
339
330
330
330
330
331
331
331
330
332
333
333
333
333
334
334
334
334
336
334
335
335
335
335
337
335
335
335
336
336
326
336
336
336
336
336
328
336
336
336
336
336
336
336
336
337
337
335
337
337
337
338
338
338
338
338
338
338
340
338
336
338
338
338
339
338
338
338
338
338
339
339
339
339
339
338
339
339
340
342
339
339
340
340
340
340
340
341
341
341
341
341
341
341
341
341
341
341
341
336
341
341
342
342
342
342
342
342
342
343
343
343
343
343
343
343
344
343
343
344
344
344
344
341
344
344
344
344
344
344
344
344
344
344
344
344
338
344
344
341
344
344
344
345
346
346
346
346
346
346
346
346
346
346
346
350
346
346
346
346
346
347
347
347
347
347
347
347
347
347
347
347
347
348
348
348
348
348
348
349
355
349
349
349
347
349
346
349
349
349
349
348
349
349
350
350
350
351
354
350
350
350
350
350
351
351
351
351
352
352
352
352
352
353
354
352
352
352
352
352
352
352
352
353
351
353
353
353
353
353
353
353
353
353
354
354
354
354
354
354
354
354
354
354
354
354
354
354
354
354
354
354
354
352
354
355
355
355
355
356
356
356
356
356
356
356
356
356
356
356
356
356
356
356
355
356
356
356
356
356
356
356
356
356
356
357
357
357
357
357
357
357
357
357
357
357
358
359
359
359
359
359
359
359
359
360
360
360
361
361
361
361
361
361
361
361
361
361
362
362
362
362
362
362
362
362
362
362
362
362
362
363
357
363
363
363
363
363
363
364
364
364
364
356
364
365
365
365
365
365
365
365
365
365
365
365
363
365
365
365
365
365
366
366
366
366
367
365
367
367
368
368
368
368
368
368
368
368
368
369
369
369
369
369
369
369
369
370
370
370
371
371
371
361
371
371
371
371
371
371
371
371
371
371
371
371
372
372
372
372
372
372
372
372
372
372
373
374
374
374
375
375
375
375
375
375
375
375
376
377
377
377
377
377
377
377
377
369
377
371
378
375
378
378
378
378
378
378
378
378
379
379
379
379
379
379
379
379
379
377
379
370
379
377
379
379
380
380
375
380
380
380
380
380
381
385
381
372
381
381
372
382
381
381
382
382
386
382
382
382
382
382
382
382
382
382
383
383
383
383
383
383
383
383
383
383
383
383
383
383
383
383
383
383
383
383
383
383
383
383
384
385
385
385
385
385
385
385
385
386
386
386
386
386
382
386
386
386
389
386
386
386
386
386
386
386
386
386
386
386
386
386
386
386
386
386
386
386
386
386
386
386
387
387
387
387
386
387
387
387
387
387
387
387
387
388
386
388
388
388
388
388
388
388
388
388
388
388
388
395
388
389
389
389
392
389
389
389
389
389
389
389
390
391
391
393
391
391
391
391
392
392
393
393
393
393
393
393
393
393
393
393
393
393
393
393
393
393
394
394
394
394
394
394
394
394
394
394
394
394
394
394
394
395
395
395
395
395
395
395
395
395
397
395
395
395
396
396
396
396
396
396
397
397
397
397
397
397
398
398
398
398
398
399
399
393
399
399
399
399
399
392
399
397
399
405
399
401
399
399
399
400
400
400
400
400
401
401
402
401
394
401
401
401
405
402
402
402
402
402
402
402
403
403
403
403
403
403
403
403
403
403
403
403
403
403
399
403
403
403
403
403
403
404
404
404
404
404
404
405
405
407
405
405
405
405
405
405
405
405
406
406
406
406
406
407
407
401
399
405
407
407
407
407
407
408
408
408
408
408
408
408
408
408
408
408
408
408
409
409
409
409
411
409
409
405
409
409
409
409
409
409
409
409
409
409
409
409
409
409
409
417
409
410
410
410
410
410
410
410
412
410
410
410
410
410
411
411
411
411
411
408
411
411
411
411
411
411
411
411
411
411
412
412
412
412
412
408
412
412
412
412
412
412
413
413
413
413
413
413
413
413
414
414
414
414
414
414
414
414
414
415
415
415
415
415
415
415
415
415
415
416
416
416
416
416
416
416
417
417
422
417
417
417
417
417
418
418
418
418
418
418
420
418
418
411
418
418
418
418
421
418
418
418
418
418
418
418
418
418
418
418
418
418
413
419
420
420
420
420
420
420
420
420
420
420
420
420
420
420
421
421
421
421
421
421
421
418
428
414
421
421
421
421
421
421
424
421
421
421
422
422
422
422
422
422
422
422
422
422
422
422
423
423
423
423
423
423
423
423
423
423
423
423
423
423
423
423
424
424
424
424
429
421
424
424
424
424
424
424
424
425
425
425
425
425
426
426
426
426
426
426
427
428
428
428
428
432
428
428
428
428
428
428
428
428
428
428
428
428
428
429
429
429
429
429
430
430
435
430
430
430
430
430
431
432
432
432
436
432
432
432
432
432
432
432
432
432
432
432
432
432
429
432
432
432
432
432
432
432
432
432
432
432
432
432
432
428
432
432
432
425
432
432
432
432
432
433
433
432
433
433
433
428
433
433
433
433
429
434
434
434
434
434
434
434
435
435
435
435
435
435
435
435
435
435
435
436
436
436
436
436
436
436
436
436
436
436
436
436
436
436
436
436
436
436
436
436
436
436
436
436
436
436
437
437
437
440
437
437
437
437
437
438
438
438
438
438
438
438
438
438
438
438
438
438
439
439
439
439
439
439
439
439
439
440
440
440
440
440
440
440
440
440
440
440
440
440
441
441
441
446
441
441
441
450
441
441
441
441
441
445
441
441
441
441
442
442
442
442
442
442
442
442
442
442
442
442
442
442
442
439
443
443
443
443
443
443
443
444
444
446
444
444
444
444
444
444
444
444
444
442
444
444
444
445
445
445
446
446
446
446
446
454
446
447
448
448
448
448
448
448
448
448
448
449
450
450
450
450
450
454
450
450
450
450
450
451
451
451
451
436
451
451
451
451
451
451
451
451
452
452
452
452
452
452
452
452
452
452
452
452
452
452
452
444
452
452
453
453
453
453
442
453
453
453
453
453
453
454
451
454
454
454
454
452
454
455
454
454
454
454
455
455
455
460
460
455
455
456
456
456
456
456
457
457
457
460
457
457
457
457
457
458
457
457
457
457
457
457
457
457
457
462
457
457
457
457
457
457
457
457
458
458
456
458
458
458
458
458
459
459
459
459
459
459
460
460
460
454
456
460
460
460
460
460
460
460
460
460
461
461
461
461
461
461
461
461
461
461
461
461
464
461
461
461
461
461
461
462
462
462
462
462
462
462
462
462
462
462
462
462
462
462
462
463
463
463
463
463
464
463
463
463
463
463
463
463
463
463
463
467
463
463
463
463
463
463
463
463
464
464
464
464
464
464
464
464
464
464
464
464
465
460
465
465
465
465
465
465
465
465
465
465
465
466
466
466
468
466
466
466
466
466
466
466
467
467
467
469
467
467
467
467
467
467
467
467
467
467
467
467
467
467
467
467
467
466
467
467
467
467
467
467
467
467
467
467
467
467
467
467
467
467
467
467
468
468
468
468
468
468
468
468
468
468
468
468
468
468
468
468
469
469
469
470
470
470
470
467
470
470
470
470
470
470
470
470
471
471
476
471
471
471
471
471
471
471
471
471
471
472
472
472
472
472
472
472
472
472
472
472
473
471
474
474
474
474
474
474
474
474
474
474
474
474
474
474
474
474
474
474
474
477
474
472
475
475
475
475
468
475
475
475
475
475
470
476
470
476
476
476
476
476
476
476
476
476
480
476
476
483
476
476
476
476
476
476
476
476
476
476
476
477
477
477
477
477
477
482
477
477
477
477
477
485
477
477
477
477
478
479
479
479
479
480
480
480
480
475
480
481
481
481
481
482
482
482
485
482
482
482
482
482
482
482
479
482
482
482
482
482
482
482
482
482
482
476
482
483
483
483
483
483
483
483
483
483
483
483
483
483
483
483
484
485
485
485
485
485
485
485
485
492
485
485
485
485
485
485
485
485
485
485
479
486
486
486
486
486
486
486
486
485
482
492
486
490
486
486
486
486
486
487
487
487
487
487
487
487
487
487
487
487
487
487
489
489
489
489
489
489
485
489
489
490
491
491
491
495
491
495
491
492
492
492
492
492
492
491
492
492
492
492
492
482
492
492
493
495
494
495
495
495
495
495
495
494
495
495
495
495
495
495
495
495
495
495
495
496
496
496
496
496
496
496
488
496
496
496
496
496
497
497
497
497
497
497
497
497
498
499
500
500
496
500
509
500
500
500
501
501
501
501
501
502
502
502
502
502
502
502
503
492
503
503
503
503
504
509
504
496
504
504
504
504
504
504
504
504
504
504
508
504
504
504
504
505
505
506
506
506
506
506
506
506
506
506
506
506
506
506
506
506
507
508
508
501
508
508
508
508
508
508
509
509
509
509
509
509
509
512
509
509
509
510
510
510
510
510
510
510
511
512
512
512
513
512
512
512
512
512
512
512
513
513
513
513
513
515
510
513
513
513
509
513
513
513
513
513
513
513
513
513
514
514
524
514
514
514
514
514
515
515
515
506
515
515
515
515
515
515
515
516
516
516
516
516
516
516
516
516
518
516
516
516
516
517
517
517
517
517
517
517
512
517
518
518
518
518
518
518
516
518
518
518
518
518
518
518
518
518
519
522
520
521
521
521
521
522
522
522
522
522
522
522
522
522
522
522
522
522
522
523
524
524
524
524
524
524
525
525
526
525
526
525
526
525
525
525
525
525
525
525
525
521
525
526
526
526
522
526
526
526
526
526
526
526
526
526
526
526
526
526
527
526
526
526
527
527
527
527
527
527
527
527
527
527
527
527
527
527
527
527
527
527
527
528
528
528
528
528
528
528
528
528
528
528
528
530
528
528
528
529
529
530
529
529
529
529
529
526
529
529
529
529
530
530
530
530
530
530
530
530
530
530
530
530
528
530
531
531
531
531
532
533
533
533
533
533
533
533
533
533
533
533
533
531
538
533
527
533
533
533
533
533
533
533
533
534
534
539
534
535
535
535
535
535
535
535
535
535
535
539
535
535
535
535
535
535
536
536
536
536
536
536
536
536
536
536
536
536
536
536
536
536
536
537
537
537
537
537
541
537
537
538
539
538
538
530
538
538
538
538
535
539
539
539
539
539
539
539
539
539
539
541
540
540
540
540
540
540
540
540
540
540
540
541
541
541
541
541
541
541
541
541
541
542
542
539
542
542
542
542
542
542
543
543
543
543
543
543
543
538
543
543
554
543
543
543
543
543
543
543
543
543
543
543
543
543
543
544
544
544
544
544
544
544
544
544
544
545
545
545
545
545
545
545
545
545
545
545
545
545
546
546
546
547
548
549
549
549
549
550
551
551
551
551
551
551
551
551
551
551
551
551
557
551
551
551
551
551
551
552
553
553
553
553
554
545
543
554
554
554
554
554
554
554
554
554
554
554
554
554
554
554
554
541
554
554
545
554
554
554
554
555
555
555
556
557
557
560
557
557
557
557
557
557
557
557
557
557
558
559
560
560
560
560
560
560
560
560
560
561
561
561
562
562
562
562
562
551
562
562
562
562
562
562
562
563
564
568
565
565
565
565
565
565
575
565
565
565
565
565
565
566
566
567
568
568
568
568
568
568
568
568
568
569
569
569
570
569
570
570
574
570
570
570
570
570
570
570
577
570
570
570
570
570
570
570
570
570
570
570
570
570
570
571
571
571
571
571
572
573
574
576
574
574
574
577
574
574
574
574
574
574
574
574
574
574
575
575
575
575
575
575
575
576
576
576
576
575
576
576
576
576
576
576
576
576
576
576
576
576
576
576
576
570
577
577
577
577
579
577
583
577
577
579
577
578
578
578
580
578
578
578
578
579
579
579
579
579
579
583
579
579
579
579
579
579
579
574
579
579
578
579
581
582
582
582
582
582
582
582
582
582
582
582
582
582
582
582
579
582
582
582
582
582
582
576
582
582
582
582
583
585
583
583
583
583
583
583
583
583
583
583
583
583
583
583
589
583
583
587
583
583
583
583
583
583
583
583
584
584
584
584
591
584
584
584
584
584
590
584
584
584
584
584
584
591
585
584
585
585
582
585
585
585
585
586
586
586
587
587
587
587
587
587
587
587
588
588
588
588
588
589
589
589
589
589
589
589
591
589
589
590
590
591
590
590
590
590
594
590
590
591
591
591
591
591
591
591
591
591
585
589
591
591
589
591
591
591
591
599
591
591
591
591
589
598
584
591
591
592
599
592
592
592
592
586
592
585
592
592
592
593
593
593
592
594
594
594
594
594
594
595
595
590
595
595
595
596
596
596
596
596
596
596
596
596
596
597
597
597
597
597
597
597
597
598
598
606
598
598
598
598
598
598
599
599
599
599
599
599
599
599
599
599
599
599
599
599
599
599
599
600
600
600
602
600
600
600
600
600
600
600
600
600
601
602
602
602
603
604
604
604
604
600
604
604
605
605
606
605
605
605
605
605
605
605
605
605
605
605
605
598
608
605
605
605
605
605
605
606
606
606
606
606
606
606
606
606
606
610
606
606
606
606
606
606
606
606
606
607
608
607
607
607
607
607
607
607
607
612
607
607
607
607
607
607
607
607
607
607
607
607
608
608
608
608
608
615
608
608
608
608
608
608
609
610
610
610
610
610
611
611
611
611
611
611
611
611
611
612
612
616
612
612
612
612
612
613
612
610
612
612
612
612
612
613
613
613
613
613
614
614
614
614
615
615
615
615
615
615
615
615
615
615
615
615
615
617
615
615
615
615
615
615
615
615
615
615
615
615
615
615
615
615
615
615
615
615
615
615
616
616
616
616
616
616
616
616
616
616
616
616
616
616
616
617
617
617
618
618
618
618
618
619
619
622
619
619
619
623
626
619
619
619
619
619
619
619
620
621
621
621
621
621
621
621
621
622
622
622
622
622
622
622
623
623
623
623
623
623
623
617
623
623
623
623
623
623
623
623
623
624
616
625
626
626
626
626
626
626
626
626
626
627
627
627
627
627
627
627
627
623
627
627
627
627
627
627
627
627
627
627
627
628
628
628
628
628
628
629
629
629
629
629
629
629
627
630
630
640
630
630
630
631
622
631
631
632
633
633
634
634
634
634
634
640
634
634
635
636
636
636
636
637
637
637
640
634
637
637
638
637
637
637
637
637
637
637
637
637
637
638
638
638
638
638
638
638
638
638
638
638
638
638
638
638
638
638
639
639
639
639
640
634
640
640
640
634
640
640
640
640
640
640
640
640
637
640
640
640
640
640
640
640
640
640
640
640
640
640
649
640
641
642
642
642
642
643
642
642
642
642
642
642
642
639
643
643
643
643
644
644
644
644
649
644
650
644
644
638
644
644
649
644
644
644
644
644
644
645
645
645
646
646
646
646
646
646
647
647
647
647
652
647
648
648
648
648
648
640
648
648
649
649
649
649
649
649
649
649
650
650
650
650
650
650
650
650
650
650
650
650
650
650
650
648
650
650
650
650
650
650
650
650
650
650
650
644
650
650
651
647
651
651
651
651
651
651
652
652
652
652
652
652
652
653
653
653
653
654
654
654
654
654
654
654
654
654
655
655
655
655
655
655
648
655
655
655
655
655
655
656
657
657
657
657
657
662
657
657
657
657
657
657
657
657
657
657
657
657
662
657
658
658
658
658
658
658
658
659
659
659
659
659
659
659
659
659
659
657
659
659
659
659
659
659
659
659
660
660
660
660
660
660
660
660
660
660
660
660
660
660
663
660
660
660
660
660
660
660
660
660
661
661
661
661
661
661
661
661
661
661
662
662
662
665
662
662
662
662
662
669
662
662
662
662
663
663
663
663
663
663
663
664
664
672
665
665
665
665
665
660
665
665
665
665
665
665
665
665
665
665
665
666
666
666
666
666
666
667
676
667
673
667
660
667
668
668
668
669
660
669
669
669
669
669
669
669
669
674
670
676
670
670
670
670
676
670
676
670
671
672
672
672
682
672
672
679
672
672
672
672
676
667
672
672
672
670
672
672
672
672
672
673
673
673
676
674
674
674
674
674
675
676
676
676
676
676
676
676
676
676
676
676
676
676
676
676
676
676
676
676
676
676
676
676
676
676
677
677
677
677
672
678
679
679
679
679
679
679
679
679
679
679
679
679
679
679
679
679
679
676
679
679
679
679
679
680
681
681
681
681
681
681
681
681
681
681
681
681
681
681
681
681
681
681
681
681
689
681
681
681
681
681
681
682
682
682
682
682
682
682
682
682
682
682
682
683
683
683
683
684
684
684
684
684
684
684
685
685
685
681
685
685
685
685
685
686
687
687
687
687
687
687
687
687
688
688
688
688
688
688
685
688
688
688
688
688
689
688
688
688
688
688
688
689
689
689
689
689
693
689
689
689
689
689
689
689
689
689
689
689
689
689
690
690
691
691
691
691
691
691
691
691
691
691
691
691
691
691
691
691
691
691
691
691
691
691
691
691
691
691
691
692
692
692
692
692
692
692
692
692
692
692
692
692
692
692
692
692
692
692
692
692
693
693
693
693
693
693
693
693
693
693
693
693
689
693
693
693
693
693
690
693
693
693
693
693
693
693
693
693
693
694
699
694
694
694
694
694
694
694
694
694
694
693
695
696
696
704
696
696
696
696
697
697
697
697
697
697
697
697
697
697
697
697
697
698
698
699
699
693
702
699
704
700
701
702
702
703
703
703
703
703
703
703
703
703
709
703
703
703
703
703
703
703
703
703
699
704
704
704
704
704
704
704
704
704
704
708
705
705
705
707
705
705
705
705
705
705
705
711
705
697
705
705
705
705
705
705
705
705
705
705
706
706
714
706
716
706
706
706
706
707
707
703
707
707
707
711
713
707
707
707
708
708
708
708
708
709
709
709
709
709
709
709
710
710
710
710
710
711
711
711
711
711
711
711
711
711
711
716
711
712
712
712
712
712
716
712
712
713
713
714
714
708
714
714
714
714
714
714
722
714
714
714
714
714
715
715
716
716
716
716
708
716
716
716
716
716
717
717
717
724
717
717
717
717
717
717
717
717
717
717
717
717
717
717
718
723
718
718
718
717
718
718
718
718
718
718
718
718
718
718
718
719
719
719
720
712
721
721
721
721
722
722
722
722
713
722
718
722
722
722
722
722
722
722
723
723
723
723
724
729
724
724
724
724
724
724
724
724
724
724
724
724
717
724
724
724
724
724
724
724
724
724
724
724
724
724
725
726
726
726
726
726
726
726
727
727
727
727
727
727
727
727
727
727
727
727
727
727
727
727
728
728
726
728
728
728
728
728
728
728
728
728
724
728
728
728
729
729
729
729
729
729
729
729
729
729
729
729
729
729
729
729
729
730
730
730
730
730
730
730
730
730
730
730
730
730
731
732
732
732
732
732
732
732
732
732
732
732
732
732
729
732
732
732
733
732
732
732
733
733
733
733
733
733
733
733
733
733
733
733
733
728
736
734
734
734
735
735
735
735
735
735
735
735
735
735
735
735
735
733
735
735
736
736
736
737
737
737
737
737
737
737
737
737
735
737
737
737
737
738
738
742
738
738
738
735
739
739
745
739
739
739
739
739
739
739
739
739
739
739
740
740
740
740
740
741
741
741
741
742
742
742
742
742
742
742
742
742
749
742
742
742
749
743
743
743
744
740
744
744
744
744
752
744
744
744
744
744
744
744
744
744
744
744
744
744
744
744
744
745
745
741
745
745
745
745
745
745
745
746
747
747
748
749
749
749
744
749
749
749
749
749
749
749
749
749
749
749
750
750
741
750
757
750
750
742
750
750
751
751
751
751
752
752
752
752
752
752
752
752
745
752
752
752
752
749
744
753
754
754
754
754
744
760
754
754
754
754
754
755
755
755
755
755
756
757
757
757
757
762
757
757
757
757
757
757
757
757
757
757
757
757
757
757
757
758
758
758
758
759
759
759
759
759
765
759
750
759
759
759
759
759
765
759
759
759
759
759
759
759
759
759
759
760
760
760
765
760
760
760
760
760
760
761
761
761
761
761
761
761
761
761
761
761
761
761
761
762
762
768
762
762
762
762
762
762
763
764
764
764
764
764
764
765
765
765
765
765
765
765
765
765
765
765
765
765
765
765
766
765
759
765
765
766
766
766
766
767
767
767
759
767
768
768
768
768
768
768
768
765
768
768
768
768
768
772
768
768
768
768
768
768
768
768
769
769
769
769
769
769
769
770
771
771
763
771
771
771
772
777
771
771
767
771
771
771
771
771
771
776
771
771
765
771
771
772
772
772
772
772
772
772
772
772
772
772
772
772
772
772
772
772
772
772
772
772
772
772
772
772
772
772
772
772
771
773
774
774
771
774
774
774
774
774
774
775
775
775
775
775
775
775
775
775
776
776
786
777
778
772
779
779
779
782
779
779
779
779
780
780
780
780
780
780
780
780
780
780
780
780
781
781
781
781
782
782
782
782
782
782
782
782
782
783
783
783
783
783
783
783
783
784
784
784
784
784
784
784
784
784
791
784
784
784
780
784
784
784
784
784
784
784
784
785
785
780
785
785
785
785
786
786
786
786
786
786
786
786
786
786
786
791
786
786
786
787
787
787
788
788
788
788
788
788
788
788
788
788
788
788
788
788
789
789
789
790
790
790
790
790
790
790
790
790
790
790
790
792
790
791
791
784
791
791
791
791
791
791
793
793
793
795
793
793
786
798
793
793
794
794
795
795
795
795
795
795
795
795
795
795
795
795
795
795
795
795
795
795
795
795
793
795
795
795
795
795
796
797
797
797
805
797
797
797
799
799
799
799
799
799
799
799
799
805
800
806
800
800
800
800
800
800
801
802
803
803
803
803
804
793
804
804
804
795
804
799
804
809
804
808
800
804
805
805
805
805
805
805
805
805
805
805
805
805
805
806
806
806
806
806
806
806
806
806
806
806
807
807
807
807
807
807
807
807
807
807
807
807
808
808
808
808
808
808
808
808
808
808
808
808
808
808
808
808
808
808
808
817
808
808
808
808
808
809
809
809
809
809
809
809
809
809
809
809
809
809
809
809
809
809
809
809
809
810
818
810
810
810
810
810
816
810
810
810
810
811
812
818
812
812
812
812
812
812
812
812
813
813
813
813
813
813
814
814
814
814
814
815
815
815
815
815
815
815
816
816
816
817
817
817
817
817
817
818
818
818
818
818
818
818
818
818
818
818
818
818
815
818
812
816
818
810
812
818
818
0
