2
0
0
0
0
0
0
0
0
0
1
1
1
2
2
2
2
2
0
2
2
2
2
2
2
2
3
3
3
3
3
3
3
3
3
3
3
3
3
3
3
3
3
3
3
4
4
4
4
4
4
5
5
5
5
5
5
5
5
6
6
6
6
6
6
6
6
6
6
6
6
6
6
6
6
6
6
3
6
6
6
6
6
6
7
7
10
7
7
7
17
7
7
7
7
7
7
8
8
8
8
8
8
9
9
10
10
10
10
10
10
10
10
10
10
10
11
12
12
12
12
12
12
12
12
12
12
12
12
12
12
12
13
13
13
13
13
6
13
13
13
13
13
13
9
13
13
13
14
14
14
14
14
8
7
14
14
12
14
14
14
14
14
14
21
15
16
16
16
16
16
18
18
18
18
14
18
18
18
18
18
18
18
18
18
18
18
18
19
19
27
19
19
19
20
21
21
21
21
21
21
21
21
19
21
21
21
21
21
21
21
21
22
22
22
22
22
22
22
23
24
24
24
25
26
27
27
27
27
27
27
27
27
27
27
27
27
27
27
28
28
28
28
28
28
28
28
28
28
33
28
28
28
28
28
28
28
28
28
29
29
29
29
29
29
29
29
29
29
29
29
30
30
30
30
30
30
30
30
30
30
30
40
30
34
30
30
30
30
30
30
30
30
31
32
32
32
32
32
32
32
32
32
32
32
33
33
33
33
34
34
34
34
34
34
34
34
34
34
34
35
35
35
35
35
36
36
36
36
36
46
36
37
38
38
38
38
38
39
39
39
39
39
40
40
40
40
40
40
40
40
40
40
40
40
40
40
40
40
40
41
41
41
41
41
41
41
41
41
41
41
42
42
42
42
42
42
42
42
42
42
43
43
43
43
43
43
43
43
43
43
43
43
43
43
44
44
44
44
45
46
46
46
36
46
46
46
46
46
41
46
46
46
47
47
47
47
47
47
47
47
47
47
47
47
47
47
47
47
47
47
47
47
47
47
47
47
48
48
48
48
48
51
48
48
48
48
48
48
49
49
49
49
49
49
47
49
50
50
50
50
50
50
50
50
50
50
51
51
51
51
51
51
51
51
47
51
51
51
52
52
52
52
52
52
57
52
52
52
52
53
53
53
47
53
53
53
53
53
53
53
53
53
53
53
54
54
54
54
54
54
53
54
54
54
54
54
55
55
55
55
55
55
55
56
58
58
58
51
58
58
62
58
58
58
58
58
59
59
59
65
59
59
59
59
60
60
60
60
60
60
60
60
60
61
61
61
61
55
61
61
61
62
63
62
62
62
62
62
62
62
63
63
63
63
63
63
63
63
63
63
70
60
63
63
63
63
64
64
64
70
64
62
73
64
64
64
64
64
64
65
65
65
65
65
65
65
65
65
65
65
66
67
67
67
67
67
67
67
67
67
68
68
68
68
68
68
74
76
68
68
69
69
69
69
69
69
69
70
70
70
70
70
70
70
70
70
70
70
70
77
70
70
70
71
71
71
71
68
71
71
72
73
73
73
73
73
73
73
73
73
73
73
73
73
73
84
74
74
74
74
74
74
74
75
75
76
76
76
76
76
76
77
77
77
77
77
77
78
79
79
79
79
79
79
79
79
80
80
80
80
80
80
80
86
80
80
80
81
81
81
81
81
81
81
81
81
81
82
82
82
82
83
83
83
83
83
83
83
83
83
84
84
84
84
84
84
84
84
84
84
84
85
85
85
85
85
85
85
86
86
86
86
86
86
86
86
86
86
87
87
87
87
87
87
87
87
88
88
88
88
88
88
88
88
88
88
88
88
88
88
89
89
89
89
89
89
89
89
89
90
90
90
90
90
90
90
90
90
90
90
90
90
91
91
91
91
91
91
91
91
91
91
91
92
92
92
92
92
92
92
92
92
92
92
92
92
91
87
92
92
92
92
93
93
93
93
93
93
93
93
93
93
93
93
93
93
93
93
93
93
93
93
93
94
94
95
96
96
96
96
96
96
96
96
97
97
97
97
97
97
97
97
93
98
98
98
98
98
99
99
99
99
100
100
100
100
100
100
100
100
100
100
100
100
101
101
101
101
101
101
101
102
103
103
103
112
103
103
103
103
103
104
104
104
104
105
105
105
105
105
105
105
106
106
106
107
107
108
108
109
109
109
109
109
109
109
109
109
110
110
110
105
110
110
112
110
110
110
117
110
110
111
112
112
112
112
112
112
112
112
113
113
113
113
113
113
113
113
113
113
113
113
113
114
114
114
114
114
114
114
115
101
115
115
115
116
116
116
117
117
117
117
117
117
117
117
115
130
118
118
119
120
120
121
122
123
123
124
124
124
124
124
124
124
124
124
124
124
124
124
124
125
125
125
126
127
127
113
127
127
127
127
127
127
127
127
127
127
127
127
127
127
127
128
128
128
128
128
128
128
128
130
128
128
123
128
128
128
128
128
128
128
128
129
129
129
129
129
129
129
135
129
129
129
129
130
130
130
130
130
130
130
130
130
131
132
132
132
132
132
132
133
133
133
133
133
133
133
133
133
133
133
133
133
133
133
128
133
133
133
134
134
134
134
134
134
134
134
134
134
134
134
133
135
135
135
135
135
135
135
135
135
135
135
135
135
136
137
137
137
137
137
137
137
135
137
137
137
137
137
137
138
138
138
138
138
138
138
138
138
138
138
138
138
138
138
138
138
138
138
138
138
140
140
140
140
141
141
141
141
141
141
141
141
141
141
135
141
141
141
141
141
141
141
141
141
141
141
141
141
141
141
141
142
142
142
142
142
142
142
143
143
143
143
143
143
143
143
143
143
144
144
144
144
144
144
144
145
145
146
146
146
146
146
146
146
146
146
146
139
147
146
146
146
146
147
147
147
147
147
147
147
147
147
147
147
147
147
147
147
148
147
148
148
148
146
148
148
148
148
148
149
150
141
150
150
150
150
150
150
150
150
150
150
151
151
151
151
152
152
152
152
152
152
152
150
153
153
156
153
153
153
153
153
153
153
153
153
153
153
153
154
154
150
154
154
154
154
154
154
154
155
155
155
155
155
155
155
155
155
155
155
155
155
155
155
155
155
155
156
156
156
156
156
156
156
156
156
156
157
157
157
157
157
157
155
157
157
158
162
158
158
158
158
158
158
158
159
159
159
159
159
159
159
159
159
159
159
159
159
159
159
159
159
160
161
161
161
161
161
161
161
161
162
159
162
162
162
162
162
162
162
162
162
162
162
162
162
162
162
162
162
162
162
163
163
163
163
163
163
164
164
164
164
164
164
164
164
165
165
165
165
165
165
165
165
165
165
165
165
166
166
166
166
166
166
166
166
166
166
166
166
166
166
166
166
166
166
167
167
167
167
167
167
167
167
167
167
167
171
168
168
168
168
167
168
168
168
169
169
169
169
169
165
169
169
169
166
170
170
170
170
170
170
170
170
170
171
171
171
166
171
171
171
171
171
171
171
172
172
172
172
172
172
172
172
173
173
178
173
173
173
173
173
173
173
173
173
173
173
173
173
173
173
174
174
174
174
174
174
175
175
175
175
175
176
176
176
176
176
176
177
177
177
177
177
177
177
177
177
177
177
177
177
177
177
177
178
178
178
178
178
178
178
179
181
179
179
179
179
179
179
179
172
179
179
179
179
179
179
180
180
180
180
180
180
180
176
180
180
180
180
180
181
181
181
181
181
181
181
181
181
181
181
181
181
181
182
181
181
181
181
181
181
181
181
181
181
182
182
182
182
182
182
182
182
182
182
182
182
182
181
182
187
182
183
183
183
183
183
183
183
183
183
183
184
184
184
184
184
184
184
184
184
185
185
185
185
185
185
185
185
185
185
185
185
186
186
186
186
186
186
186
186
186
186
186
186
186
187
187
187
187
187
187
187
192
187
187
187
187
187
188
182
188
188
188
188
188
189
189
189
189
189
189
189
189
189
189
190
191
191
191
191
191
191
198
191
191
191
191
191
191
191
191
191
191
191
191
191
191
191
191
192
192
192
192
192
192
192
192
192
192
192
192
192
192
195
192
192
192
192
192
193
193
193
193
193
193
193
193
193
193
193
194
195
195
195
195
195
195
195
195
195
195
195
195
195
195
195
195
195
195
195
195
195
196
196
196
197
198
198
198
198
203
198
198
198
198
198
198
198
199
199
199
199
199
199
199
199
199
199
206
199
200
200
200
200
200
201
200
200
200
200
200
200
200
200
201
201
201
201
201
201
201
201
201
201
201
201
201
201
201
201
201
202
202
202
202
202
202
202
202
202
202
202
202
202
202
202
202
202
202
202
202
203
203
203
203
203
204
204
204
204
204
204
205
205
205
205
205
205
205
205
206
206
206
206
206
206
206
206
206
206
206
206
206
206
206
206
207
207
207
207
207
207
207
207
207
207
207
207
215
207
207
207
208
208
208
208
208
208
208
208
209
209
209
209
209
209
209
209
209
210
210
210
211
211
211
211
211
211
211
211
216
211
212
212
212
212
212
212
212
212
212
213
214
214
214
214
214
214
214
214
214
214
214
214
215
215
215
215
215
215
215
215
215
215
215
215
215
215
215
215
215
215
216
216
216
216
216
216
216
216
216
216
216
216
216
216
217
217
217
217
217
217
218
218
218
218
218
218
218
218
218
218
218
218
218
220
218
218
218
218
218
218
218
218
218
218
218
218
218
219
219
219
219
219
219
219
219
219
219
219
219
219
219
220
220
220
220
220
220
220
220
220
220
220
220
220
221
221
221
221
221
221
221
221
221
221
221
221
221
221
223
221
221
221
221
222
222
222
222
222
222
222
222
222
222
222
222
222
222
222
222
222
222
222
222
222
222
223
223
223
223
223
223
223
223
223
223
223
223
223
223
223
223
223
223
223
224
224
224
224
229
224
224
224
225
225
225
226
226
226
226
226
226
226
226
226
226
221
223
227
228
228
228
235
228
228
228
228
228
228
228
228
228
228
228
228
228
228
228
229
229
229
229
229
229
229
229
229
230
224
230
230
230
230
230
230
230
230
230
231
231
231
231
232
232
232
232
232
233
234
234
235
235
235
235
235
235
235
235
235
235
235
235
235
231
235
235
235
235
235
235
235
235
236
236
236
236
236
236
236
236
236
236
236
236
237
237
237
237
237
237
237
237
237
238
239
239
239
239
239
239
239
239
240
240
240
240
240
240
240
240
241
241
241
241
241
242
242
242
242
242
242
242
242
242
242
243
243
243
243
243
243
243
243
243
243
243
243
243
243
243
243
243
244
244
244
244
244
245
245
245
245
245
245
245
245
245
245
246
246
247
247
247
247
247
247
247
249
250
250
250
250
250
250
250
250
250
250
250
250
251
251
251
251
251
252
252
252
252
252
252
252
252
252
252
252
252
252
252
252
252
252
252
253
253
253
253
253
260
253
253
253
253
253
253
254
254
254
254
254
254
254
254
255
250
256
256
256
257
257
257
258
258
267
259
259
260
260
260
260
248
260
260
260
261
252
261
261
261
261
261
261
262
262
262
262
262
263
263
263
263
258
263
263
264
264
264
260
264
268
265
266
266
266
266
264
266
266
266
266
266
267
267
267
267
267
267
267
267
267
267
267
267
267
267
267
254
268
268
268
268
268
268
268
268
268
268
269
269
269
269
269
269
270
270
270
270
271
271
271
271
271
271
271
271
271
271
271
271
271
271
272
272
272
272
272
272
272
277
272
272
272
272
272
272
272
272
272
272
272
270
272
272
272
272
272
273
273
273
273
273
273
273
273
274
278
274
274
274
274
274
274
274
274
274
274
274
274
269
274
274
274
274
274
274
274
269
274
274
274
275
275
275
275
275
275
275
275
275
275
275
278
275
275
275
275
275
275
275
275
276
276
276
276
277
277
277
274
277
277
277
277
283
277
277
277
277
277
278
278
278
278
278
278
278
278
278
278
278
278
278
278
278
278
278
278
278
278
278
282
278
278
278
278
278
278
278
279
279
280
281
281
281
281
281
281
281
281
281
281
281
281
281
281
281
282
282
282
282
283
283
283
283
283
283
283
283
283
283
283
283
283
283
283
283
283
283
283
283
283
284
285
285
285
286
286
286
286
286
286
286
286
286
286
286
286
287
287
287
287
287
287
287
287
288
288
288
288
288
289
289
289
289
289
289
289
289
289
289
289
289
289
289
289
289
289
289
289
289
289
291
289
289
289
289
289
290
291
295
291
291
291
291
291
291
291
291
291
291
291
285
291
291
291
291
291
291
291
291
291
291
291
291
291
291
291
292
292
292
292
292
292
292
292
292
293
293
293
293
293
293
293
293
293
293
294
294
294
294
294
289
294
294
294
294
294
295
295
295
295
295
295
295
295
295
295
295
295
295
295
295
295
295
296
297
298
298
298
298
298
298
298
298
298
298
298
298
298
298
298
299
299
299
299
299
299
299
299
299
299
299
299
299
299
299
299
299
300
300
300
300
300
300
300
300
300
300
300
300
300
300
300
301
301
302
301
301
301
301
301
301
301
301
301
301
301
301
302
302
302
302
302
302
302
302
302
302
302
302
302
302
302
302
302
302
302
302
302
302
302
302
303
303
303
303
303
303
303
303
303
303
303
303
303
303
303
303
303
299
304
304
304
304
304
304
304
305
305
308
305
305
305
305
306
307
306
306
302
306
306
315
306
307
307
307
307
307
307
307
307
307
307
307
307
307
308
308
308
308
308
308
308
308
308
308
308
308
308
308
308
308
308
309
309
309
309
309
309
309
309
309
309
310
310
316
310
310
310
310
310
311
312
312
312
312
312
312
312
312
312
313
316
313
314
315
315
315
315
315
315
315
315
315
315
315
315
315
316
316
316
316
316
316
316
316
316
316
316
316
316
316
316
316
316
316
316
316
316
317
317
317
317
317
317
317
317
317
317
317
317
317
317
317
317
317
317
317
317
317
317
319
317
317
317
318
318
318
318
319
319
319
319
319
319
319
319
320
321
321
321
322
322
322
322
319
322
322
322
322
322
322
322
322
322
322
322
322
322
323
323
324
324
324
324
324
324
324
324
324
324
324
324
324
324
324
324
324
325
325
325
325
325
325
325
325
326
326
328
326
326
326
326
326
326
326
326
326
326
326
326
326
326
319
326
326
326
327
327
327
327
327
328
328
328
328
328
328
328
328
328
328
328
329
329
329
329
329
329
329
329
329
330
330
330
330
330
330
330
330
330
330
330
331
331
331
331
331
331
331
331
331
331
331
331
331
333
333
333
325
333
333
333
333
334
334
334
334
334
334
334
334
334
334
334
334
334
335
335
335
335
335
335
335
335
335
335
335
334
335
335
335
335
335
335
335
336
337
335
337
337
337
337
337
337
337
337
337
337
337
337
337
337
337
335
337
337
337
338
338
338
338
338
338
338
338
338
338
338
338
339
339
339
339
339
332
339
339
339
339
339
339
339
339
334
339
339
339
340
339
339
339
339
339
340
340
340
340
340
340
340
340
340
340
340
340
340
340
340
340
335
340
340
340
340
341
341
341
341
341
341
341
341
341
347
341
342
342
342
342
342
342
342
342
342
342
342
343
343
343
343
344
338
344
344
344
344
344
344
344
344
344
344
347
344
344
344
344
344
344
344
344
344
345
346
346
347
347
347
347
347
347
344
347
347
347
347
348
349
349
349
349
349
349
349
349
349
349
349
349
349
349
349
349
349
349
349
349
349
349
349
349
349
344
349
349
355
349
349
349
349
349
349
349
349
349
350
350
350
350
350
350
350
350
350
350
350
350
350
351
354
351
351
351
351
351
351
351
351
351
351
351
351
351
351
351
351
351
351
364
353
353
353
354
354
354
354
349
354
362
354
355
355
355
355
355
355
355
355
355
355
355
356
349
356
356
356
356
356
356
356
356
356
354
356
356
357
357
357
358
358
352
358
358
358
358
358
358
358
358
358
358
358
358
358
358
358
358
358
358
359
359
359
359
359
359
360
360
360
360
360
360
360
363
360
360
360
361
361
361
361
361
361
363
361
362
362
362
362
362
362
362
362
362
362
362
362
362
362
363
363
363
363
363
363
363
363
363
363
363
363
363
363
363
363
364
364
364
364
364
364
364
364
364
364
364
364
364
364
365
365
365
365
366
366
366
367
367
367
367
367
367
367
367
367
367
367
367
367
367
367
367
367
367
367
368
368
368
368
368
368
368
368
368
369
369
369
370
370
370
370
370
370
370
370
370
370
370
370
371
371
371
371
371
371
371
371
371
371
371
371
371
371
371
371
372
372
372
372
372
372
373
373
373
374
374
374
374
374
374
374
374
374
374
374
374
374
374
374
375
375
375
375
379
375
375
383
375
375
375
375
375
376
376
376
376
376
376
376
376
376
376
376
377
377
377
377
377
377
377
378
379
371
379
379
379
379
379
379
379
379
379
380
380
380
380
380
380
380
380
380
381
381
382
383
383
384
384
384
384
384
384
384
390
384
384
384
384
384
384
384
384
384
384
384
384
384
384
384
384
384
385
385
385
385
385
375
385
385
385
385
385
385
385
385
386
387
384
388
388
388
388
393
388
388
388
388
388
388
388
388
388
388
388
388
388
388
388
389
390
390
390
390
390
390
390
390
390
390
390
391
391
391
384
391
391
391
391
391
398
391
391
391
392
392
392
392
392
392
392
392
393
393
393
393
393
393
393
393
393
393
384
393
393
393
393
394
394
394
394
394
394
394
394
393
394
394
394
394
394
394
394
394
394
394
398
394
394
395
395
395
395
395
395
400
395
396
396
396
396
396
393
396
397
397
397
397
397
398
398
398
398
398
398
398
398
398
398
398
398
398
399
399
399
399
399
399
399
399
399
399
399
399
399
393
399
399
399
399
399
400
400
400
400
400
400
400
400
400
400
400
400
400
400
400
400
400
403
400
400
400
400
400
400
400
400
401
401
401
401
401
402
403
403
403
404
408
404
404
404
404
404
404
404
408
404
404
397
404
404
404
404
405
405
405
405
405
405
405
405
405
405
405
405
405
405
408
405
406
406
406
406
406
406
405
407
407
407
407
407
408
408
408
408
408
408
408
408
408
408
408
408
408
408
408
408
408
408
409
409
409
409
409
409
409
409
408
409
409
409
409
409
409
409
409
409
409
409
409
409
410
410
410
410
410
410
410
410
410
410
410
410
410
410
410
410
410
410
410
410
410
410
411
411
414
411
411
411
412
412
412
412
412
412
412
418
412
412
412
410
412
418
412
412
412
412
412
412
412
419
412
413
413
413
412
413
413
413
413
413
414
414
414
414
414
414
414
414
414
414
414
414
415
415
415
415
415
415
415
415
415
415
415
415
415
416
416
416
416
416
416
416
416
417
417
417
417
417
417
418
418
418
418
419
419
419
419
419
423
419
419
420
420
420
420
420
420
420
420
420
420
420
420
420
420
420
420
420
421
421
421
421
422
422
422
426
422
422
422
422
422
422
422
423
417
423
423
423
423
423
423
423
423
423
423
423
423
423
423
426
423
423
423
424
424
424
424
424
424
423
424
424
424
424
424
424
424
424
424
425
425
426
425
425
425
425
425
425
426
426
433
426
426
426
420
426
426
426
426
427
426
426
426
427
427
427
427
427
427
427
427
427
427
427
427
427
427
428
428
428
428
428
428
428
428
428
428
428
428
429
430
430
430
429
431
431
431
431
431
431
431
431
431
431
431
431
431
431
431
432
434
432
432
432
432
433
433
433
433
433
433
433
433
433
433
433
433
433
433
433
433
434
434
434
434
434
434
434
434
434
434
434
439
434
434
434
434
434
434
434
435
435
435
435
435
435
436
442
436
436
437
437
437
437
437
437
437
431
437
438
438
438
438
438
438
438
438
438
439
439
439
439
439
439
440
440
440
440
440
440
440
440
440
440
440
440
440
441
441
441
441
441
445
441
441
441
441
441
441
441
441
441
441
441
441
441
441
441
441
441
441
441
441
441
441
441
441
437
441
447
441
441
441
441
442
442
442
442
442
442
442
442
442
442
442
442
442
443
443
443
443
443
443
443
443
443
443
443
444
444
444
444
444
444
444
444
445
445
445
445
445
445
445
445
445
445
445
445
445
445
445
443
446
446
446
446
446
446
446
446
446
446
446
446
446
446
446
447
447
447
447
447
447
447
448
447
447
447
447
447
447
447
447
447
447
447
447
448
448
448
448
448
448
456
448
448
448
448
449
449
449
449
449
449
449
449
446
449
450
450
450
450
450
450
450
450
450
457
450
450
450
450
450
450
450
450
451
451
451
451
451
451
451
451
452
453
453
453
453
453
453
453
453
453
453
453
453
453
453
453
453
454
454
455
455
455
455
455
455
455
455
455
455
455
455
456
455
456
456
456
456
456
456
456
456
456
456
456
457
457
457
457
457
457
457
457
453
456
457
457
457
457
457
457
457
457
458
453
458
458
458
458
458
458
458
458
458
458
458
458
459
460
460
460
460
460
460
460
460
460
460
460
460
460
460
460
460
460
460
460
461
461
461
461
461
461
461
461
461
461
461
470
461
461
461
461
461
461
466
453
461
461
461
461
462
462
462
462
462
462
462
462
463
463
463
463
463
463
463
463
463
463
464
464
464
464
464
464
464
464
464
464
465
465
465
465
465
465
465
466
466
466
466
466
466
466
467
468
468
468
468
468
468
468
469
469
469
469
470
470
470
470
470
470
470
470
470
470
471
471
471
471
471
471
471
471
472
472
472
472
472
472
472
472
472
472
472
472
472
472
472
472
473
473
473
473
473
473
473
473
473
473
473
474
477
474
474
474
474
474
474
474
474
474
474
474
473
475
475
475
475
475
475
475
475
475
475
475
475
480
475
475
475
476
476
476
476
476
482
476
476
476
476
476
476
477
477
477
477
477
477
477
477
477
477
477
477
477
477
477
472
477
478
478
478
478
479
479
479
479
479
479
479
479
479
479
479
480
480
480
480
480
480
480
480
480
480
480
480
480
480
480
480
481
481
481
481
481
485
482
482
482
482
482
482
482
482
482
483
483
483
483
483
483
483
483
483
483
483
483
483
483
487
484
484
484
485
484
484
484
484
484
484
485
485
485
485
485
485
485
485
485
485
485
485
485
485
485
485
485
485
485
485
485
485
485
486
486
486
486
486
486
486
486
486
486
486
486
486
486
486
487
487
487
487
487
487
487
487
487
487
487
487
487
487
487
487
488
488
488
488
488
488
488
488
488
488
488
488
488
488
488
488
489
489
489
489
489
489
489
489
490
490
490
490
490
490
487
490
490
491
491
491
491
491
491
491
492
492
492
492
492
492
492
492
492
492
492
492
492
492
492
493
493
493
494
494
494
494
494
494
494
494
494
494
494
494
495
495
495
495
488
495
496
496
496
496
496
496
496
488
496
496
497
497
497
497
497
497
497
497
497
498
498
498
498
498
498
498
498
498
499
498
498
498
491
498
498
498
498
498
498
498
498
498
498
498
500
501
501
501
501
498
508
501
501
501
508
501
501
501
501
501
501
501
501
501
501
502
502
502
502
502
502
502
502
502
502
498
502
502
502
502
503
503
503
503
503
503
503
503
503
503
503
503
503
503
503
503
503
503
503
503
503
504
504
505
505
505
505
505
505
505
506
507
507
507
507
507
507
508
508
508
508
508
508
508
508
508
508
508
508
508
508
508
509
509
509
509
509
509
509
509
509
509
509
509
509
509
509
510
510
510
510
510
510
510
510
510
515
510
510
510
511
511
511
511
511
511
511
513
514
514
514
514
514
514
514
514
514
514
514
514
515
515
515
515
515
515
515
515
515
515
515
515
515
515
516
516
516
516
516
516
516
516
516
516
516
516
517
517
517
517
517
517
521
517
525
517
517
518
518
518
518
518
518
518
518
518
518
518
518
518
518
518
518
518
519
512
519
519
519
519
519
520
520
520
520
520
520
520
520
520
521
521
521
521
521
521
521
521
522
522
522
523
523
523
523
523
524
525
525
525
525
525
525
525
525
525
525
525
525
525
525
516
525
525
525
525
525
525
525
525
525
525
525
525
525
525
526
526
526
526
526
526
526
526
526
526
526
526
526
526
526
526
526
526
526
526
526
526
527
528
528
528
528
529
528
528
528
528
529
529
529
529
530
530
530
530
530
530
530
530
530
530
531
531
531
531
531
531
531
533
531
531
531
528
532
532
532
532
532
532
533
533
533
533
533
533
533
533
533
533
533
533
533
533
533
533
533
533
533
533
526
533
533
533
533
533
533
533
533
534
534
534
534
534
534
534
534
534
534
533
534
534
534
534
535
535
533
535
535
535
535
535
535
536
536
536
536
536
536
536
536
537
538
538
538
538
538
538
538
538
538
539
539
539
539
539
539
539
539
539
539
540
540
540
540
540
540
540
540
540
540
540
540
540
540
540
540
540
540
540
540
540
540
540
540
540
540
540
540
540
540
541
541
541
541
541
541
541
541
541
541
541
541
541
541
541
541
541
541
541
541
541
541
541
539
542
542
542
542
542
541
542
542
542
542
540
542
542
543
544
545
546
547
547
547
547
547
548
548
548
548
548
550
548
548
548
548
548
548
548
540
548
548
548
548
548
548
548
548
548
548
548
548
548
548
548
549
549
549
549
549
549
549
549
549
549
549
549
550
550
550
551
551
551
551
551
551
551
551
551
551
551
551
551
551
551
551
551
552
552
553
553
553
553
553
553
553
554
555
555
555
555
555
555
555
555
555
555
555
555
556
556
556
556
556
556
556
556
556
557
558
553
558
568
558
558
558
558
548
558
558
558
558
558
558
559
563
559
559
559
559
559
559
559
559
562
559
559
559
560
560
560
560
560
561
561
561
561
562
562
562
562
571
562
562
562
562
562
562
562
563
563
561
563
563
564
564
564
564
564
564
565
565
565
565
565
565
565
566
566
566
566
566
566
566
566
567
567
567
567
568
568
568
569
570
570
570
570
570
570
570
570
570
570
570
570
570
571
571
571
571
571
571
571
571
571
571
571
571
571
571
562
571
571
571
578
571
571
571
571
571
571
571
572
571
572
572
572
572
572
572
572
572
578
572
572
572
572
564
572
578
572
572
572
572
572
572
572
572
572
572
572
572
572
573
573
573
573
573
573
573
573
574
574
574
574
574
574
574
574
574
574
575
575
575
575
575
575
575
575
575
575
576
576
576
576
576
580
576
576
576
577
583
578
578
578
578
578
578
578
578
578
579
579
579
579
579
579
579
579
580
580
580
580
580
580
581
581
582
582
582
582
583
574
583
583
583
583
583
583
583
583
583
583
584
586
586
586
586
586
586
586
586
586
587
587
587
586
587
587
587
587
587
587
593
587
587
587
587
587
588
588
588
588
588
588
588
588
582
588
588
588
588
588
588
588
588
588
588
588
588
589
589
588
589
589
589
589
596
589
589
589
589
589
589
589
589
590
591
591
591
591
591
591
591
592
592
592
592
592
592
592
592
592
592
592
585
593
598
593
593
593
593
593
593
593
593
594
594
594
594
594
594
594
588
594
594
587
594
594
595
595
595
595
595
595
595
595
595
595
595
595
595
595
595
596
596
596
596
598
596
594
596
599
596
596
596
596
596
596
596
596
596
596
597
597
597
597
597
597
597
597
597
597
597
597
597
597
598
598
598
598
598
598
598
598
598
598
598
598
599
599
599
599
599
599
599
599
599
599
599
599
604
599
600
600
600
600
600
600
601
601
601
601
601
601
601
601
601
601
601
601
601
601
601
601
601
601
601
601
601
601
601
602
602
602
602
602
597
602
602
602
602
602
602
602
602
602
602
603
603
603
604
604
604
604
604
604
604
604
604
604
604
604
604
604
604
604
604
604
610
604
604
604
604
604
604
604
605
605
605
605
605
606
607
607
607
607
607
607
607
607
608
608
608
603
608
608
608
608
608
608
608
608
608
608
608
608
608
608
609
609
609
609
609
609
609
609
609
609
609
609
609
618
604
609
610
610
610
610
610
610
610
611
611
611
611
611
611
611
611
612
619
612
612
612
612
612
612
613
613
613
613
613
613
613
613
613
613
613
614
614
614
614
614
614
614
614
614
614
614
614
614
614
614
615
615
615
615
615
616
616
616
616
616
616
616
616
617
617
624
617
617
617
617
617
618
618
618
618
618
618
618
618
618
618
618
618
618
618
619
619
619
619
619
619
619
619
619
619
619
620
620
620
620
620
620
619
620
620
620
619
620
620
620
620
621
621
621
621
621
621
621
621
621
621
621
621
621
621
621
622
623
623
623
623
623
623
623
623
623
623
623
623
623
623
624
624
624
624
624
624
624
624
624
624
624
630
633
624
624
624
624
625
626
627
627
627
627
627
627
627
627
628
628
628
628
628
628
628
628
628
628
628
628
628
628
628
628
628
628
628
628
628
628
628
628
628
628
628
628
629
629
639
629
629
629
629
629
629
629
629
630
630
630
630
630
630
630
630
630
630
630
631
631
631
631
631
631
632
633
633
633
633
633
633
633
633
633
633
633
633
634
634
634
634
634
635
635
635
635
635
635
635
635
635
635
635
636
636
629
635
636
636
636
637
637
637
637
637
637
637
637
637
637
637
637
637
634
637
636
637
638
638
638
639
639
639
639
639
639
639
639
633
640
640
640
640
640
640
640
640
640
640
640
640
641
641
641
641
641
641
641
641
641
641
641
641
641
641
641
641
641
641
639
641
641
641
641
641
641
641
642
642
642
643
643
643
643
643
643
642
643
643
643
643
643
643
643
643
644
644
644
650
644
644
644
644
644
644
645
645
645
645
645
645
650
645
645
645
645
645
645
646
647
647
647
647
647
647
647
647
647
647
647
647
647
647
647
648
649
649
649
649
649
649
649
649
650
650
650
651
651
651
651
651
651
651
651
651
652
652
652
652
652
652
652
652
652
652
652
653
653
653
653
656
653
653
653
654
654
654
654
655
655
655
655
655
655
655
655
656
656
656
656
656
656
656
656
656
656
656
656
656
656
656
657
657
657
657
657
657
657
658
656
658
658
658
658
658
658
658
658
658
658
658
658
658
658
658
658
658
658
658
659
659
659
659
659
659
659
659
661
658
659
659
659
659
659
660
660
660
660
660
660
660
660
660
660
660
660
660
660
660
660
660
660
660
660
660
660
657
660
660
660
665
661
661
661
661
661
661
661
661
661
661
661
661
661
661
661
661
661
661
661
662
662
662
662
662
662
662
662
662
662
662
662
662
663
663
663
663
663
663
663
664
664
664
664
665
665
665
665
665
665
665
665
665
665
665
660
665
666
666
666
666
666
666
671
666
667
667
668
668
668
669
669
669
669
669
669
669
669
669
669
669
669
669
669
669
669
669
669
669
670
670
670
670
670
670
670
670
670
670
670
670
670
670
670
670
670
670
670
670
665
670
670
676
670
670
670
670
671
671
671
671
671
671
671
671
671
671
672
672
672
672
672
672
672
672
672
672
672
673
673
673
673
673
673
673
673
673
673
673
674
674
674
674
674
674
675
675
675
684
675
675
676
676
676
676
676
676
676
676
676
676
676
676
677
677
677
677
678
678
678
678
678
678
679
679
679
679
679
678
679
680
680
680
680
680
680
680
681
682
682
682
682
682
682
682
682
683
683
683
683
683
683
683
683
683
683
683
684
684
684
684
685
684
684
685
685
685
685
685
685
683
685
685
686
686
686
686
686
686
686
686
686
686
686
686
677
686
686
686
687
687
687
687
687
687
687
687
687
687
687
687
687
687
687
687
687
687
687
687
687
687
687
688
688
688
688
689
689
689
689
689
689
689
689
689
690
690
690
691
691
696
691
691
691
691
691
691
691
691
691
692
692
696
692
684
692
692
692
692
696
692
692
692
687
692
692
692
692
692
692
692
692
692
693
693
693
693
693
693
693
694
694
694
694
694
695
695
695
695
695
695
695
695
695
695
695
695
695
695
695
696
696
696
696
696
696
696
696
696
696
696
696
696
696
696
696
696
696
696
696
696
697
697
697
697
697
697
697
697
697
697
697
697
697
697
697
697
697
697
697
697
697
697
697
697
697
697
697
697
697
697
697
697
697
697
698
699
694
695
700
700
700
700
700
700
700
700
700
700
701
701
701
701
701
701
701
702
702
700
702
702
700
702
702
697
701
702
702
702
702
703
704
704
704
704
704
704
705
705
706
706
706
706
706
706
706
706
706
706
706
706
706
706
706
707
707
707
707
707
707
707
701
707
707
707
707
707
707
708
708
708
708
708
708
708
708
708
708
708
708
708
708
709
706
710
710
710
710
719
710
710
711
711
711
711
711
711
704
711
711
711
711
711
712
712
712
712
712
712
713
713
713
714
714
714
714
714
714
715
715
715
715
706
715
715
715
715
715
715
715
715
715
715
715
715
720
715
708
715
716
716
716
716
716
716
716
717
717
717
717
717
717
717
717
718
724
718
718
720
720
720
720
720
720
720
720
720
720
720
720
720
720
720
720
720
720
720
720
720
730
720
720
721
721
722
722
722
722
722
722
722
723
724
724
724
724
724
724
724
725
725
725
725
725
725
725
725
725
725
725
725
725
725
725
725
725
725
725
733
725
726
726
726
726
726
726
726
726
726
726
731
728
728
728
728
728
729
729
729
729
729
730
730
730
730
727
730
730
730
730
730
730
730
730
730
730
731
731
731
731
731
731
731
731
739
731
732
733
733
733
733
733
733
733
733
733
731
733
733
733
733
734
734
734
734
735
735
735
735
735
736
736
731
736
736
737
737
737
737
737
737
738
738
738
738
738
739
739
739
739
739
739
739
739
739
734
739
739
729
739
739
740
740
740
740
740
740
741
741
741
741
741
741
741
741
736
742
742
742
742
742
742
742
742
743
743
743
743
743
744
743
743
743
743
743
744
744
744
744
744
744
744
744
744
744
744
745
745
745
745
745
745
745
745
745
745
745
745
745
745
746
746
747
747
747
747
747
747
747
747
747
747
747
747
747
747
747
747
748
748
748
748
748
748
748
748
749
750
750
750
750
750
750
751
751
751
751
751
751
751
751
751
756
751
752
752
752
753
754
754
754
754
754
754
754
754
754
754
754
754
755
755
755
755
756
756
756
756
756
756
756
756
756
756
745
756
756
756
756
756
756
756
756
756
756
756
756
756
756
756
756
756
756
756
757
757
757
757
757
757
757
757
757
757
757
757
757
757
758
758
758
758
758
758
758
758
758
758
758
758
758
758
758
758
759
759
759
759
759
759
759
759
759
759
760
760
760
760
760
760
760
761
761
761
761
761
761
761
761
761
762
762
762
762
762
762
762
763
763
763
763
763
763
763
763
763
763
763
763
763
763
763
763
763
763
763
763
763
763
764
764
764
764
764
764
764
764
764
770
764
764
764
764
764
764
765
765
765
765
765
766
767
767
767
767
768
767
768
768
768
768
768
768
768
768
768
768
769
769
771
771
771
771
771
771
771
771
771
771
772
772
772
772
772
772
772
772
772
772
772
772
772
773
773
773
773
773
773
773
773
773
773
773
773
773
773
773
773
773
773
773
774
774
774
775
775
775
775
775
775
775
775
775
776
776
776
776
776
776
776
776
776
776
776
776
776
777
777
777
777
777
784
777
777
777
777
777
777
777
777
777
777
778
778
778
778
778
778
778
778
778
778
778
778
778
782
778
778
778
778
778
778
778
778
778
778
778
779
779
779
779
779
779
780
780
780
780
780
780
780
780
780
780
784
780
780
781
781
781
781
781
781
781
782
782
782
782
782
782
782
782
782
782
782
782
782
782
783
783
784
784
784
784
784
785
785
785
785
782
785
785
785
785
791
785
785
785
786
786
786
786
787
787
787
787
787
787
787
787
787
788
788
788
788
788
788
788
788
788
788
788
788
788
788
788
788
789
789
785
789
789
789
789
789
789
789
789
789
789
790
790
790
790
790
790
790
790
790
790
790
790
790
790
790
790
790
790
790
790
790
791
791
791
791
791
791
791
796
791
792
792
792
792
792
792
792
792
792
792
792
792
792
792
792
792
793
794
794
794
794
794
794
794
794
794
794
794
794
794
794
794
795
795
795
795
795
795
795
789
795
795
795
795
796
796
796
796
796
796
802
796
796
797
797
797
797
797
797
797
797
791
797
797
797
797
797
797
797
797
797
798
798
798
798
798
798
798
798
798
798
798
798
798
798
798
798
803
798
798
798
798
799
799
799
799
799
799
799
799
799
799
799
799
799
799
799
799
800
800
796
800
800
800
800
800
800
800
800
800
800
800
800
800
800
800
800
800
801
801
802
802
802
803
802
802
802
802
802
802
802
802
802
803
803
803
803
803
803
803
803
803
803
803
803
803
803
804
804
804
804
804
804
804
804
804
805
806
806
806
806
806
806
806
806
806
807
807
807
807
807
807
810
807
807
807
808
809
809
809
809
810
810
810
810
810
810
810
810
810
810
810
810
810
810
810
810
810
810
810
810
810
810
810
810
811
812
812
812
813
813
813
813
813
813
813
813
816
813
813
814
814
814
814
814
814
814
814
814
815
815
815
815
815
815
815
815
810
815
816
816
816
816
816
816
816
816
816
816
817
817
817
817
817
817
817
817
817
817
817
817
817
817
817
817
817
817
818
818
812
818
0
