185
417
396
60
413
22
732
311
52
587
384
137
368
202
543
181
433
742
266
250
3
443
13
385
762
2
798
25
784
412
466
537
339
525
544
655
584
392
563
611
13
469
52
218
439
337
383
404
94
357
622
593
443
135
130
387
442
607
565
373
22
466
179
368
204
94
147
637
310
345
713
4
424
243
300
474
60
13
813
468
258
211
772
286
99
169
703
483
83
73
269
123
136
102
602
730
230
285
390
812
334
144
731
208
289
554
787
32
307
82
469
275
656
135
640
88
544
577
719
55
204
221
32
286
495
135
5
623
645
524
131
397
217
601
61
678
185
202
438
419
389
283
190
167
194
418
542
364
408
559
23
391
101
761
95
649
147
519
656
136
194
196
177
56
32
335
191
680
365
88
43
116
663
494
381
589
55
105
107
80
198
136
490
70
563
681
433
117
307
311
321
377
97
372
152
72
248
620
265
156
529
432
451
164
285
487
505
51
162
729
81
420
55
721
230
374
96
141
19
743
400
293
160
420
681
39
291
409
802
147
84
543
41
51
166
625
145
138
414
416
8
415
43
282
790
440
119
782
621
286
792
325
578
340
20
390
220
342
508
330
179
266
372
307
794
489
802
509
152
336
619
228
166
720
526
285
293
74
144
708
465
433
233
437
12
270
181
76
676
615
341
395
404
120
94
568
13
151
331
634
414
339
759
512
198
36
737
62
356
378
383
69
168
207
30
83
434
70
76
695
123
584
262
29
147
505
371
626
317
709
360
102
693
202
545
107
693
160
184
286
84
501
599
434
330
465
282
544
85
102
93
739
433
425
763
687
228
584
678
438
644
269
498
222
681
481
285
592
522
707
207
253
7
370
115
581
311
30
646
23
236
748
668
142
253
262
82
323
139
735
238
304
493
275
51
247
470
162
362
543
537
360
649
592
723
331
812
123
196
734
206
349
266
148
166
445
237
333
456
139
541
309
32
23
532
248
489
171
762
84
209
66
470
96
718
736
286
188
188
616
12
321
678
59
6
370
13
7
100
453
383
164
22
33
181
190
204
211
291
289
76
136
593
452
551
417
167
589
640
417
31
306
167
135
509
694
280
370
136
561
283
9
420
67
509
29
162
494
439
259
166
108
300
40
553
80
185
105
471
389
54
295
696
545
490
336
166
720
505
628
494
752
727
62
648
625
130
452
578
147
313
703
577
131
206
94
83
78
130
284
637
306
258
130
38
302
240
31
40
412
420
1
364
495
350
261
198
85
395
525
111
444
258
237
800
188
428
637
311
86
407
7
409
268
248
115
72
7
339
136
425
332
387
665
84
637
333
676
371
85
149
89
133
83
171
179
30
572
737
243
644
211
712
715
469
640
140
30
607
258
334
67
490
142
425
32
142
240
195
358
9
318
339
257
781
669
72
802
724
348
30
325
164
147
80
369
419
143
149
306
492
51
117
246
385
139
483
676
220
128
74
222
167
33
439
350
110
392
377
497
280
72
524
341
767
233
119
127
780
466
656
189
348
269
551
383
713
757
193
420
267
9
387
377
541
501
707
76
418
725
537
718
162
472
806
107
183
584
683
589
724
168
82
809
374
62
417
147
743
232
487
285
439
622
260
217
139
761
572
481
810
371
331
662
68
166
24
187
220
771
244
222
81
377
91
524
651
407
420
589
410
95
675
310
753
62
41
500
406
418
144
576
342
384
59
185
218
145
596
492
447
628
211
304
468
128
220
164
152
642
187
370
50
645
288
242
383
201
29
243
542
199
656
93
648
443
541
307
4
411
290
47
204
7
372
498
250
55
417
111
188
252
589
276
748
584
439
38
27
45
120
22
468
783
124
397
172
178
82
66
449
449
417
167
172
475
332
675
196
321
242
62
95
538
404
546
84
62
729
382
526
18
145
136
595
266
280
389
593
564
797
196
145
27
37
449
669
50
293
669
99
543
598
166
85
199
742
184
565
293
449
626
171
353
131
803
206
166
69
817
503
370
549
248
371
283
175
576
105
644
317
194
264
558
271
762
588
62
440
439
48
230
116
743
783
607
623
118
427
96
236
551
404
402
737
33
85
220
311
90
387
286
395
746
355
232
169
6
364
562
8
172
139
797
176
390
174
486
591
623
25
293
489
201
220
209
501
198
81
362
350
240
262
145
183
6
41
769
787
86
88
88
574
346
333
196
481
635
236
448
228
120
85
395
222
572
594
213
311
108
212
15
486
509
95
786
816
395
39
392
584
542
505
589
154
509
198
85
206
279
625
135
537
686
486
717
339
88
244
253
544
69
406
757
437
244
17
790
274
793
469
258
315
432
429
24
277
32
7
415
123
111
196
13
465
219
37
475
27
156
545
521
120
204
323
720
168
689
273
70
139
183
767
399
465
261
42
371
533
56
74
317
623
40
48
121
23
114
160
3
55
185
125
323
101
265
42
739
670
455
198
810
616
783
247
174
145
296
81
548
387
586
284
129
36
304
377
385
505
408
163
19
293
242
178
14
418
802
812
78
361
118
244
137
222
195
95
383
566
291
160
602
321
313
576
315
347
94
498
549
83
70
237
589
145
571
147
200
387
95
152
739
131
470
337
248
248
667
490
350
136
417
488
124
136
466
425
416
281
730
51
165
327
415
181
295
220
311
29
381
95
519
340
76
630
232
598
140
82
42
476
382
266
353
490
321
160
296
59
73
472
782
177
610
99
130
274
401
493
542
708
376
472
166
360
385
131
228
88
306
694
487
545
145
172
323
76
325
625
802
258
538
228
80
505
149
6
681
395
99
218
656
172
198
48
682
724
468
429
625
126
465
461
751
571
157
30
397
283
449
202
505
708
126
111
620
395
671
14
147
812
533
505
689
55
392
9
362
606
119
666
248
356
69
211
268
614
623
737
383
123
623
225
172
681
260
130
607
42
645
772
225
321
51
561
266
563
629
406
377
124
445
371
265
14
20
387
83
413
519
253
96
285
537
27
319
204
487
400
236
656
575
302
118
121
27
212
2
384
38
197
305
81
452
604
256
447
390
521
414
667
42
198
184
270
237
187
442
193
257
441
7
75
339
390
475
249
55
307
519
130
93
142
198
541
490
136
360
32
105
43
640
147
261
492
562
498
243
80
575
300
632
462
743
197
385
533
237
72
42
19
9
593
136
544
83
113
263
71
461
35
440
562
135
24
626
95
395
198
307
586
7
124
461
621
284
158
48
204
246
592
332
611
619
443
327
769
202
166
475
119
671
743
182
209
490
518
219
266
439
533
75
451
86
128
571
42
596
111
385
468
198
36
370
136
232
558
546
207
105
265
169
358
189
537
397
498
686
620
74
152
349
300
732
792
744
399
527
103
56
29
89
489
737
421
806
232
473
167
184
751
505
422
782
95
397
176
128
285
420
180
77
782
496
4
280
387
318
136
184
786
166
503
199
84
71
149
494
534
569
209
331
454
168
211
465
725
248
702
381
155
162
733
216
263
231
456
122
81
742
312
43
604
721
138
160
540
369
717
408
418
41
58
377
489
41
105
560
628
489
181
751
519
537
250
327
130
348
172
778
13
539
81
547
136
40
129
498
443
676
738
350
97
292
385
154
301
389
84
246
387
551
413
194
71
35
345
301
732
166
301
95
319
0
211
591
1
274
2
193
2
442
3
4
4
4
166
737
589
94
112
37
183
5
5
6
6
6
6
7
7
51
7
7
9
708
184
9
353
9
767
9
441
10
469
592
11
12
712
13
13
13
13
84
273
13
13
13
588
13
13
13
13
537
256
14
14
743
425
538
14
14
361
14
14
14
14
14
15
15
15
16
735
17
17
18
249
18
18
18
18
18
18
43
70
19
19
405
19
425
19
20
20
543
20
20
294
20
366
20
20
21
21
21
249
21
22
22
22
22
22
505
700
406
329
589
40
103
22
23
23
23
352
80
23
767
23
445
23
667
24
261
551
24
24
708
24
38
27
796
27
121
571
470
29
543
771
437
29
270
29
29
553
29
40
29
29
29
30
30
167
30
30
30
89
30
30
258
30
30
30
31
31
248
31
167
605
31
701
33
31
32
294
32
592
32
39
32
20
139
427
33
174
33
62
302
34
212
444
670
35
718
35
486
35
35
637
36
483
695
37
597
38
737
500
412
38
542
39
39
39
780
39
184
40
701
144
597
84
40
40
40
141
40
40
40
40
40
783
331
604
514
142
81
40
698
384
453
472
310
40
798
40
41
41
41
41
41
41
41
201
735
626
41
41
42
42
42
42
547
42
42
402
42
351
42
17
42
42
774
14
43
43
669
439
43
43
99
702
43
44
45
45
45
45
45
656
579
45
682
757
297
578
46
686
47
48
102
48
48
48
48
48
48
48
210
49
50
144
789
50
50
50
51
707
51
52
53
680
53
53
498
53
397
53
53
55
55
55
14
491
447
56
56
56
420
806
59
541
759
59
270
59
59
47
59
108
62
230
81
93
62
42
62
62
490
62
62
62
63
63
66
67
67
69
643
69
69
69
69
544
69
70
70
70
70
70
70
213
617
70
668
596
51
442
70
71
71
71
72
72
72
614
72
72
72
517
73
396
525
183
786
73
407
73
536
374
444
616
73
74
74
74
74
495
729
74
648
74
74
292
74
74
74
75
75
249
212
143
387
76
76
76
119
770
127
780
76
76
77
77
79
80
80
80
20
80
381
80
80
81
81
81
81
782
73
616
81
742
81
81
81
81
81
573
770
168
82
83
753
83
442
395
383
83
83
84
84
84
779
208
84
248
237
414
84
67
496
84
414
84
84
85
85
50
807
85
85
85
85
85
86
493
86
86
33
289
86
86
86
86
155
509
86
86
87
88
498
334
408
88
167
702
89
680
89
76
90
619
90
90
198
640
90
90
90
90
90
90
258
90
90
748
90
90
445
389
90
74
91
91
91
130
93
93
93
485
93
93
542
93
93
296
723
244
94
95
94
94
95
95
95
736
169
217
95
696
735
95
702
95
95
96
96
96
96
96
258
96
96
505
96
411
720
702
96
730
97
97
230
98
98
98
605
99
99
650
37
99
274
313
99
100
100
176
360
281
451
408
100
100
101
273
101
102
102
584
587
478
102
103
103
103
103
595
104
105
105
616
105
105
461
105
106
107
95
107
107
107
108
109
109
109
109
72
663
109
109
111
111
111
111
111
697
111
55
111
265
113
115
275
317
115
116
116
116
117
117
117
630
117
117
117
208
118
118
158
118
356
118
29
123
296
119
119
383
119
331
119
288
119
75
119
350
264
120
120
76
202
772
81
357
121
83
121
123
629
123
123
476
123
123
123
123
124
409
125
126
126
126
127
285
127
14
128
248
128
128
128
675
735
129
129
130
148
221
130
519
130
793
553
165
130
130
694
130
130
195
130
130
172
130
211
130
130
130
378
130
130
393
130
131
131
131
78
131
494
133
133
465
450
133
273
135
135
135
27
135
135
135
597
135
135
21
136
136
136
778
770
136
136
780
137
137
137
137
137
677
630
137
137
186
149
396
240
138
138
642
138
681
139
139
745
139
139
705
140
141
333
141
141
562
141
142
142
258
798
694
142
542
142
135
93
142
142
529
15
142
143
143
143
133
624
202
733
143
143
784
132
143
143
144
193
144
144
13
395
806
145
145
395
121
329
101
329
317
74
145
145
90
145
306
145
790
466
573
145
53
90
145
145
145
742
146
147
593
147
573
17
147
147
563
520
147
212
148
148
130
759
148
148
148
148
149
149
149
149
149
149
149
149
802
151
261
151
729
151
152
656
734
416
1
152
90
652
243
152
32
152
153
153
153
153
154
154
154
154
155
155
155
155
155
155
155
167
318
156
620
735
156
156
157
158
158
158
158
142
786
296
326
315
759
250
160
160
160
573
160
161
567
614
184
162
162
162
163
118
163
121
163
164
433
95
533
38
165
165
468
120
165
165
166
166
509
166
166
166
228
166
154
166
352
270
686
673
166
253
541
135
167
27
538
167
209
167
711
168
168
398
168
168
168
548
720
168
168
679
408
168
168
168
168
718
168
168
89
720
169
169
169
171
171
171
742
171
171
770
172
382
259
212
172
172
172
136
172
173
242
42
174
174
174
85
212
175
175
175
175
176
176
177
276
204
177
177
188
393
470
645
396
59
177
178
179
179
457
800
492
179
443
179
256
180
180
180
408
180
97
180
180
266
181
181
492
181
181
181
181
181
181
182
38
182
550
182
182
94
634
650
182
182
182
196
182
468
182
182
182
182
182
183
158
184
184
184
143
490
185
185
551
185
455
185
185
171
185
185
568
39
185
648
185
185
185
206
186
186
186
187
187
371
187
39
470
187
187
187
187
187
187
188
40
256
188
188
189
189
33
189
190
190
190
190
190
119
191
191
63
193
193
715
193
553
74
193
648
489
194
735
194
194
194
486
592
348
453
625
195
568
195
443
195
152
196
196
196
13
196
196
196
196
197
814
197
356
197
779
198
198
198
198
292
198
198
770
199
372
199
199
201
663
83
201
805
489
490
166
475
457
202
202
202
202
202
526
204
204
217
145
204
722
74
204
204
205
81
206
208
258
206
243
179
206
206
206
206
206
206
130
206
206
207
538
548
208
208
208
208
208
797
209
725
665
209
209
209
209
211
211
734
211
211
486
211
196
211
798
211
211
260
211
3
574
211
505
639
211
211
212
212
629
623
212
360
543
539
212
212
341
465
212
561
424
213
214
214
214
214
720
47
214
429
215
217
217
217
88
688
217
204
217
217
812
217
217
7
217
217
217
95
370
218
218
219
144
219
88
219
220
285
220
187
220
220
115
220
262
220
220
220
142
221
221
221
123
577
222
222
248
250
222
223
223
564
223
736
293
707
225
671
225
15
225
430
225
233
628
799
130
225
225
227
573
45
228
228
771
325
776
228
228
228
228
228
228
119
228
228
404
228
248
228
408
347
702
505
230
230
201
232
232
232
232
232
232
233
233
233
652
259
258
234
234
236
236
543
236
236
237
237
237
237
237
237
237
237
237
237
796
237
547
250
195
239
239
239
239
239
260
239
27
240
240
786
240
406
240
519
639
240
425
202
240
240
130
184
240
240
240
356
768
677
241
241
265
242
729
242
321
242
242
248
140
243
630
243
243
594
720
817
243
243
243
243
243
1
244
244
261
244
129
245
246
620
246
246
246
573
122
247
384
432
403
247
145
377
734
707
248
248
248
248
100
248
117
521
8
248
248
248
575
248
782
248
248
248
248
759
316
248
23
341
802
242
249
249
249
249
428
249
715
250
329
250
250
250
250
107
250
271
250
71
263
222
391
251
252
252
300
196
390
590
252
252
252
600
252
253
23
253
246
253
253
253
253
253
253
255
228
256
244
688
256
256
256
455
257
257
257
709
257
257
257
620
807
657
258
533
258
119
258
258
259
259
259
259
260
140
260
260
261
625
261
261
285
262
262
588
197
262
434
263
263
264
503
474
265
265
413
302
566
265
265
265
265
265
377
645
265
265
265
130
265
105
596
148
265
265
475
265
262
265
289
266
266
266
357
131
171
266
266
266
572
99
268
268
268
269
269
675
13
385
185
270
9
270
270
270
486
270
335
270
270
761
625
270
270
42
141
693
270
270
138
409
271
271
325
273
273
273
273
715
273
274
274
275
94
276
276
55
276
739
277
277
277
203
278
279
280
665
252
280
281
281
281
282
282
27
282
765
283
283
283
284
468
284
109
284
285
702
285
285
285
316
285
99
285
285
285
286
759
416
286
576
406
784
286
96
425
743
287
287
287
287
277
576
539
288
289
289
289
796
289
102
290
290
290
291
686
291
649
182
293
291
291
291
119
615
292
292
533
162
572
250
785
293
419
293
293
293
293
771
204
293
294
294
768
294
295
295
295
295
186
190
295
296
296
296
296
56
296
123
409
296
297
103
258
297
793
300
300
481
546
328
356
389
301
503
301
301
301
750
302
302
303
304
304
304
304
174
669
306
307
307
288
109
307
309
519
67
590
309
309
310
310
310
310
509
655
397
311
311
311
311
312
312
312
312
312
312
312
312
742
348
312
312
313
313
311
313
313
313
314
266
315
315
315
439
254
743
807
315
193
317
23
317
120
490
317
85
318
22
23
318
724
529
318
318
318
512
276
759
475
319
319
321
321
321
645
321
198
589
633
256
321
321
321
24
321
576
588
681
618
322
323
725
323
323
323
323
323
323
367
787
323
323
713
325
325
325
325
325
793
381
326
326
327
763
327
580
327
327
328
328
328
722
728
328
759
329
329
288
330
50
330
377
330
807
330
331
331
494
331
332
332
793
332
332
166
332
332
265
333
333
149
170
334
116
334
334
334
514
584
334
334
334
334
334
808
334
130
522
765
334
334
334
336
438
753
534
336
155
336
476
285
337
465
339
33
301
551
340
232
340
340
619
341
341
666
243
341
341
228
180
261
341
383
341
124
417
341
741
342
342
342
345
345
119
346
346
347
347
270
347
293
779
317
348
348
703
348
385
348
348
725
553
147
505
762
348
348
486
349
349
349
350
397
641
350
350
571
352
352
349
98
352
341
422
735
352
352
352
352
354
187
354
23
56
355
356
803
356
356
356
356
356
686
650
356
356
356
357
357
684
579
357
773
18
357
357
608
571
360
360
797
360
360
360
360
404
360
361
361
9
761
361
689
362
362
362
362
563
548
362
109
735
363
364
365
147
365
366
595
366
283
367
367
546
796
368
149
369
369
428
784
370
370
501
370
332
370
370
243
568
370
742
607
370
371
165
371
92
371
371
371
371
371
371
371
372
293
674
372
219
372
18
372
372
372
372
372
715
373
503
494
117
413
374
390
374
715
276
93
493
375
375
442
377
300
398
407
377
796
273
377
201
729
377
377
513
283
95
425
743
377
614
377
378
380
545
381
381
381
166
381
381
382
382
382
480
382
40
14
382
382
382
102
382
228
382
382
744
382
641
382
383
383
383
383
383
383
383
383
383
126
383
476
182
383
120
383
72
69
383
383
384
384
384
385
385
385
385
794
385
155
385
376
152
385
385
537
385
792
385
386
386
387
221
519
387
387
387
772
389
389
572
312
390
390
307
637
390
390
390
390
281
390
390
390
390
705
390
390
390
390
390
15
391
417
708
391
391
391
391
392
392
677
392
432
288
392
393
393
394
286
394
395
444
395
194
395
350
395
378
395
395
562
395
395
356
395
683
264
396
59
475
735
396
397
398
767
508
398
730
398
399
399
399
399
399
399
109
400
401
401
160
401
401
135
401
126
402
402
404
404
404
404
41
162
488
645
97
404
237
775
684
405
405
405
630
610
406
406
447
346
406
470
737
406
406
406
301
406
407
407
407
315
22
408
236
408
90
408
355
408
408
139
408
408
236
408
681
408
124
793
619
630
317
409
409
409
742
409
409
409
409
149
275
410
382
410
410
411
244
592
411
412
340
412
333
413
301
413
413
413
635
413
360
413
413
188
413
414
683
81
414
438
414
414
414
415
415
415
175
416
279
81
416
416
416
500
417
594
417
417
85
269
417
417
417
417
620
418
418
32
427
139
631
419
419
419
419
419
419
419
419
419
484
419
420
149
420
637
137
420
404
420
501
420
420
614
421
422
422
422
422
422
422
423
424
737
424
425
425
63
425
418
589
425
425
425
340
193
147
427
427
444
428
428
429
430
431
431
408
431
431
196
310
544
431
78
431
432
432
501
90
432
701
306
433
516
724
433
167
433
792
433
382
286
307
649
433
538
434
433
72
65
498
434
789
503
434
434
360
573
434
168
13
434
780
220
404
434
434
435
436
436
436
437
438
610
438
439
438
438
438
439
439
439
439
249
439
330
439
439
119
440
440
441
441
274
441
441
136
807
441
442
442
291
442
806
442
318
442
722
442
442
443
548
443
48
794
443
301
443
443
273
443
443
312
42
443
444
444
444
444
231
444
447
445
214
445
446
447
447
447
496
448
348
449
449
342
449
449
449
449
330
449
449
449
451
451
96
451
452
452
593
452
452
130
2
693
452
32
452
91
453
648
454
664
455
406
455
349
455
726
455
438
456
456
462
456
708
457
457
246
457
457
726
458
198
459
295
460
461
107
674
461
461
395
461
461
412
131
461
461
461
627
462
349
462
462
462
282
462
462
462
6
462
462
572
463
464
465
473
465
465
465
523
465
707
465
465
383
466
466
434
466
791
295
466
301
466
466
330
543
447
631
783
503
630
434
193
468
383
175
468
468
293
468
469
520
469
663
469
802
171
90
775
469
470
470
253
470
769
470
470
470
707
164
414
470
654
148
512
470
470
471
471
472
472
472
473
229
473
540
432
473
473
473
473
474
474
219
474
12
475
475
475
475
544
476
477
477
195
479
185
479
479
339
479
533
817
480
596
480
480
481
481
779
520
481
482
482
176
482
482
80
483
121
483
483
485
321
485
485
485
486
486
667
486
486
486
486
486
486
486
486
486
486
486
487
307
576
488
488
646
794
488
208
588
439
489
336
489
489
248
211
410
489
751
29
490
490
490
490
715
714
490
720
490
45
405
490
491
434
491
492
493
493
392
744
542
494
494
494
494
188
495
495
82
495
495
373
496
496
607
549
496
496
496
51
352
497
497
311
497
498
498
498
707
6
440
498
498
292
498
498
498
136
498
328
371
373
498
498
498
182
500
500
500
500
501
501
501
501
502
502
502
503
503
293
253
503
437
719
503
503
505
505
505
505
505
505
505
779
505
505
505
17
506
507
507
705
440
286
258
508
508
508
508
509
509
509
509
509
18
123
509
511
511
70
162
511
88
512
513
513
259
438
513
514
239
124
514
514
611
364
431
516
517
517
517
517
693
517
517
285
518
518
519
519
519
519
519
519
519
519
519
519
520
520
277
682
668
59
520
117
635
520
520
520
593
257
522
522
675
522
522
739
522
790
770
802
525
189
136
525
525
228
514
525
525
517
525
525
545
411
526
526
81
526
527
784
616
21
527
40
440
527
377
217
529
788
529
370
529
402
530
530
750
244
530
531
531
531
531
531
531
625
531
533
637
489
473
55
533
533
548
167
533
533
533
534
534
675
536
134
55
536
95
537
537
537
537
398
297
537
283
537
537
537
537
334
539
817
539
539
539
341
539
290
330
541
265
420
541
541
541
541
502
541
7
105
541
541
541
177
541
541
193
541
541
542
542
542
542
539
542
543
395
543
466
543
543
338
543
567
543
544
544
405
728
544
649
466
544
544
204
454
544
544
544
544
544
544
544
535
99
7
544
126
544
82
545
545
545
235
545
438
415
348
546
546
545
208
546
546
702
546
198
692
547
390
547
548
548
593
548
548
548
548
548
376
549
549
549
404
420
714
549
549
549
551
185
253
551
505
551
675
551
551
551
551
539
551
639
552
553
553
688
553
553
553
719
554
554
554
348
555
320
123
556
556
556
556
557
707
554
557
558
652
558
558
558
521
62
232
559
84
559
546
438
559
15
560
560
561
561
561
562
569
312
326
562
562
562
562
562
555
562
562
715
816
721
562
563
570
541
55
563
700
563
563
563
693
563
563
564
109
564
565
565
144
565
565
565
565
565
566
566
649
450
566
566
567
567
743
567
488
51
567
568
568
511
568
554
569
579
569
571
571
571
621
571
103
720
286
225
571
571
571
571
733
571
571
572
572
572
48
572
572
328
573
573
708
228
573
573
587
573
325
574
383
433
310
574
102
575
302
149
764
201
487
477
576
576
698
412
576
577
119
77
577
288
577
577
577
425
759
577
578
321
578
212
578
579
579
153
490
462
579
807
656
579
580
512
580
377
73
582
583
584
434
220
584
584
584
599
584
713
584
81
793
677
584
302
584
381
584
584
584
584
762
439
584
76
585
474
586
587
587
587
587
587
587
808
588
195
588
588
588
588
713
589
589
369
751
589
675
288
131
295
86
589
589
589
590
28
590
590
591
744
1
172
247
572
440
591
591
591
591
331
592
592
593
593
593
593
593
593
751
594
594
594
594
594
595
595
595
595
596
596
596
48
596
596
443
596
596
596
22
597
597
597
697
183
598
598
483
598
598
599
600
601
571
601
626
602
603
603
604
574
619
604
604
462
780
489
605
768
605
606
606
606
321
451
607
23
387
607
724
607
270
607
607
408
607
616
607
608
608
609
609
443
609
610
610
610
610
193
610
610
611
612
612
444
613
336
614
333
414
614
307
615
616
616
616
616
616
193
618
619
619
619
765
772
117
619
5
620
620
620
788
620
620
250
714
753
621
190
621
456
621
621
813
19
621
622
95
248
622
622
195
622
261
642
119
638
623
623
623
625
625
625
208
740
7
541
625
26
625
625
354
625
625
625
625
512
625
777
626
626
626
527
626
626
626
626
686
626
265
494
628
628
628
628
180
629
742
629
630
630
778
630
630
630
630
630
630
720
812
630
630
630
631
490
631
742
631
631
632
632
632
253
633
633
517
711
633
643
634
634
542
635
346
635
636
637
637
637
637
637
637
3
637
348
311
595
637
637
277
503
638
522
407
638
581
638
638
639
333
639
639
639
639
408
640
347
321
640
640
640
640
641
641
385
571
642
736
642
642
330
74
795
642
584
642
13
643
643
644
644
722
644
644
644
212
489
645
264
645
645
645
645
645
812
645
201
646
646
646
646
493
646
647
648
417
105
586
648
648
649
649
649
100
89
763
649
181
649
779
649
649
649
650
650
650
650
105
656
594
652
652
319
654
291
211
149
160
656
656
32
228
248
656
536
465
656
492
657
348
657
657
658
659
661
663
451
663
392
663
663
663
663
334
444
663
664
664
664
664
301
664
664
664
665
665
665
753
578
665
257
665
667
630
667
84
668
668
669
669
669
669
669
270
75
669
670
670
221
670
670
493
671
671
209
671
672
725
673
673
679
673
673
696
525
674
674
674
381
675
675
675
675
675
736
676
676
427
676
387
676
676
676
676
676
676
321
677
677
677
677
677
677
678
652
678
679
713
90
391
516
679
55
679
680
680
680
680
681
795
701
681
445
682
682
682
683
683
739
641
683
683
683
683
160
683
683
399
683
684
294
285
684
348
684
684
405
684
684
150
684
686
261
686
686
687
687
329
391
319
483
687
48
407
688
586
188
688
105
688
688
688
470
735
690
690
690
690
691
692
692
692
692
693
693
39
667
769
787
693
693
630
694
694
736
694
694
694
694
798
413
694
695
695
695
695
142
335
386
202
695
695
412
695
695
696
696
696
696
644
431
329
815
696
665
697
792
95
697
408
697
698
425
698
698
698
698
390
698
214
700
701
701
317
701
231
701
701
701
701
701
701
702
490
702
702
279
702
702
702
788
445
702
702
702
182
413
703
703
703
513
703
703
352
704
705
328
705
21
705
742
705
705
705
705
705
705
814
705
706
707
184
707
352
318
707
603
253
708
84
708
708
209
533
708
639
85
378
8
217
709
708
708
709
125
709
709
710
780
711
533
395
711
711
206
197
711
7
406
519
712
724
712
712
713
713
713
714
468
95
569
714
714
715
793
363
715
715
715
715
410
715
716
716
717
717
312
718
718
128
719
719
719
67
85
719
719
598
742
120
720
720
720
720
720
525
720
720
720
713
333
720
31
577
721
601
721
341
795
721
722
722
789
722
505
723
377
723
724
489
497
724
724
553
451
183
724
783
724
724
725
317
225
725
725
725
70
726
726
296
31
728
420
728
522
713
729
729
772
729
465
729
729
590
729
128
730
730
644
730
730
64
732
732
244
131
732
733
733
262
733
734
734
734
734
734
735
735
181
735
735
814
735
735
795
735
735
735
735
588
735
735
779
735
736
736
663
736
144
597
737
715
737
737
497
757
737
737
573
164
737
737
128
693
737
737
738
737
738
739
323
668
739
342
302
753
739
739
476
739
741
14
741
742
346
84
742
742
742
19
742
183
781
302
331
282
742
356
53
743
743
743
201
743
744
744
456
744
744
744
424
744
744
744
744
286
139
748
748
748
748
90
748
749
750
257
737
750
622
750
53
74
253
750
750
250
644
172
750
718
751
751
751
159
751
321
751
753
753
753
149
182
285
753
620
753
432
754
754
755
755
755
755
755
755
755
784
742
490
757
757
310
432
774
759
759
417
759
427
497
759
817
642
759
782
595
759
760
9
793
761
761
158
761
383
762
645
762
469
425
762
93
762
762
628
762
261
313
202
762
762
762
723
168
762
763
94
763
764
23
525
767
764
764
764
176
765
62
328
765
767
70
767
767
72
768
768
42
768
769
118
255
558
726
769
770
626
462
770
770
497
587
36
670
108
770
341
772
334
771
771
136
750
772
339
772
772
772
772
772
773
663
774
425
774
774
775
775
775
504
736
776
776
225
720
777
18
777
777
487
777
777
777
778
743
778
778
778
708
177
778
166
779
779
779
779
70
688
779
779
780
780
780
780
285
780
738
781
597
781
551
22
781
782
767
782
782
783
357
424
334
783
248
136
123
783
605
783
724
623
742
784
119
784
719
784
784
784
784
736
784
9
785
62
785
785
786
489
786
786
786
707
77
786
321
711
788
788
237
788
788
789
416
575
790
739
790
790
130
790
682
480
790
792
792
505
792
787
708
792
693
792
792
544
417
792
792
679
793
793
218
793
339
793
417
793
793
793
793
742
660
127
793
629
794
794
166
795
489
795
53
577
368
497
795
795
277
795
593
136
795
282
796
389
796
217
796
796
797
785
299
309
797
798
798
798
95
714
800
801
45
171
736
802
707
293
802
579
802
802
392
802
95
802
802
803
626
208
803
805
806
806
408
762
633
412
260
807
212
5
807
243
807
807
807
808
809
809
809
810
811
812
812
470
812
228
812
812
813
695
813
702
813
419
814
467
814
814
342
526
83
14
814
814
382
701
816
816
817
817
817
817
817
817
817
802
454
307
762
796
601
174
157
721
796
434
307
498
208
294
243
107
753
523
813
488
553
307
187
18
389
6
614
512
619
442
676
339
80
768
784
666
675
291
638
702
397
657
573
433
86
812
634
409
470
145
489
360
709
36
572
563
688
119
441
234
649
501
175
183
121
523
188
174
198
69
417
639
48
630
786
789
147
230
642
457
228
519
779
728
528
646
681
551
519
732
191
515
220
566
720
328
118
382
669
542
496
353
382
162
410
800
410
817
508
786
568
268
29
185
812
211
795
761
736
685
78
385
416
604
242
640
388
395
419
623
720
693
444
318
808
489
353
702
604
508
743
651
668
70
767
646
330
383
669
726
121
250
217
734
307
674
677
606
650
702
544
632
539
650
385
389
258
499
505
800
808
70
623
370
492
549
557
436
632
653
707
226
800
391
302
168
735
172
772
727
565
395
708
426
211
813
561
333
544
565
714
580
516
273
348
512
537
108
93
391
598
573
680
605
130
530
467
736
402
382
48
544
695
462
401
742
728
543
473
644
148
67
416
296
762
196
265
183
772
417
383
530
199
593
631
262
632
793
729
93
727
732
449
321
213
664
750
175
366
232
537
281
642
148
783
534
174
630
779
772
487
438
382
456
514
592
783
508
438
248
702
537
485
715
772
721
785
742
177
128
576
195
784
505
281
76
160
709
717
404
755
311
444
419
580
576
544
389
594
42
753
753
632
248
792
392
735
348
655
668
669
160
340
648
804
7
702
721
643
249
145
93
628
640
438
489
401
524
211
406
418
693
103
385
806
70
194
793
211
331
573
217
364
228
273
595
64
619
561
778
444
719
792
591
371
487
622
406
395
198
131
73
377
777
248
330
682
261
417
390
445
425
682
619
742
751
488
783
124
676
577
339
389
201
505
586
588
579
167
508
19
708
814
733
543
472
404
600
228
751
184
722
257
111
716
99
415
50
787
738
545
669
387
25
156
233
639
795
767
802
645
212
184
702
141
762
123
77
580
377
5
399
273
389
721
652
387
554
144
640
534
562
418
551
763
814
13
97
739
743
648
438
35
70
390
696
172
419
577
705
126
589
666
262
673
787
277
792
329
638
775
626
202
762
144
171
645
651
705
537
592
773
606
503
743
520
610
171
812
503
568
526
630
257
192
138
493
773
574
488
743
387
325
558
443
86
318
383
465
725
537
382
448
324
728
260
722
595
304
209
744
542
793
417
298
798
735
529
474
778
178
536
676
698
167
793
442
722
718
715
787
385
408
374
677
40
70
737
529
758
390
743
473
382
419
537
742
689
445
720
489
391
420
496
641
735
540
485
261
711
793
525
0
417
428
694
350
576
486
610
774
703
573
236
676
793
148
166
697
695
232
614
327
561
566
781
663
726
542
602
651
577
467
408
565
650
703
809
212
265
606
387
182
144
138
671
588
372
74
75
221
720
722
743
676
581
389
644
770
539
248
620
123
563
800
24
439
5
728
230
703
220
204
195
641
257
730
574
524
737
81
264
759
779
494
449
567
447
571
503
783
655
742
780
334
96
258
311
784
770
537
670
573
25
382
742
453
807
321
444
569
399
607
186
689
630
637
802
715
243
389
240
622
311
181
628
768
408
588
593
733
461
722
369
414
487
447
732
567
81
692
632
335
618
400
179
812
816
686
497
457
346
721
36
644
588
224
465
323
470
321
357
467
348
412
40
527
800
498
763
285
782
686
321
755
759
649
182
725
768
640
813
531
505
166
169
485
208
737
281
783
348
720
177
571
566
496
469
497
457
182
630
310
779
702
443
765
655
230
728
787
164
779
442
797
270
750
732
1
744
206
465
574
385
664
775
724
350
719
599
373
696
655
188
408
275
149
119
362
188
719
383
637
530
785
459
206
577
614
452
607
544
501
405
187
632
814
589
560
584
50
734
424
725
747
153
575
525
648
786
382
476
578
640
454
596
526
719
438
284
509
143
688
575
689
591
228
683
162
264
518
248
531
250
596
294
372
311
733
759
185
82
625
679
452
371
153
711
524
779
622
736
350
581
40
156
188
139
671
726
625
422
310
703
17
782
568
436
720
330
230
767
559
171
408
395
466
716
767
626
449
36
676
573
593
408
783
722
667
168
513
665
644
751
149
645
595
3
270
633
622
592
136
4
40
652
621
593
702
240
711
84
784
757
637
212
579
688
377
31
701
743
290
431
320
573
471
334
272
709
675
643
120
665
266
767
455
679
505
701
618
301
802
768
252
573
793
118
544
137
195
677
773
3
731
396
770
553
708
513
707
17
587
84
136
353
578
418
742
385
697
788
797
102
40
588
650
683
720
399
597
619
509
387
340
228
729
211
629
739
443
334
775
145
693
525
676
370
705
195
307
756
575
402
711
43
525
315
743
487
29
89
237
343
619
120
265
772
548
361
688
288
780
193
387
149
333
377
675
266
533
707
339
682
722
562
118
680
735
622
774
707
784
55
542
318
670
594
234
742
644
559
171
620
385
637
19
130
606
143
633
562
702
712
117
465
444
670
197
771
708
625
488
486
133
482
42
317
695
172
643
302
527
810
565
496
221
542
439
667
372
505
735
673
447
222
413
173
442
350
544
126
169
271
327
809
709
596
465
496
241
440
42
462
793
558
793
418
167
681
406
655
76
270
13
97
378
0
607
100
253
379
228
483
551
693
655
275
282
447
697
386
505
610
222
128
678
612
39
739
287
407
630
295
779
148
311
420
568
100
174
775
563
355
802
317
487
342
762
557
345
584
195
544
52
199
361
513
486
802
494
787
438
428
541
364
6
553
718
473
486
126
141
699
642
179
492
25
779
767
537
723
545
275
794
770
665
35
243
327
739
180
295
204
487
95
520
533
790
440
194
697
356
697
221
180
564
434
812
789
488
735
793
616
101
359
692
479
571
637
772
232
50
705
649
489
531
544
702
130
219
385
616
604
128
309
802
784
342
734
765
551
750
743
609
371
693
27
493
775
668
228
53
725
383
594
256
2
249
427
313
321
310
99
399
258
802
385
147
751
85
547
287
470
37
772
796
622
57
610
784
556
632
554
633
720
787
766
539
600
237
616
755
280
805
490
22
544
372
593
530
413
468
498
689
401
418
276
708
311
737
524
6
206
108
183
667
637
779
236
688
738
80
408
370
580
668
628
153
212
574
735
556
182
261
397
213
41
385
769
641
810
88
320
495
113
38
679
82
62
615
410
71
551
318
172
548
767
588
449
787
358
372
273
743
40
767
715
242
164
346
123
513
586
119
183
339
413
374
644
597
179
530
472
371
742
389
408
726
789
419
242
465
511
162
163
138
724
536
739
383
218
714
510
533
788
485
420
356
630
665
263
539
360
485
802
372
466
747
248
556
736
228
117
56
469
154
721
291
30
370
578
553
723
198
59
71
724
181
70
809
775
523
352
19
496
684
451
485
478
533
735
789
461
144
262
408
62
677
787
197
533
817
802
212
597
533
246
624
99
341
495
86
80
405
416
468
640
563
746
767
220
190
419
505
720
626
404
37
762
633
626
390
143
764
606
311
237
721
739
73
795
344
715
321
98
250
292
330
393
466
565
806
482
62
308
610
85
30
743
692
253
412
465
763
477
285
438
474
688
402
417
110
547
172
505
558
166
735
575
797
743
202
153
549
309
45
573
471
263
275
387
36
353
29
711
770
404
348
715
85
321
265
818
