0
2
4
2
1
0
6
2
0
0
1
2
0
18
0
0
1
0
3
9
3
0
5
2
0
0
6
9
4
3
0
0
2
12
0
1
2
6
1
1
0
2
2
2
2
2
12
5
2
12
3
0
3
3
13
5
5
10
12
5
4
13
1
6
0
6
13
6
0
6
7
7
12
7
2
7
5
7
7
7
9
0
7
7
8
12
7
9
9
9
8
9
5
9
1
14
15
9
21
18
15
2
9
28
12
9
0
5
18
11
21
12
9
12
12
9
23
12
18
17
7
0
12
6
7
12
12
18
13
10
16
13
18
19
6
5
28
15
16
16
9
30
13
16
16
16
18
24
18
30
18
18
13
28
29
18
22
12
12
18
18
18
27
18
19
20
20
21
6
15
12
12
26
13
12
21
27
16
10
9
21
27
19
21
21
24
21
37
21
9
21
7
13
22
30
22
26
31
13
23
30
24
31
21
24
31
24
13
24
26
21
17
18
22
19
26
26
26
26
26
26
35
15
27
26
31
27
27
27
27
22
35
26
27
26
37
41
21
39
24
28
28
28
28
33
30
26
39
35
23
30
31
41
45
30
25
13
33
38
30
26
31
38
37
36
31
31
31
38
42
23
31
36
33
24
35
33
41
33
33
33
39
34
35
36
37
37
26
34
34
34
34
41
37
35
26
35
35
35
31
33
39
35
35
45
37
37
38
37
42
30
42
31
21
31
37
39
37
37
45
37
37
18
37
30
43
37
37
37
43
41
37
38
37
42
31
44
42
38
38
38
38
38
38
39
41
39
43
39
39
39
39
41
42
45
44
34
41
30
41
49
46
42
41
41
35
44
51
33
42
42
46
60
42
42
44
44
43
46
51
44
43
43
32
49
44
43
42
43
44
46
45
44
39
45
39
38
46
44
44
45
44
44
44
44
44
44
46
44
45
45
46
44
44
44
43
37
41
44
44
38
44
45
44
40
51
37
51
45
43
45
45
45
50
49
46
60
60
43
37
46
44
52
46
48
42
47
47
49
42
49
42
44
45
46
50
44
58
44
50
55
50
43
54
51
47
51
51
57
51
50
44
51
51
56
43
51
51
51
41
45
52
62
60
51
51
48
52
52
53
49
53
46
54
59
54
55
43
45
49
55
58
56
58
63
57
58
59
60
58
58
55
52
53
63
62
58
60
58
58
54
52
59
59
44
55
52
59
49
59
60
60
60
58
51
60
52
57
60
66
60
60
55
52
61
61
61
61
61
58
60
61
67
51
53
55
46
63
67
65
61
61
59
58
62
55
62
62
62
64
62
62
60
52
63
67
64
58
58
63
73
66
76
67
64
58
70
50
63
66
63
63
61
63
63
63
63
63
68
61
70
62
62
63
72
63
67
66
63
62
60
64
68
63
64
63
59
68
64
70
70
66
61
67
62
78
63
67
66
74
66
70
63
66
69
63
60
62
72
64
66
67
67
66
67
63
69
78
63
67
70
79
67
58
68
63
78
67
63
67
67
67
77
68
68
69
78
68
70
69
73
68
69
78
69
61
70
70
70
70
70
69
70
70
74
70
74
70
70
69
62
58
71
64
67
79
72
70
77
73
77
77
73
78
78
73
79
74
74
74
66
63
79
74
74
74
74
74
78
75
76
77
69
81
77
77
70
79
70
69
78
70
79
67
77
77
77
83
78
81
69
79
74
78
78
81
78
78
78
77
79
85
81
79
78
78
79
81
83
67
79
74
79
76
84
79
79
74
79
81
85
74
85
79
79
89
86
79
85
83
87
79
79
86
67
87
80
78
80
80
83
88
81
81
80
81
79
81
79
81
80
77
81
81
81
81
80
77
92
89
81
82
84
89
83
84
88
83
83
83
83
84
85
85
83
83
91
83
79
83
79
84
88
85
85
85
85
83
86
89
86
87
83
87
96
80
88
81
92
79
88
88
88
85
88
95
88
88
88
86
89
92
89
85
92
90
89
89
89
95
90
90
90
90
83
81
96
95
86
89
89
89
92
83
90
90
90
88
81
87
90
78
89
91
85
90
92
91
91
92
99
96
87
92
90
104
88
92
91
104
98
96
93
92
96
87
90
92
92
96
90
92
95
88
99
92
92
92
92
99
92
89
94
90
99
86
92
95
97
94
96
90
94
95
98
92
95
83
100
96
100
96
97
96
96
96
96
96
96
96
100
91
96
96
97
90
94
98
97
91
100
97
97
102
97
88
96
96
97
89
108
99
91
113
98
96
97
98
92
98
102
95
98
96
98
107
100
98
96
99
102
94
95
94
98
113
99
99
99
100
107
105
99
99
107
101
99
98
100
104
102
104
96
100
96
102
100
102
102
102
102
106
104
102
102
102
102
114
97
102
100
103
104
100
98
100
104
118
100
111
104
104
104
104
110
108
106
102
104
112
104
104
105
97
112
111
104
120
105
105
105
113
105
105
100
117
105
100
114
114
99
114
112
106
115
113
96
117
111
107
108
110
118
107
114
108
102
102
108
108
108
114
110
110
110
111
113
111
111
110
113
105
122
113
111
111
117
110
113
110
111
118
104
113
108
113
120
113
120
106
113
118
110
120
113
119
118
120
102
114
111
106
118
118
118
125
105
114
114
120
114
105
114
115
110
118
111
120
115
115
115
121
116
113
120
126
116
122
120
118
120
118
108
118
114
118
118
105
122
118
113
118
125
118
118
120
121
114
121
118
118
125
126
120
119
126
113
109
118
119
126
115
121
119
123
119
114
125
126
115
120
120
120
120
120
119
120
120
126
120
126
121
121
120
121
121
121
116
128
118
121
121
123
126
120
128
122
122
122
120
122
115
122
121
122
123
133
123
118
123
123
128
126
120
123
123
138
124
121
128
123
125
125
120
128
122
125
123
126
121
126
126
126
126
133
126
126
126
126
137
130
122
134
134
131
128
131
126
126
126
128
128
128
138
134
128
131
128
121
131
144
136
128
128
130
128
128
142
114
131
130
130
125
128
123
128
126
137
130
128
131
131
131
137
126
136
128
131
131
131
135
139
131
134
131
131
131
138
134
132
133
137
132
139
129
131
126
127
133
137
133
133
147
133
133
137
131
134
128
128
128
139
134
141
134
136
131
139
136
137
136
128
134
142
137
136
136
136
136
136
139
133
137
133
137
137
137
141
136
141
137
143
143
137
137
137
131
136
132
138
136
138
138
138
138
138
138
138
139
142
139
132
139
145
145
139
136
144
139
140
141
141
138
138
137
136
143
142
142
142
142
142
146
136
143
136
143
139
144
145
128
143
142
147
143
144
136
148
137
133
145
144
145
144
141
138
136
144
144
151
143
144
143
144
142
146
138
151
149
145
138
143
145
145
139
149
145
145
136
138
141
145
145
145
139
139
147
139
147
147
141
149
152
151
146
146
147
150
152
147
141
153
149
139
144
153
147
147
147
147
147
147
146
150
147
147
145
153
153
149
149
153
145
147
145
144
145
149
152
149
151
149
149
159
150
150
150
145
150
150
152
150
139
144
145
138
151
151
156
151
149
149
152
152
151
152
152
151
147
152
153
145
156
152
152
151
160
152
152
166
152
147
156
152
153
153
152
159
153
161
151
153
153
156
153
153
157
154
154
155
157
156
156
152
156
158
158
156
158
158
156
158
156
166
152
156
160
157
145
149
163
156
156
160
153
156
156
156
153
156
156
156
151
159
158
153
157
155
157
157
158
158
162
158
163
158
164
160
153
161
164
158
163
156
158
152
160
154
158
159
159
159
159
161
166
160
151
158
164
160
162
160
164
156
172
160
173
160
156
170
166
160
170
160
163
164
157
161
158
161
173
160
162
166
162
167
162
150
161
150
163
163
157
163
163
158
163
171
172
163
163
155
166
160
166
172
175
180
166
168
166
166
160
171
176
161
166
160
161
166
162
172
166
168
175
166
166
166
166
172
166
167
160
165
166
166
166
167
178
159
167
175
167
167
167
173
163
170
175
163
176
163
168
180
162
163
176
168
182
172
169
169
170
170
171
171
189
167
171
171
171
171
171
172
170
176
172
171
172
171
176
172
173
174
173
172
174
179
174
175
175
179
175
163
175
177
179
171
175
175
176
177
176
166
171
179
176
176
170
169
176
181
173
171
179
183
171
176
177
176
176
176
179
176
176
176
180
178
184
177
175
176
176
184
179
181
171
178
166
176
177
178
190
181
179
176
179
173
179
187
179
179
176
179
180
173
172
175
172
178
181
189
182
179
177
179
190
179
179
175
178
176
187
179
179
181
175
189
180
180
176
182
180
179
176
181
184
179
178
191
178
182
181
184
181
183
172
199
182
182
193
181
186
183
183
183
192
184
191
184
184
184
189
180
181
191
189
189
184
193
194
193
186
186
180
189
186
186
187
193
182
187
187
189
189
189
189
183
189
189
190
189
189
189
175
186
190
190
191
203
181
191
189
193
191
197
194
189
191
187
191
191
186
198
192
201
182
197
192
189
192
192
192
197
193
193
192
193
183
185
193
186
189
193
206
183
197
193
187
194
187
194
194
188
194
194
192
194
200
197
194
198
191
191
194
194
194
195
190
190
194
194
187
197
179
190
197
186
197
197
197
194
197
190
197
197
197
197
192
197
191
197
197
198
199
199
197
209
199
203
197
199
204
201
197
205
205
204
197
201
192
201
203
201
192
201
193
206
199
192
202
209
205
202
197
207
202
202
193
205
202
202
203
209
223
201
203
205
204
206
199
204
204
207
204
200
201
204
204
194
202
197
202
203
207
203
202
203
204
205
204
204
204
204
216
202
200
209
209
206
212
204
205
205
207
209
205
215
201
204
201
217
206
201
203
205
206
209
207
206
207
204
196
202
207
207
207
202
204
209
221
216
222
216
215
206
207
207
209
200
209
209
209
209
202
205
221
209
209
213
203
220
216
209
211
212
222
212
224
217
216
216
220
209
214
221
215
197
214
215
223
221
220
205
214
229
217
215
223
216
217
217
217
212
217
217
217
217
209
216
223
217
218
208
220
221
214
207
214
220
225
207
220
210
209
217
220
225
207
228
220
212
223
214
221
221
221
215
223
219
225
221
209
224
223
231
223
223
223
223
227
223
223
215
232
229
224
225
223
225
217
214
223
223
220
220
204
221
223
223
223
217
225
223
224
218
222
224
224
224
223
217
225
228
225
220
225
225
222
223
230
225
225
229
221
225
225
225
229
225
230
227
228
224
228
228
225
203
228
228
223
228
228
228
228
231
225
228
215
228
231
223
225
228
228
231
228
228
228
231
229
228
228
228
228
228
225
229
232
229
230
230
229
229
215
234
221
230
232
242
230
230
225
230
209
235
230
230
241
230
229
229
231
231
229
228
234
232
230
231
231
231
231
240
236
228
228
234
231
231
228
235
231
236
236
241
231
229
231
228
231
223
231
232
232
236
232
243
232
236
232
240
231
231
236
232
236
232
233
233
236
228
234
234
239
226
234
235
235
235
240
235
236
244
235
235
235
231
241
241
230
241
236
236
236
236
223
236
242
242
231
236
236
231
225
231
238
236
241
239
236
236
235
231
232
235
241
237
236
242
240
238
244
231
238
238
239
236
240
249
240
235
239
240
237
240
244
242
248
240
246
241
241
236
241
241
231
242
251
241
241
241
242
248
236
240
242
242
242
243
243
243
243
244
241
241
237
244
250
252
250
244
244
247
244
244
239
244
245
248
239
253
249
246
246
249
246
250
246
238
246
232
246
255
246
246
243
241
247
247
247
242
246
247
247
247
235
247
246
250
246
250
242
244
247
248
240
248
241
248
255
243
248
247
248
242
249
249
249
255
249
251
246
249
237
249
254
249
252
247
250
250
251
250
250
244
250
254
250
244
250
250
250
250
246
251
254
251
250
250
250
251
250
255
251
251
257
269
248
251
248
248
245
241
251
250
240
259
252
267
259
252
247
266
252
258
260
251
257
259
252
261
252
252
267
264
250
253
253
248
253
253
254
254
252
256
259
244
258
257
255
241
255
255
254
255
261
255
244
255
266
260
250
255
255
255
258
250
255
256
260
250
252
253
251
257
257
250
254
262
246
260
264
272
258
257
254
259
250
266
258
254
259
259
260
259
260
257
257
250
261
260
260
261
269
260
253
261
261
261
258
272
257
261
261
268
257
261
266
253
250
261
266
261
261
261
261
262
261
262
267
259
262
262
260
262
263
263
261
263
263
264
257
264
264
265
269
258
265
269
262
271
266
266
273
266
266
270
262
270
267
267
267
261
270
283
267
268
262
268
268
268
277
265
271
269
268
269
269
278
269
270
269
277
282
261
277
270
270
271
266
271
268
272
271
258
285
271
269
262
263
268
269
267
274
271
266
280
270
272
272
270
272
273
267
276
280
280
273
273
273
273
273
273
273
274
272
269
270
265
273
269
283
271
261
274
274
277
274
274
274
282
272
273
285
274
274
274
274
276
273
275
277
277
274
277
268
277
283
277
277
277
270
278
278
283
277
278
278
272
274
278
278
278
289
279
277
282
278
276
279
280
285
280
289
280
277
283
285
283
288
280
280
280
281
282
282
273
282
283
285
283
283
278
285
288
281
283
286
289
274
283
294
287
289
283
276
285
285
283
283
285
293
288
285
285
288
274
289
295
297
285
285
284
285
277
280
293
293
287
293
290
287
285
285
288
288
278
280
288
285
295
288
288
290
292
279
294
278
288
292
288
288
281
294
303
289
297
292
300
290
290
290
285
290
295
283
295
290
289
288
288
290
290
290
290
296
291
291
283
297
294
292
288
289
292
298
289
297
293
293
293
293
293
293
303
293
294
290
300
294
297
294
293
294
296
294
294
295
293
290
295
287
295
297
298
293
299
295
296
280
296
297
300
297
300
297
297
297
297
294
299
298
289
293
304
300
304
290
297
293
300
301
297
297
295
297
296
298
296
293
306
292
300
298
288
298
298
298
298
298
294
303
293
305
306
304
297
299
299
298
299
299
299
310
293
297
299
310
308
307
305
297
294
307
309
305
299
308
300
293
300
311
300
308
300
293
300
307
303
296
303
298
303
312
298
303
299
305
303
317
304
297
300
304
310
306
304
305
313
305
309
306
312
306
307
306
306
308
307
307
303
307
310
313
296
299
307
308
308
308
308
311
309
307
307
312
307
299
313
311
312
307
309
311
299
310
306
299
310
302
310
317
310
308
314
310
310
310
310
307
310
310
310
314
304
312
310
310
329
305
310
311
310
310
313
310
312
312
309
313
313
308
319
311
307
297
311
313
311
321
310
313
314
310
313
312
312
321
320
312
316
307
308
312
312
321
312
317
309
309
313
313
310
313
314
317
313
317
310
314
314
312
314
311
314
314
315
317
316
317
317
321
312
313
312
317
317
317
317
317
321
318
318
312
321
320
320
317
320
320
320
325
317
318
320
321
321
314
321
321
321
317
312
321
314
314
313
321
321
321
330
312
321
333
321
314
323
323
318
323
309
323
315
324
328
333
329
342
323
325
330
322
327
317
337
325
325
332
330
326
331
329
325
327
321
327
335
327
328
336
328
328
328
328
312
328
321
335
318
328
325
312
333
331
336
337
329
330
330
333
330
330
333
328
330
323
329
330
330
320
336
330
337
345
329
330
330
343
330
330
333
333
332
330
329
333
333
333
333
334
333
335
317
347
334
334
334
331
337
333
334
334
333
330
344
333
342
335
333
335
335
337
330
335
331
340
342
330
329
337
349
345
320
329
337
338
344
340
340
325
342
348
337
337
337
336
340
337
333
334
337
337
325
337
339
340
340
340
344
325
334
348
331
340
346
333
348
344
340
328
329
348
336
331
340
340
344
338
337
340
342
336
347
346
359
348
334
348
344
344
340
328
347
345
345
345
346
346
345
345
340
345
345
345
350
345
345
350
346
337
347
346
340
346
354
340
346
354
346
337
350
340
346
347
349
354
347
340
354
347
350
352
355
348
348
346
345
346
348
343
343
348
358
348
348
348
338
348
348
348
369
347
350
341
349
349
337
357
350
350
350
350
333
354
350
348
345
369
350
350
355
360
354
350
354
350
350
352
357
353
354
354
355
346
360
355
347
355
350
345
355
348
366
355
354
346
355
355
355
364
355
355
358
355
355
355
348
350
367
361
355
365
357
360
357
355
355
356
356
361
356
359
365
350
357
364
357
358
349
360
367
348
358
373
350
360
358
350
359
356
355
348
360
363
360
356
369
365
360
362
358
355
351
360
360
364
363
372
359
363
360
354
366
372
355
348
360
360
361
361
370
372
361
361
355
362
365
361
372
363
363
357
364
358
350
361
382
370
365
369
365
364
365
365
365
365
366
368
372
366
366
367
367
367
367
367
364
363
379
359
370
371
369
377
369
360
373
369
369
373
369
369
369
369
369
360
369
373
369
366
369
381
369
378
377
372
372
384
363
382
373
385
382
373
369
377
375
365
385
373
379
358
373
373
373
384
363
377
374
382
367
354
385
386
375
373
360
375
375
375
372
374
376
365
377
369
385
386
375
377
390
380
373
375
382
377
390
382
371
373
366
385
385
357
382
382
382
369
369
382
382
375
384
384
382
384
384
384
384
389
384
384
384
377
388
384
395
390
409
369
374
372
384
370
375
384
384
384
384
384
383
385
382
385
382
385
385
384
396
384
385
385
385
381
385
385
382
385
388
385
394
388
385
382
386
386
384
386
389
390
386
396
386
391
385
395
386
393
385
377
386
386
387
395
387
391
385
387
391
385
386
385
387
388
388
388
399
390
391
388
385
385
389
389
410
388
389
389
401
394
390
390
394
394
386
390
390
390
391
395
394
391
387
391
388
389
392
393
400
398
393
389
386
386
391
396
395
406
386
395
395
413
386
395
395
406
394
395
404
405
386
403
387
391
400
388
395
396
404
395
407
396
396
396
404
396
396
404
396
390
397
403
399
394
398
389
397
398
407
395
390
404
403
399
395
406
399
396
399
400
400
400
392
399
403
399
404
404
395
405
395
404
402
402
402
402
402
395
403
403
403
403
403
404
410
408
403
403
399
404
405
403
404
404
406
406
404
404
406
397
398
404
404
400
407
395
404
405
406
399
405
404
405
407
405
402
405
405
402
405
409
398
405
400
404
406
406
400
409
406
405
398
412
412
406
406
406
413
406
406
407
398
407
406
408
412
408
406
408
409
409
409
423
409
406
406
412
406
413
415
409
392
412
404
406
409
416
406
412
409
410
413
416
405
415
413
410
400
410
410
411
412
412
413
412
412
410
402
413
412
410
402
416
407
412
415
406
414
415
418
417
412
412
412
413
420
413
413
413
409
413
413
413
413
418
414
413
420
423
410
413
409
426
422
410
409
410
409
430
410
415
407
416
409
415
416
415
422
416
409
407
412
417
416
424
425
420
417
417
417
426
428
417
418
424
417
418
426
405
410
410
418
418
418
429
414
420
425
420
420
420
420
412
420
430
421
424
421
416
424
424
416
422
424
422
417
422
422
422
425
423
422
422
430
423
424
424
424
421
415
422
420
428
430
422
417
430
419
425
425
426
426
428
426
426
428
425
424
422
431
426
426
426
426
426
428
432
428
428
426
422
428
428
422
431
427
429
426
429
429
429
426
429
428
426
431
418
430
426
430
433
429
422
423
430
432
430
430
430
439
430
436
435
432
433
423
423
410
431
433
434
430
431
423
431
431
432
433
420
439
426
431
429
429
436
432
430
431
430
430
431
423
431
433
431
426
439
426
431
431
439
431
433
432
432
432
439
433
432
439
436
431
432
439
433
439
433
440
435
436
433
433
431
433
433
433
431
431
431
433
434
434
439
434
434
434
435
439
435
428
431
435
431
442
440
433
445
424
435
435
436
436
443
440
443
436
436
451
436
453
439
446
439
444
432
432
442
439
434
433
450
439
439
447
439
431
440
435
440
440
438
440
450
444
450
454
441
444
433
439
441
441
441
442
445
441
442
433
442
442
442
442
443
443
443
443
443
435
451
443
443
441
443
443
442
441
445
444
448
444
440
442
445
440
437
444
439
439
444
446
444
456
440
454
439
439
455
443
447
447
447
454
447
440
432
448
454
440
461
456
443
442
443
448
441
444
450
459
455
447
450
448
450
434
450
450
443
451
448
450
451
450
451
451
454
451
458
442
440
451
451
454
451
451
452
452
452
452
455
454
454
450
454
450
454
458
454
457
455
455
456
459
457
465
465
456
456
459
456
457
450
465
458
456
461
456
447
457
457
452
457
457
457
458
456
464
457
458
465
460
450
458
455
458
459
456
449
468
461
450
456
458
460
455
459
456
459
460
465
468
461
459
452
459
461
461
459
457
466
461
462
468
470
455
463
469
461
461
461
464
465
461
466
466
463
463
461
464
464
465
470
465
463
465
465
465
465
469
467
469
470
463
465
460
471
471
455
467
466
466
466
450
456
467
466
470
466
465
465
459
471
468
467
467
467
467
461
476
464
470
461
459
472
468
468
473
461
468
468
463
470
469
472
459
458
475
469
473
461
469
469
469
469
468
470
470
468
466
470
470
479
470
470
465
472
466
466
489
470
470
474
467
473
471
470
466
471
477
472
471
477
465
472
456
466
475
470
471
479
471
466
471
471
470
465
469
471
472
462
471
477
469
471
472
476
469
471
473
470
468
472
472
475
496
472
479
475
484
471
476
479
473
471
473
484
474
471
473
465
472
479
475
482
475
470
476
476
476
478
476
478
486
482
476
476
484
476
477
484
477
484
472
485
482
478
486
476
495
482
472
471
479
478
482
483
471
477
472
479
467
473
471
476
489
476
486
479
479
478
485
470
475
486
484
479
473
482
482
485
486
479
480
473
486
484
487
484
484
485
484
484
488
485
471
489
485
489
479
478
489
485
485
493
485
486
482
491
486
480
490
486
490
486
482
477
477
486
479
487
487
479
489
489
486
492
494
472
481
491
479
489
496
485
486
487
494
495
489
495
484
489
489
493
482
491
482
489
486
489
490
489
491
486
495
490
493
484
489
491
491
490
491
494
479
491
486
493
485
494
487
491
485
500
499
489
496
494
494
487
500
494
490
495
489
491
493
495
502
495
498
498
500
489
490
498
495
494
497
495
499
495
496
495
499
495
506
495
498
496
498
489
496
496
498
499
496
496
495
498
504
494
490
496
500
500
500
498
498
499
498
498
498
503
499
499
499
499
504
494
491
505
494
500
499
502
514
499
500
504
500
507
502
499
500
507
495
495
500
500
500
500
490
507
500
495
500
504
500
500
509
503
500
500
498
502
500
507
502
504
487
502
502
503
503
504
494
504
512
513
504
507
504
499
504
504
504
513
504
504
504
511
509
504
516
500
500
504
504
505
505
505
491
505
504
506
506
504
505
500
504
496
516
506
506
506
500
506
506
504
514
510
531
508
508
502
510
505
518
514
517
525
508
509
510
509
509
509
514
510
505
510
514
510
507
518
511
511
517
500
513
515
513
515
509
514
514
514
515
509
519
501
515
517
519
516
518
517
510
506
516
506
516
505
516
508
517
516
518
506
516
511
516
526
507
509
506
514
516
517
523
516
527
517
517
519
516
518
518
521
527
518
518
520
518
525
518
517
518
531
518
507
518
524
516
517
518
516
516
529
518
517
524
527
516
519
518
519
516
519
519
519
514
519
517
518
524
519
519
518
524
518
519
524
519
520
517
521
516
521
523
518
518
519
523
523
523
533
523
530
524
516
525
518
524
531
529
528
527
524
517
524
519
522
525
531
525
520
525
525
521
523
526
526
526
526
523
500
525
518
526
527
519
527
519
531
531
519
533
527
528
532
519
516
528
523
516
526
528
528
532
524
536
534
528
528
520
529
532
529
536
529
533
529
537
527
529
533
527
538
524
528
529
537
538
530
530
530
533
532
538
530
528
538
540
533
518
530
530
525
545
532
529
532
526
533
533
528
528
533
532
526
533
530
536
533
541
533
527
536
533
533
538
537
531
539
537
530
533
521
545
531
533
533
533
538
534
537
533
524
528
528
535
535
531
537
525
529
537
543
537
537
535
528
537
537
537
538
543
529
537
538
538
545
538
538
539
529
542
531
538
538
540
545
543
542
539
540
540
544
533
540
540
531
540
540
538
541
541
541
541
542
542
542
545
544
542
542
542
542
543
542
536
540
540
543
544
543
543
543
543
543
543
543
545
543
543
539
543
544
542
543
545
545
545
542
543
544
544
543
547
535
544
542
546
544
545
544
539
548
545
540
543
545
545
553
545
540
545
543
545
545
545
546
545
541
542
546
551
545
547
543
546
551
547
542
542
543
550
542
546
545
546
545
548
551
546
545
551
551
552
546
543
543
546
553
549
549
547
548
552
547
547
553
545
547
547
543
549
547
545
548
548
549
549
547
546
549
549
549
560
553
553
545
545
549
547
550
550
550
550
550
551
553
551
545
551
553
553
553
550
545
551
551
556
551
551
551
551
552
551
553
552
555
549
557
553
552
547
552
552
554
552
556
552
552
555
550
552
553
557
552
553
553
552
553
553
554
553
553
553
553
553
549
553
553
548
553
552
555
554
553
553
553
553
561
557
551
553
553
553
553
553
556
550
559
554
561
564
554
554
554
554
554
556
554
554
554
555
554
553
555
555
553
561
555
561
559
555
556
563
559
555
555
563
563
555
553
559
556
556
559
559
552
557
563
555
558
559
569
559
553
573
560
553
560
560
566
560
566
555
560
565
553
557
561
561
561
561
561
561
561
565
565
567
564
562
562
563
569
563
572
555
554
566
557
563
569
564
569
572
565
572
556
565
559
565
566
572
569
565
557
565
565
569
565
556
559
565
565
574
561
559
566
562
566
566
566
565
584
575
566
567
569
567
567
569
566
569
566
561
584
561
569
567
575
565
583
569
569
569
569
565
570
571
565
571
565
569
572
573
572
572
572
572
572
575
575
572
572
572
572
572
572
572
581
565
572
571
565
575
566
572
573
573
573
573
572
574
574
577
582
568
572
574
575
562
575
575
575
577
572
581
575
581
574
566
584
575
587
575
575
575
569
575
579
575
585
575
578
572
573
583
573
574
575
588
586
583
579
586
586
575
581
575
572
572
575
572
577
584
577
577
575
587
577
579
572
571
579
576
579
579
575
579
580
588
581
572
581
581
575
575
586
581
581
587
573
579
581
581
586
581
588
569
581
582
575
574
585
583
583
583
584
584
585
577
584
585
585
584
585
585
585
575
585
583
575
585
588
585
572
579
586
585
575
586
575
593
572
588
587
579
587
596
579
587
587
587
586
590
583
584
587
596
605
587
590
586
581
593
586
587
588
596
579
592
588
588
594
588
596
598
588
600
590
588
585
598
598
591
585
594
589
589
586
589
583
584
590
587
585
588
590
585
590
594
592
590
590
588
590
581
590
596
590
590
581
590
592
596
587
581
585
600
592
587
585
587
594
593
598
588
598
593
593
593
593
594
594
600
594
596
595
599
590
601
596
596
596
601
596
596
597
598
598
603
599
596
598
598
588
609
590
588
598
598
594
598
592
598
601
598
590
605
589
598
599
599
599
599
599
600
599
593
598
601
601
602
599
599
599
601
599
615
585
600
600
601
601
609
601
607
601
612
601
609
601
601
601
602
612
612
603
611
602
600
601
596
616
598
599
602
601
617
602
603
614
613
614
598
603
603
589
606
603
603
601
605
599
614
618
600
605
610
601
616
616
617
609
608
617
607
609
609
614
602
609
603
617
609
614
607
609
607
609
609
614
618
610
603
617
611
611
611
616
603
602
610
603
605
612
612
612
601
617
614
614
599
614
614
614
623
607
606
604
616
610
614
614
601
614
617
618
626
614
614
615
607
618
610
611
596
616
618
624
617
606
616
618
617
617
618
612
617
617
617
617
621
617
620
609
617
616
618
618
618
618
617
618
603
618
618
618
623
611
611
619
601
616
612
623
618
618
618
618
619
620
618
623
618
633
618
618
619
629
619
618
617
619
627
617
629
621
616
619
618
631
621
605
627
619
618
623
616
620
620
620
617
620
616
620
621
621
621
605
621
621
623
621
618
629
617
618
630
623
622
618
621
621
621
621
627
623
623
631
617
623
620
630
619
623
618
621
620
623
626
623
629
625
625
632
626
630
623
626
629
630
619
632
626
626
626
626
620
629
629
626
626
626
629
621
626
623
626
626
631
627
621
627
627
628
630
629
626
628
629
629
635
633
633
632
629
629
629
629
633
629
629
626
629
621
619
629
630
633
631
627
630
632
630
623
626
630
631
633
631
623
631
631
633
641
633
630
625
632
636
632
641
630
632
629
633
633
632
631
631
634
630
633
632
626
633
633
633
632
629
629
637
633
633
629
628
633
635
635
630
632
633
633
633
631
635
633
630
631
633
633
633
633
629
638
636
637
630
634
641
635
638
631
637
650
630
635
633
632
630
637
638
635
635
635
627
637
628
641
635
631
635
636
636
636
636
636
633
637
637
636
637
632
647
636
637
637
633
637
637
638
637
636
641
647
637
647
636
640
638
637
638
638
633
644
638
633
644
637
641
635
646
639
644
640
645
629
640
640
637
633
641
641
641
641
639
641
648
650
641
635
637
641
635
647
641
643
652
644
637
644
640
644
644
644
640
647
644
644
644
651
644
644
640
651
635
647
645
645
645
637
638
645
641
647
645
645
637
639
640
645
658
648
646
652
650
651
633
647
637
647
648
664
651
647
647
648
653
644
645
644
644
648
653
649
653
650
651
642
651
650
655
640
658
650
648
650
659
650
648
637
650
650
655
650
647
656
640
644
650
644
641
653
658
650
650
651
651
659
651
652
651
651
648
651
651
652
651
658
651
651
656
653
651
651
659
659
663
652
651
652
650
647
652
653
659
650
653
651
651
654
655
644
655
651
655
655
650
652
657
657
650
651
659
664
659
651
668
659
659
659
652
650
659
651
661
655
659
659
670
659
659
664
666
664
659
659
659
659
657
660
655
659
661
664
661
666
661
663
661
663
668
662
663
663
652
659
663
659
663
653
663
663
668
663
659
663
663
664
659
666
663
663
658
659
666
664
668
665
655
663
659
664
659
668
661
664
652
668
653
664
661
664
664
666
664
664
652
668
670
665
670
664
664
655
665
668
665
659
665
665
664
665
668
666
666
666
666
666
666
667
667
667
673
663
668
676
668
668
659
674
676
665
672
670
667
659
667
668
668
668
668
668
668
668
670
668
668
669
665
681
672
664
679
669
669
669
672
670
670
672
668
670
667
665
674
670
663
670
672
670
670
667
665
675
670
668
671
677
672
672
674
672
666
669
668
672
672
672
672
668
680
677
678
668
668
670
668
673
680
672
672
672
677
674
674
672
668
669
677
674
673
680
679
674
674
675
669
677
669
674
674
674
679
674
674
674
674
675
684
672
668
667
675
675
688
675
681
672
674
676
676
685
672
678
683
679
675
677
677
677
670
677
684
667
680
677
689
674
684
678
691
679
678
681
680
678
678
680
677
678
682
679
679
679
679
686
668
680
672
679
687
672
680
680
678
689
680
680
680
680
681
674
681
679
679
678
681
675
678
681
670
677
681
681
685
682
682
696
691
682
685
684
677
684
684
680
678
689
684
684
684
684
684
684
684
691
684
680
694
680
678
681
685
685
688
686
672
688
688
692
684
688
688
679
682
688
693
680
689
693
688
694
688
693
680
694
689
691
685
684
690
683
692
690
688
690
696
684
693
696
684
688
691
683
691
691
691
691
684
680
691
688
683
691
691
691
688
691
692
697
697
694
692
692
691
693
681
694
692
699
692
693
693
678
693
693
693
693
688
693
694
680
689
711
694
694
694
694
694
700
701
689
694
694
699
688
694
694
696
696
692
693
694
696
696
697
696
696
697
692
694
696
693
697
688
697
691
697
692
699
700
693
699
697
697
692
696
701
697
697
697
692
692
694
697
697
700
709
696
697
697
697
699
699
696
699
705
694
694
697
699
699
697
692
700
694
699
696
694
701
694
701
719
700
694
693
706
700
701
697
695
701
700
701
699
701
702
697
701
701
701
697
710
702
705
701
701
697
702
696
702
704
715
707
702
697
700
701
704
713
702
700
710
703
710
705
703
705
697
710
705
705
705
705
705
710
710
714
705
702
705
703
705
705
712
705
697
705
705
698
710
700
707
703
707
707
714
712
709
709
699
709
708
709
715
709
710
710
700
718
715
710
710
710
709
699
715
710
710
710
707
718
714
715
705
710
718
713
706
712
699
719
712
713
713
711
727
710
713
724
709
715
714
715
714
714
702
714
717
714
707
714
719
714
714
718
715
715
705
715
719
713
715
715
714
719
715
714
718
718
719
715
715
720
715
700
715
730
712
719
714
715
714
716
716
716
719
715
716
719
717
718
718
714
718
718
718
714
718
712
718
725
725
718
719
715
725
715
730
715
719
719
725
736
719
714
714
733
725
714
715
718
714
719
719
719
719
719
733
719
722
719
718
721
721
732
719
715
712
712
722
723
733
731
715
717
725
727
731
724
718
714
725
725
715
725
725
725
725
727
725
718
718
732
734
725
725
726
719
727
725
730
734
727
727
719
722
725
719
725
730
730
734
727
730
730
729
734
730
731
733
731
725
733
732
725
732
732
732
732
732
733
733
733
710
733
733
740
736
725
736
733
721
733
733
725
727
733
727
733
733
733
733
731
733
734
730
734
730
740
735
740
742
734
737
733
728
734
715
737
733
731
742
734
734
734
725
734
736
734
734
725
735
729
738
734
736
736
736
730
736
736
740
743
736
736
737
737
737
737
742
733
741
740
725
738
739
740
737
737
737
737
737
736
737
736
738
739
725
738
737
725
731
740
737
719
742
742
733
741
741
739
740
735
740
740
740
745
737
770
738
740
743
750
738
740
740
741
740
740
740
737
740
740
740
741
746
740
741
741
743
742
742
742
742
737
736
742
742
742
742
734
745
746
735
742
742
742
742
742
743
746
737
747
742
742
744
742
734
740
734
743
742
740
740
740
742
743
734
743
761
743
737
769
743
747
740
743
757
747
744
740
745
745
743
740
740
743
743
743
740
744
743
744
754
744
740
744
744
746
739
744
744
744
744
757
742
741
747
758
745
743
752
745
753
749
752
746
743
750
746
746
746
750
750
754
752
753
770
757
744
742
745
751
750
749
743
747
746
749
753
756
758
750
743
760
756
750
749
758
752
750
750
750
742
758
752
752
775
747
757
747
753
754
744
756
760
747
762
754
754
754
763
754
755
747
752
744
756
757
769
757
746
756
758
756
758
758
758
748
763
758
776
758
762
760
746
758
752
758
754
762
758
750
769
769
756
747
743
758
761
758
770
759
758
761
762
760
760
760
761
758
752
771
750
778
760
767
775
776
765
760
760
763
761
750
761
752
761
762
758
754
760
761
763
773
758
754
763
770
775
759
764
766
763
764
766
768
757
760
769
780
770
775
754
770
776
776
759
773
770
757
760
770
772
771
771
771
776
771
772
770
759
772
770
770
760
772
772
777
774
773
775
772
773
773
771
773
773
772
774
774
774
777
775
776
762
775
775
775
770
775
772
779
777
772
777
772
772
776
776
776
770
776
776
777
777
777
779
776
787
776
777
774
774
769
776
781
777
777
776
776
775
781
772
777
777
777
777
777
770
777
777
777
777
793
776
780
778
783
781
762
783
783
775
777
776
777
764
778
777
777
780
781
789
777
779
778
794
778
777
774
777
783
783
778
778
787
779
779
777
780
777
780
783
780
775
789
780
783
764
781
781
789
790
777
785
781
781
780
786
790
781
778
781
781
781
777
782
782
776
783
776
782
782
783
781
787
786
781
779
772
783
789
789
783
778
783
781
783
789
783
783
794
789
783
783
785
777
792
785
786
781
786
780
777
792
783
786
789
783
791
783
794
787
787
787
789
787
791
787
792
787
788
787
789
784
792
789
787
797
789
789
789
799
781
781
792
786
787
789
796
787
780
781
789
789
789
794
789
790
789
790
790
791
790
791
792
794
791
795
789
794
792
796
786
790
794
799
799
786
789
792
799
801
797
801
794
794
794
789
798
789
798
802
794
794
794
800
794
794
794
794
796
791
803
800
796
792
796
797
797
797
786
796
801
797
798
808
798
813
790
790
799
798
803
805
791
800
806
790
798
796
799
800
800
799
799
799
799
799
797
800
808
800
799
800
800
801
803
801
803
801
789
797
798
805
802
802
798
806
800
803
811
803
799
793
791
803
803
791
799
803
803
803
790
803
796
803
805
811
797
803
812
790
817
800
818
805
805
805
805
806
799
805
811
805
806
806
806
803
806
806
799
806
805
811
806
806
803
814
813
806
807
794
807
815
805
811
808
815
808
808
802
808
809
814
809
805
803
805
809
809
809
809
809
815
810
810
806
812
803
803
808
801
810
811
811
809
811
811
814
811
804
812
811
803
811
817
805
811
811
807
812
812
812
813
813
813
803
803
806
814
803
814
818
794
808
818
815
815
815
812
814
815
818
818
815
815
816
813
817
814
817
817
818
814
807
818
818
818
818
818
818
811
818
818
809
814
818
815
813
813
812
815
818
817
814
811
811
818
815
818
818
