55
56
30
10
30
10
39
50
12
15
50
27
17
17
4
0
0
0
0
0
0
0
0
0
1
1
1
1
1
2
2
2
2
2
2
2
2
2
2
3
3
3
3
3
3
3
3
3
66
4
4
4
50
4
4
4
4
4
4
4
4
4
4
5
5
5
5
5
5
5
5
5
5
5
5
6
6
6
6
6
7
7
7
7
7
7
7
52
7
7
7
7
7
7
7
7
8
8
8
24
8
8
8
8
8
8
8
8
8
8
9
9
9
9
9
9
9
52
9
9
9
9
9
9
9
9
9
9
9
9
9
9
9
9
9
9
10
10
10
10
11
11
11
11
11
11
11
11
11
11
11
11
11
11
11
45
11
11
11
11
11
11
12
12
12
12
12
12
12
12
12
12
12
12
12
12
12
12
12
13
13
13
13
13
13
13
14
14
14
57
15
15
15
15
15
15
15
15
15
15
15
15
16
16
16
16
16
16
16
16
16
16
16
17
17
17
17
17
25
17
17
17
63
17
17
17
17
17
17
17
17
17
17
17
17
17
17
17
17
17
17
17
18
18
18
18
18
18
18
18
18
19
20
20
20
20
20
20
21
21
21
21
21
22
22
22
22
22
22
22
37
22
22
22
22
22
22
22
22
22
22
22
22
23
23
23
23
23
24
24
24
24
24
24
25
25
25
25
25
25
26
26
26
26
26
26
26
26
26
27
27
48
27
27
27
27
27
27
27
28
29
29
29
29
29
80
29
29
29
30
30
30
30
30
92
30
31
31
31
31
31
32
32
32
32
32
32
32
32
33
33
33
33
33
33
33
33
33
68
33
87
7
33
33
33
33
33
33
33
33
33
33
33
26
33
34
34
34
34
34
34
34
34
34
34
34
35
35
35
35
35
35
35
35
35
35
35
36
104
36
36
48
36
36
37
37
93
37
38
38
38
38
38
38
38
24
38
56
38
39
39
39
39
39
39
39
39
39
39
39
39
39
39
39
39
39
39
39
39
39
39
39
40
40
41
41
41
41
41
41
41
42
42
42
42
43
43
43
43
43
43
43
43
43
43
43
43
43
44
44
44
44
44
44
85
91
44
44
44
45
45
45
45
45
45
45
45
45
45
45
45
45
46
47
47
47
47
47
47
47
47
47
48
48
48
48
48
48
48
84
48
48
48
48
16
48
48
48
49
49
49
49
49
49
49
49
50
50
50
50
50
50
50
50
50
50
50
92
50
50
50
50
50
50
50
50
50
50
118
50
50
50
50
50
50
51
51
51
32
51
51
51
51
51
51
51
52
52
52
52
52
52
52
52
52
52
52
52
52
52
52
52
52
53
53
53
53
53
53
53
5
53
53
53
81
53
53
53
53
54
54
54
54
54
54
53
54
54
54
54
54
54
54
54
54
54
54
54
54
54
54
55
127
55
55
109
55
9
55
55
55
55
139
56
56
56
56
56
56
56
56
56
56
56
56
56
61
57
57
57
16
57
57
57
57
57
57
57
57
57
57
57
57
57
57
57
57
57
57
58
58
58
58
58
58
58
58
58
58
58
58
58
58
58
58
58
58
58
58
58
58
58
59
60
60
60
83
60
60
60
60
61
61
0
61
117
61
61
61
61
61
61
61
61
61
61
30
61
61
62
62
62
62
62
62
62
62
62
63
63
63
150
63
63
63
63
63
64
64
65
65
65
65
65
65
65
65
65
65
65
65
65
65
66
66
66
66
66
66
66
66
66
66
66
66
66
67
67
67
67
67
67
67
67
67
68
68
68
68
68
68
68
68
68
68
68
68
68
68
69
69
26
69
70
70
9
70
70
70
70
70
117
71
71
71
71
71
71
33
71
73
73
73
73
73
73
73
73
73
73
131
73
73
73
73
73
73
13
73
73
73
18
73
73
73
73
58
73
73
73
73
73
73
73
74
74
74
74
74
74
74
74
74
75
74
74
74
74
74
74
50
74
74
126
75
75
75
75
75
75
75
75
75
75
11
75
75
75
76
76
76
76
57
76
12
76
76
73
77
77
77
77
77
77
77
77
77
45
77
77
77
77
77
77
78
78
78
78
78
78
78
79
80
80
80
80
80
80
80
80
80
80
80
80
80
80
80
80
80
80
80
81
82
82
82
82
82
82
82
82
82
82
82
118
83
83
83
83
83
83
83
83
83
83
61
83
83
51
83
84
84
56
84
84
84
84
84
84
84
84
84
85
85
85
85
85
85
85
85
90
85
85
85
85
85
85
86
86
86
86
86
21
86
86
86
86
86
86
87
87
87
87
87
87
87
87
87
87
88
88
88
88
88
88
88
88
88
88
76
88
88
89
90
72
90
90
90
90
90
90
90
90
90
90
91
91
91
91
91
91
91
131
40
91
124
91
91
91
91
91
91
91
92
92
92
92
92
92
92
92
82
92
92
92
92
92
92
92
92
92
92
93
93
93
93
93
93
93
93
94
94
94
94
95
96
96
96
96
96
96
96
96
96
96
96
97
98
98
98
98
98
98
98
98
98
138
98
98
99
99
99
100
100
100
100
100
101
101
101
101
101
101
102
103
178
104
104
104
104
104
153
83
104
104
104
57
134
104
104
121
104
104
104
104
104
104
104
104
104
104
105
106
106
43
106
106
107
107
107
107
107
107
107
107
107
107
107
107
108
108
108
108
108
108
108
108
108
108
109
109
117
109
109
183
50
109
109
109
109
109
109
109
109
109
109
109
109
109
110
110
111
110
110
110
110
110
111
111
111
111
111
111
111
112
112
112
112
112
112
112
112
112
112
41
112
112
113
114
114
114
114
114
115
115
115
115
115
115
115
115
115
115
115
165
115
115
115
115
115
115
116
116
116
116
116
117
117
57
117
117
117
117
117
117
117
118
118
118
118
118
118
119
120
120
120
120
120
120
120
120
121
121
121
121
121
140
122
122
122
122
122
122
123
124
124
124
124
124
124
124
124
124
124
124
124
124
124
125
125
108
126
126
126
126
126
126
127
127
127
76
127
127
128
128
128
128
128
128
128
128
128
129
199
129
129
129
129
129
129
129
66
129
129
129
129
129
129
129
130
130
131
131
131
132
132
132
132
132
132
132
132
132
132
132
132
193
57
132
132
132
132
201
132
132
133
133
133
133
133
133
133
134
134
134
203
134
134
134
134
134
134
134
134
134
139
134
116
134
134
134
134
135
135
68
135
135
135
135
135
136
137
137
137
137
137
138
138
138
138
138
138
138
138
138
138
138
138
109
139
139
139
139
139
167
139
139
139
139
139
139
139
139
139
139
199
139
140
140
140
133
140
140
140
140
141
141
141
141
141
141
141
141
142
142
142
142
142
142
142
143
143
143
143
143
143
143
143
143
144
144
144
144
144
145
146
146
146
146
146
146
146
146
111
146
146
147
147
147
147
147
147
147
147
147
147
147
147
147
75
147
147
147
147
147
147
147
148
104
148
148
148
148
148
73
148
148
148
193
148
148
148
148
148
149
149
149
149
149
149
226
150
75
165
150
150
150
150
150
150
150
150
150
150
150
150
150
151
151
151
151
151
152
152
153
153
153
153
153
153
153
153
153
153
153
153
153
153
82
153
153
153
85
153
153
153
153
153
153
153
153
134
153
80
153
153
153
153
154
155
155
155
155
155
155
155
155
155
155
155
155
139
98
156
156
156
73
96
156
218
156
156
156
156
156
156
156
156
156
156
107
157
158
158
158
158
158
158
158
158
158
158
158
158
158
158
158
158
158
158
158
158
158
159
160
160
160
160
160
160
160
160
160
160
160
160
83
160
160
160
160
161
161
161
161
161
161
161
161
161
161
161
161
161
161
161
162
162
162
162
162
162
162
163
164
164
164
164
164
164
147
164
164
164
164
165
165
165
165
165
162
165
165
165
165
165
165
165
165
165
165
165
165
165
165
165
166
166
166
166
167
167
167
167
167
167
167
167
167
167
197
167
167
167
167
167
167
205
120
168
168
168
168
168
168
168
168
168
168
168
169
170
170
170
171
171
171
171
171
172
172
172
172
172
172
172
172
172
172
216
129
165
172
173
173
173
173
181
173
173
173
173
173
173
173
174
174
174
174
174
174
174
174
174
175
175
175
175
176
176
240
190
176
176
176
176
177
177
177
177
191
177
177
104
177
177
177
177
139
177
177
177
177
177
177
177
178
178
178
245
178
178
178
178
160
178
178
178
179
179
179
179
179
179
179
179
179
180
180
180
246
131
181
181
181
182
182
182
182
182
182
182
182
182
182
182
183
183
183
183
183
183
183
183
183
183
183
183
183
183
183
183
184
193
184
184
184
184
184
184
184
184
184
185
185
185
185
185
185
185
185
186
186
186
186
186
186
158
186
186
186
187
187
187
187
187
187
187
187
187
104
187
187
187
187
187
188
188
188
188
188
188
188
188
188
188
188
188
188
188
188
188
188
189
190
190
191
191
192
192
192
192
192
192
192
193
193
193
193
193
193
193
193
194
245
194
194
194
194
200
194
194
194
194
194
195
149
195
208
195
195
195
195
153
195
196
197
197
153
152
197
197
197
197
197
197
197
198
198
198
198
198
198
198
198
198
198
198
198
198
261
198
199
199
199
238
199
210
199
199
199
199
264
199
199
199
199
199
200
200
200
200
200
200
200
201
165
201
201
201
201
201
201
201
201
128
201
202
202
202
202
202
202
202
202
202
203
150
261
203
194
203
203
203
203
203
204
204
204
204
223
204
204
120
204
204
204
204
165
204
204
227
205
205
205
205
205
205
205
205
153
205
205
165
205
205
205
206
206
246
206
206
206
206
206
206
206
264
206
206
206
206
206
260
206
246
206
207
208
208
208
208
208
208
208
128
208
208
223
208
208
208
208
209
209
209
210
210
210
260
210
272
210
210
210
210
210
210
210
210
210
225
210
210
211
211
211
211
211
211
212
212
212
212
212
212
212
255
213
213
213
213
214
214
214
214
214
214
214
214
214
214
214
214
214
214
214
173
214
214
214
215
215
215
215
215
215
216
216
216
216
216
216
216
216
216
216
216
216
216
216
216
216
216
216
216
216
217
217
217
217
217
217
217
217
218
255
218
218
218
218
218
218
218
158
218
160
218
218
218
273
218
218
219
219
219
219
219
219
147
219
219
219
219
219
220
220
173
221
221
221
221
221
221
172
221
221
222
246
223
223
223
223
223
172
223
223
223
223
223
223
223
197
223
223
223
223
223
223
224
225
225
225
225
225
225
227
225
225
225
225
226
226
226
226
227
227
227
227
227
227
228
308
228
228
228
228
228
228
229
229
230
231
231
231
231
231
231
184
231
231
231
231
231
309
231
231
349
231
231
305
231
231
231
312
231
231
231
231
231
231
231
187
165
231
231
231
231
231
231
231
231
232
232
232
232
232
232
232
232
232
233
233
233
233
233
233
233
233
233
233
210
233
233
233
153
233
233
233
233
233
233
233
233
233
233
233
233
234
234
215
234
234
257
234
235
235
235
235
235
235
235
235
235
236
236
236
236
236
236
236
236
236
236
236
236
236
236
236
236
237
237
237
237
237
237
237
237
237
237
237
237
237
237
238
238
238
238
238
238
238
238
239
239
267
239
239
239
239
239
239
239
239
279
239
173
239
239
239
239
239
214
239
239
239
239
239
287
239
239
239
240
240
240
240
240
241
241
241
214
241
241
241
241
241
242
242
242
199
242
242
242
242
242
242
242
242
242
242
242
242
242
242
242
242
243
244
244
244
244
244
244
244
244
244
244
244
273
244
244
245
245
245
245
245
245
245
245
245
245
245
245
245
245
245
245
246
246
241
246
344
246
246
246
246
246
246
246
246
246
246
246
246
246
246
246
246
246
247
247
247
192
247
247
186
247
247
206
247
179
247
301
247
247
247
247
247
247
247
173
172
248
248
248
248
248
216
248
248
248
248
248
248
248
248
248
248
248
248
250
250
250
178
250
250
250
250
250
250
214
250
251
251
251
251
251
251
239
251
251
251
251
251
251
246
252
252
252
252
252
252
252
252
252
252
252
253
253
253
253
253
253
254
301
335
254
254
255
261
255
255
255
255
255
255
255
255
255
313
225
308
255
255
255
255
256
257
257
257
257
258
258
258
258
305
258
269
258
258
259
259
259
259
259
259
260
260
260
260
260
260
260
260
260
260
260
260
260
260
260
260
260
284
260
260
260
261
261
261
261
261
261
261
261
261
261
261
261
261
262
262
262
262
262
262
262
262
262
262
262
263
263
263
263
263
264
264
264
244
264
264
264
264
264
264
264
265
265
265
265
265
265
265
265
265
265
265
266
266
266
266
266
266
236
266
266
266
291
266
335
266
266
266
266
267
267
267
274
267
267
267
267
267
267
267
267
267
267
267
267
267
267
267
268
268
268
268
268
269
269
328
269
269
269
269
269
269
344
269
269
269
269
269
269
358
270
270
270
270
270
271
272
272
272
272
272
239
272
272
272
272
272
272
272
272
272
366
272
272
272
273
273
273
273
273
273
273
273
273
273
273
273
274
274
274
274
274
274
274
274
274
315
274
274
275
275
275
275
275
275
275
275
275
275
275
275
275
275
275
275
275
275
275
275
275
276
276
277
277
277
277
273
277
344
277
277
277
277
278
278
278
278
318
278
279
308
279
279
279
279
279
279
280
280
281
281
221
281
281
281
223
281
281
281
282
282
282
282
282
283
283
283
283
283
283
283
285
285
285
285
296
285
285
285
285
287
287
287
287
331
287
287
286
328
287
287
288
335
380
289
289
289
289
289
378
289
289
289
289
289
289
289
290
290
290
290
290
290
290
291
291
291
265
291
291
291
291
291
291
291
291
291
291
292
292
292
292
292
292
292
292
287
292
292
292
292
328
292
293
293
293
293
293
293
346
293
293
319
293
293
294
295
296
296
219
296
296
296
297
298
299
299
299
299
299
299
299
299
299
299
300
301
258
301
301
324
301
301
301
301
301
301
302
303
303
303
303
304
304
304
371
304
304
304
304
305
305
305
305
305
305
305
305
389
305
305
306
306
306
292
306
306
306
306
306
306
306
306
306
306
306
306
306
312
306
306
306
306
306
258
306
306
306
306
306
307
308
308
308
193
308
373
308
308
308
308
308
308
308
308
308
308
308
308
309
309
309
309
309
309
309
248
309
310
347
310
310
355
310
310
310
310
310
311
398
311
311
311
311
311
311
311
266
312
312
312
312
312
312
312
312
312
312
312
312
312
312
312
312
381
273
312
312
312
312
347
312
312
313
313
313
313
313
313
313
313
314
314
315
315
315
315
315
315
315
315
315
315
315
273
315
315
315
315
316
347
316
387
316
316
316
316
316
317
317
317
317
317
317
259
317
301
317
248
317
317
317
318
318
318
318
318
318
318
318
318
318
319
319
319
319
319
319
385
275
249
319
319
327
341
319
318
319
320
320
320
320
320
320
320
320
321
274
321
322
323
323
323
323
323
323
323
323
324
324
324
324
324
325
326
326
326
326
381
326
326
326
326
326
326
326
326
326
327
327
327
403
317
378
327
327
327
327
327
327
327
412
327
328
328
328
394
328
328
328
328
328
328
328
378
328
328
328
328
328
402
329
329
329
329
329
329
330
330
330
330
330
330
330
330
330
358
330
330
330
330
330
330
330
319
248
330
330
331
331
331
331
331
331
331
331
331
331
331
331
331
331
331
422
331
331
331
331
331
255
331
331
332
333
334
334
265
334
334
334
259
334
334
335
335
335
335
335
335
335
335
347
335
336
337
337
337
337
337
337
337
281
337
337
337
337
337
337
337
338
338
338
338
338
338
338
338
338
338
339
339
339
339
339
339
339
340
340
340
340
341
346
341
341
341
341
341
341
342
266
416
342
342
343
343
343
344
402
344
344
263
344
344
344
344
292
344
344
370
344
424
344
344
262
344
344
344
344
345
345
345
345
345
345
345
346
346
346
346
346
346
346
382
346
346
321
346
347
438
346
346
346
347
347
347
347
347
305
347
347
287
347
347
306
347
347
347
347
347
347
347
347
347
347
347
347
347
283
347
348
348
348
348
334
348
269
348
463
349
349
349
349
349
349
350
350
350
350
350
350
351
351
351
351
351
351
377
351
351
351
351
351
351
352
352
352
352
352
352
313
442
353
344
354
320
354
354
354
354
354
327
354
355
355
355
355
356
357
357
357
357
357
357
357
357
357
357
357
357
357
358
358
358
383
358
358
358
359
360
361
362
362
362
406
362
362
363
363
363
363
363
363
363
364
365
365
365
365
365
365
365
426
365
365
365
366
366
366
366
366
367
367
367
367
367
367
367
367
367
367
367
367
367
368
439
368
368
368
368
368
368
369
369
369
369
369
369
369
369
370
370
370
370
370
370
370
370
370
370
370
371
371
371
371
371
326
371
371
391
301
371
371
371
371
318
371
371
372
373
373
373
373
373
373
373
373
373
373
378
373
374
374
374
374
374
375
375
432
375
375
440
375
375
375
375
375
375
375
375
375
375
375
375
375
375
219
375
375
375
432
375
376
339
376
376
376
376
376
376
376
376
376
376
376
376
376
376
378
378
337
378
378
378
378
378
378
378
378
378
470
379
380
380
380
292
380
380
380
380
380
380
381
381
381
381
381
381
382
342
393
382
382
382
382
382
347
382
382
382
382
382
382
383
383
383
383
383
383
383
383
383
384
312
385
385
385
385
385
385
385
385
385
408
385
472
385
458
385
385
385
385
385
386
386
382
386
386
386
386
386
337
387
387
387
387
387
387
387
354
387
387
387
429
387
387
387
387
387
346
388
388
388
388
388
388
388
388
388
388
388
389
389
389
389
389
331
389
390
408
390
390
390
390
390
390
391
391
391
386
391
391
423
391
391
397
392
392
392
392
392
392
392
422
479
321
392
392
392
394
394
394
394
394
319
394
454
438
394
394
394
394
395
395
395
395
395
395
395
395
395
395
396
396
396
396
378
396
396
396
396
396
396
396
396
397
397
397
397
357
320
397
397
397
397
397
397
397
397
430
437
398
398
398
398
398
398
398
399
399
399
327
400
401
402
402
402
431
402
462
402
402
402
402
402
402
403
403
403
403
403
403
404
405
405
405
405
405
405
405
405
406
406
406
406
406
406
406
406
406
406
407
407
407
407
407
407
407
407
407
408
347
408
408
408
408
408
408
408
408
408
392
408
408
410
408
408
408
408
408
409
409
409
409
410
410
354
410
410
433
410
410
410
410
410
411
411
411
411
411
411
411
450
411
411
411
412
412
330
412
412
412
412
491
412
412
412
412
412
413
413
413
413
414
414
414
414
414
414
414
414
414
414
414
414
414
414
414
414
414
414
414
414
415
416
417
417
417
417
417
417
417
418
419
419
419
419
419
419
419
419
419
419
419
419
420
421
421
421
371
422
422
422
422
470
410
422
422
422
422
422
422
422
422
417
422
422
422
424
424
424
424
424
424
424
424
424
424
425
425
391
425
426
426
426
426
426
426
426
503
426
426
426
426
426
427
427
427
427
427
427
427
427
427
427
428
429
429
429
429
429
429
429
494
429
429
429
365
429
472
429
429
429
429
429
429
429
429
429
334
463
429
429
430
430
430
430
430
430
430
430
466
430
430
431
369
431
431
431
431
431
431
432
432
432
425
432
432
432
432
432
432
432
432
432
480
433
433
433
433
434
434
434
434
434
434
434
435
444
436
436
436
436
437
437
437
437
438
438
438
438
438
429
438
480
438
438
438
438
438
438
438
438
438
438
438
439
439
439
439
439
439
439
439
439
439
439
439
439
439
440
440
417
440
440
440
440
522
440
440
467
440
440
441
441
442
442
442
442
442
442
442
442
442
442
442
442
442
443
443
443
443
443
443
443
443
443
443
443
443
443
443
443
443
443
411
443
443
443
443
443
443
444
494
444
444
444
444
444
444
495
444
444
444
444
444
444
444
444
444
444
444
444
479
444
470
445
445
445
446
446
391
446
446
446
446
446
446
446
446
447
447
447
447
447
447
447
447
447
447
448
449
449
449
449
450
450
450
450
450
450
450
411
450
450
450
450
450
450
450
450
450
450
450
450
451
451
451
451
451
451
451
451
433
451
451
451
451
452
452
452
452
452
452
452
452
452
452
452
452
452
452
452
452
452
453
454
454
454
454
454
454
454
454
454
454
454
455
456
456
456
456
456
456
456
457
457
457
533
458
459
460
386
461
461
461
461
461
461
461
461
461
422
461
461
461
461
390
461
463
463
463
463
463
463
463
463
463
463
463
463
463
464
465
465
465
465
465
465
465
465
465
465
465
465
465
465
465
465
466
466
466
466
466
466
466
467
467
467
467
467
467
467
467
532
441
559
492
467
468
468
469
469
469
469
469
469
469
469
470
470
470
470
470
470
381
470
470
470
470
529
470
470
470
520
476
470
470
470
471
471
471
471
471
471
471
471
471
471
471
424
471
471
472
472
472
472
472
472
551
472
472
472
472
472
472
472
472
473
430
473
473
473
473
473
430
473
473
473
473
473
473
473
473
473
473
473
473
473
474
474
474
475
476
476
476
476
476
476
476
476
476
476
476
476
476
476
444
476
476
476
476
476
524
476
476
476
476
476
476
476
477
477
477
477
477
477
477
477
477
478
478
478
478
478
478
478
478
478
478
479
479
479
479
479
479
479
479
479
479
479
479
480
480
552
481
546
480
480
481
481
481
481
481
481
481
481
481
481
481
481
481
481
481
481
482
482
482
483
484
484
484
484
484
484
484
484
484
484
484
484
484
484
484
485
485
485
485
486
486
486
486
486
486
486
486
486
486
486
486
486
487
487
487
487
487
487
412
487
488
488
488
488
488
488
488
488
563
488
488
488
488
488
529
488
488
489
489
537
489
467
489
489
489
489
489
489
490
490
490
402
490
490
490
490
490
490
490
491
452
491
491
491
492
492
492
492
492
492
492
493
494
494
494
429
494
494
494
494
494
494
494
494
494
494
494
494
494
494
444
494
494
494
495
495
495
495
495
533
495
495
495
495
495
495
495
495
507
495
495
495
496
496
465
490
496
496
496
496
496
496
496
496
497
498
498
498
498
498
499
499
499
500
500
500
500
500
500
427
500
500
500
501
501
501
501
501
501
501
585
501
502
503
503
503
503
503
503
503
503
503
503
503
414
503
503
504
484
504
504
504
504
504
504
504
445
504
504
504
504
504
505
505
505
469
505
505
505
505
427
506
506
506
506
506
506
506
506
507
451
507
462
507
507
508
508
508
508
508
508
509
509
509
509
509
509
509
509
509
509
509
509
510
552
511
512
512
512
512
512
512
512
512
513
513
513
513
513
513
513
513
513
513
513
513
513
513
513
513
513
513
438
514
514
514
514
514
514
514
514
514
514
514
515
515
552
515
515
515
472
515
515
515
515
515
516
516
516
516
516
516
516
517
517
517
517
517
517
517
517
517
517
517
517
517
517
517
573
517
518
519
489
519
519
519
520
522
520
521
522
522
522
522
522
522
523
523
523
433
523
523
434
523
523
524
524
524
524
524
524
524
517
524
524
524
524
524
524
524
524
524
525
525
525
525
525
525
525
517
525
525
525
525
525
525
526
526
526
526
540
606
526
526
526
454
526
526
526
526
527
528
529
529
529
529
529
529
529
530
530
524
530
530
530
530
530
530
530
530
530
530
530
530
532
530
531
531
531
531
532
532
532
532
533
533
533
533
533
533
533
533
607
488
534
534
534
534
534
534
534
534
534
534
535
535
535
535
535
535
535
535
535
535
537
491
537
537
537
537
513
537
537
537
537
537
609
537
537
537
537
538
538
538
538
538
538
538
538
538
539
581
539
539
539
539
539
539
539
540
540
540
540
611
540
540
540
540
541
541
541
541
542
542
542
542
542
543
544
544
544
545
515
545
545
545
545
545
545
545
476
544
545
546
546
546
546
546
546
488
546
546
546
546
546
546
546
546
546
547
547
614
547
547
599
547
547
547
547
548
549
549
549
556
549
549
549
549
549
549
550
550
580
550
599
550
551
551
551
551
551
551
551
560
551
476
551
463
551
551
551
551
551
551
551
551
551
551
551
551
551
551
551
552
552
552
552
552
552
552
552
552
552
552
552
552
552
552
553
554
554
554
554
554
554
554
554
595
554
554
554
554
555
556
557
557
557
557
557
557
557
558
558
559
559
559
559
559
559
559
559
559
559
559
559
559
476
559
559
559
559
559
625
579
560
560
560
560
560
560
560
479
560
560
560
481
560
561
561
561
561
561
561
618
561
554
562
562
562
562
562
562
562
562
562
606
562
562
613
562
562
536
591
562
563
563
563
563
563
547
563
563
563
563
563
564
565
565
565
565
635
565
565
565
565
565
565
565
565
565
609
565
565
565
566
632
504
566
566
499
566
566
566
567
567
567
567
567
567
500
567
568
568
568
568
568
568
568
568
568
568
568
568
568
568
568
568
582
568
568
568
586
569
537
569
569
569
569
569
492
569
569
569
569
569
569
494
569
569
524
569
569
569
569
570
570
570
570
570
570
570
570
570
570
570
571
571
571
571
571
572
572
572
572
572
572
572
572
572
572
554
572
572
572
572
572
573
573
517
573
573
573
573
573
573
573
573
573
573
610
590
573
573
517
573
573
573
562
573
574
575
575
575
575
575
575
575
575
575
575
581
575
575
575
575
575
575
575
575
575
575
576
576
576
577
578
578
578
578
578
578
578
578
578
578
578
578
578
578
578
578
579
579
579
579
579
579
579
524
579
579
579
579
579
580
580
580
643
581
581
581
581
581
581
581
581
581
582
582
582
643
582
627
582
582
582
582
582
646
582
582
582
526
583
583
583
583
583
583
583
583
583
583
523
584
584
584
584
584
584
584
584
584
584
584
584
584
530
584
584
584
585
590
585
585
585
517
585
585
586
586
586
586
586
586
586
587
587
587
587
587
587
588
588
588
589
589
618
589
589
589
589
589
589
590
590
590
590
590
590
562
590
590
591
591
591
591
591
591
591
591
549
591
591
591
591
591
591
592
615
592
592
592
592
592
592
593
593
593
658
593
593
593
568
593
594
594
594
594
594
594
594
594
594
595
595
595
595
595
595
595
595
595
595
595
595
595
596
596
596
596
596
596
596
596
596
596
596
596
596
547
597
597
569
597
597
597
597
597
597
597
597
585
597
597
597
597
598
598
598
598
598
598
598
598
598
598
598
598
517
598
598
599
599
599
599
599
599
599
618
599
590
599
599
599
599
599
599
599
599
599
599
667
599
599
618
600
600
600
600
601
601
601
601
601
601
601
586
601
602
603
603
603
603
603
603
603
651
603
603
603
603
603
603
603
603
603
604
589
604
604
655
604
604
604
627
604
604
605
605
605
605
605
605
547
605
605
605
605
605
605
605
605
605
605
605
605
605
560
606
606
606
606
606
606
606
606
606
632
606
606
606
606
606
606
606
606
606
606
606
606
607
607
607
607
607
607
607
607
607
607
607
607
607
607
607
607
607
607
607
607
607
608
608
608
609
609
609
609
609
609
641
609
610
610
610
610
654
610
610
610
610
610
610
610
611
611
611
611
611
611
611
612
613
613
613
613
613
613
613
613
613
613
614
614
614
614
558
614
614
614
614
614
587
614
614
614
614
614
614
614
614
614
614
607
614
615
615
615
565
615
615
615
615
616
616
616
673
616
616
616
616
616
616
616
616
616
597
616
617
617
617
617
617
652
617
617
617
617
617
617
617
617
617
617
617
617
617
617
617
617
617
617
618
618
618
618
618
618
618
652
618
618
618
618
618
618
618
618
618
619
619
620
621
597
621
622
622
622
622
622
622
622
623
565
623
623
623
623
623
623
560
623
624
624
624
624
625
625
625
625
625
684
566
625
625
625
625
625
625
625
625
625
625
626
684
626
626
626
626
626
626
626
648
626
626
627
627
627
597
627
627
627
627
627
627
627
627
627
627
562
627
627
627
684
626
627
627
627
627
627
627
628
684
628
628
629
629
579
629
629
629
629
630
631
631
586
632
632
632
632
632
632
632
632
632
632
632
632
632
632
632
632
632
632
632
632
632
632
632
633
633
633
633
633
633
634
634
634
634
634
634
634
634
634
634
634
635
635
635
636
636
636
636
636
636
636
636
636
636
636
636
636
636
636
636
636
636
681
636
636
636
636
637
637
637
637
637
637
638
638
638
639
643
639
639
639
639
639
639
639
639
639
573
639
639
640
641
641
641
641
641
641
641
641
641
641
641
641
641
641
641
641
641
606
641
641
641
600
641
641
641
641
641
641
641
641
641
618
642
642
642
642
642
642
642
655
642
643
643
663
643
678
643
647
643
708
643
643
643
643
649
643
643
643
643
643
643
643
643
643
643
643
643
643
643
643
643
644
644
644
645
646
646
646
646
646
646
649
646
646
646
646
646
646
647
647
647
647
647
647
647
657
647
610
647
647
647
647
647
647
647
647
647
647
647
647
648
648
648
648
648
648
648
648
648
648
648
648
648
648
649
649
649
649
650
650
708
650
650
650
650
650
651
586
722
651
651
651
651
651
651
651
680
651
651
651
651
651
651
651
651
651
651
651
651
652
652
652
661
652
652
652
723
653
653
654
654
654
654
654
654
654
712
654
599
654
654
654
654
654
654
700
654
686
654
671
654
654
654
654
654
655
655
655
655
655
655
655
655
655
655
655
655
655
655
655
655
655
655
655
655
655
656
656
656
656
657
657
657
657
657
657
657
657
604
657
657
657
657
658
658
658
658
658
658
658
729
658
658
658
658
658
658
658
663
658
659
659
659
660
660
660
661
661
661
661
661
661
661
723
661
661
661
661
661
661
661
661
661
720
661
662
662
662
662
711
662
662
663
663
663
663
663
663
663
663
639
663
663
663
606
663
663
663
663
643
664
664
664
693
664
664
664
664
664
664
664
664
664
664
664
664
664
664
665
665
665
665
665
666
666
666
666
666
666
666
666
680
666
666
666
666
667
667
668
668
667
668
668
668
669
720
669
669
669
669
669
669
670
671
671
671
671
601
671
671
671
671
671
671
671
671
747
671
672
672
672
672
672
672
672
672
672
672
672
672
672
672
672
672
672
672
672
632
672
672
672
672
672
672
672
672
672
672
672
673
626
673
673
673
673
673
673
673
673
673
673
673
674
674
674
674
674
674
674
674
618
674
674
755
674
674
674
674
674
674
674
674
674
674
674
674
674
674
674
674
674
674
674
674
674
674
674
674
675
675
675
675
675
675
675
675
675
675
675
675
675
733
657
676
676
676
676
676
676
676
676
676
676
677
677
677
754
677
677
677
677
677
677
677
613
677
677
684
703
677
677
651
677
678
678
678
678
678
643
678
679
680
680
680
680
680
680
680
680
680
680
680
680
680
680
680
681
681
681
681
681
682
703
682
682
682
674
682
682
682
682
682
682
682
683
683
683
683
683
683
683
683
657
683
683
683
683
683
683
675
683
683
671
683
683
683
683
683
651
684
684
684
684
684
684
684
684
684
757
684
684
684
684
684
684
684
684
684
684
684
684
684
684
684
684
684
684
684
684
685
685
685
685
685
686
686
686
687
687
687
687
688
693
688
688
688
688
688
688
688
688
688
688
688
728
688
689
689
689
689
689
689
714
738
689
689
689
671
690
690
690
690
691
691
691
691
691
691
691
691
691
691
691
691
691
691
691
691
691
691
692
629
692
692
692
688
692
693
693
695
649
661
693
693
693
693
693
693
693
693
693
693
694
695
695
695
695
695
695
695
695
695
695
695
714
757
696
696
692
696
696
696
696
696
696
717
696
696
696
696
709
697
697
698
698
698
698
698
698
698
698
699
699
699
699
699
699
699
699
699
699
699
699
699
700
638
700
700
700
700
700
700
700
685
700
700
700
700
700
700
700
700
700
700
700
700
700
700
700
700
700
700
700
700
700
700
700
700
642
701
701
701
771
701
701
755
701
701
701
702
767
702
702
702
702
702
703
703
703
703
703
703
703
700
703
703
703
703
703
703
704
704
663
704
704
704
704
704
704
704
704
704
704
704
704
704
704
704
705
705
717
705
639
705
706
707
708
708
708
708
708
708
708
708
708
709
705
709
709
709
709
709
709
729
709
758
710
710
710
654
711
711
711
791
771
711
711
711
711
711
711
711
711
711
711
712
712
713
713
713
713
713
713
713
713
714
714
714
714
714
715
716
716
750
716
716
716
716
716
716
716
668
716
716
716
716
716
702
716
716
742
716
717
676
717
717
717
717
717
717
733
717
717
717
717
717
717
718
740
718
718
718
719
719
719
719
719
719
719
719
719
719
719
746
719
719
794
719
719
720
720
720
756
720
720
728
720
720
721
721
722
722
722
722
722
722
722
722
722
722
722
723
723
723
723
723
723
723
723
723
723
723
723
723
723
723
723
798
723
723
723
723
723
723
723
723
723
723
723
724
724
724
724
724
724
724
724
724
724
724
724
724
724
725
725
725
780
726
726
726
726
726
726
726
726
727
727
727
727
727
727
727
727
727
727
728
728
728
728
728
728
764
728
728
729
729
729
729
729
729
729
729
729
729
729
729
729
729
730
730
731
759
732
733
733
733
733
733
733
734
734
734
734
734
734
734
735
735
735
735
735
735
752
735
735
735
735
735
735
735
735
735
735
736
736
736
736
737
750
738
679
738
738
738
738
738
738
738
738
738
738
738
738
739
739
739
739
739
739
739
739
739
739
740
740
741
741
741
741
741
741
741
741
741
741
741
741
741
741
741
741
742
742
742
742
742
742
742
742
700
688
742
742
742
743
743
743
743
743
798
727
743
744
744
745
746
746
746
746
746
746
746
746
815
746
746
746
746
746
747
747
747
747
747
747
747
747
747
747
747
748
748
748
784
748
748
749
749
750
750
750
750
750
750
750
750
674
743
750
750
750
750
750
750
750
750
750
750
750
750
750
750
750
751
752
752
752
802
752
752
752
752
752
752
753
753
753
753
753
753
753
753
754
754
754
754
754
776
754
754
755
755
755
755
755
755
755
755
755
755
755
755
755
755
755
755
755
755
756
782
684
756
756
756
756
756
756
756
756
756
756
756
756
756
774
756
756
756
756
684
757
757
757
757
757
757
757
757
757
757
757
757
757
757
757
757
757
787
757
757
757
757
758
758
755
758
758
758
758
758
758
758
758
758
758
758
763
758
758
758
758
759
759
759
759
763
759
759
759
797
759
759
759
759
760
760
735
760
761
761
761
761
781
761
761
762
762
762
762
762
762
762
762
762
762
762
762
816
763
763
763
763
763
763
763
763
763
763
763
763
763
764
764
764
764
764
764
764
764
764
764
764
797
764
765
765
765
765
765
765
766
766
766
738
766
766
766
766
766
766
766
766
767
767
767
767
767
767
767
767
768
768
768
768
768
768
768
763
768
768
768
768
768
768
769
769
769
769
769
769
769
769
798
769
769
769
769
769
780
769
769
769
769
770
770
770
771
771
771
771
771
771
771
771
771
771
771
771
771
771
771
771
771
771
771
813
771
772
781
691
773
773
773
773
773
773
773
773
773
773
773
743
773
773
774
774
774
774
774
774
774
774
790
774
774
774
774
774
774
774
775
775
775
775
775
775
775
775
776
776
776
754
776
776
776
776
776
776
776
776
776
776
776
776
776
776
776
776
776
777
778
778
779
779
779
779
779
779
779
779
779
779
779
779
714
779
779
779
779
780
780
780
780
780
780
750
780
781
781
781
781
781
781
781
781
781
781
781
782
782
782
782
782
782
782
782
783
783
783
783
783
783
783
783
783
783
783
783
783
783
783
783
783
784
784
784
784
785
721
786
786
703
786
786
786
786
786
734
786
786
786
786
786
786
786
786
786
786
786
723
786
786
787
787
787
787
787
787
787
788
789
789
789
789
789
789
789
789
789
790
790
790
790
790
791
791
791
791
791
737
791
791
791
797
791
791
792
792
792
792
792
792
792
793
793
793
793
793
793
793
793
793
793
793
793
793
793
793
793
794
816
794
794
795
795
795
795
795
795
796
796
796
796
796
796
800
797
797
797
797
797
797
797
797
797
797
797
797
797
797
797
797
724
797
797
798
798
798
798
798
798
798
798
776
798
798
798
798
798
798
798
798
798
798
798
798
798
798
799
799
799
795
799
799
800
800
800
800
800
800
800
800
800
800
800
800
800
800
801
801
801
801
801
801
801
801
802
802
802
802
802
802
802
802
802
802
802
758
802
802
802
803
803
803
741
803
803
803
804
804
805
806
806
806
806
806
806
806
806
807
807
807
807
807
807
807
808
808
808
808
808
808
808
759
808
808
808
808
808
808
808
808
808
808
808
808
808
808
809
809
809
809
809
809
809
809
809
809
810
810
810
811
812
812
812
812
812
812
812
812
813
813
813
813
813
813
813
813
814
814
814
814
814
814
814
814
814
815
815
815
815
815
815
815
815
815
815
815
815
815
815
815
815
783
815
815
816
816
816
816
816
816
816
816
816
789
816
816
817
817
817
817
817
817
815
817
818
818
818
818
763
818
818
818
818
818
818
818
818
759
806
798
816
791
801
755
799
789
802
758
781
752
818
