0
4
0
0
0
0
0
0
0
4
0
0
0
0
0
0
0
0
0
0
7
0
0
0
0
0
1
2
2
2
0
2
2
2
2
2
2
2
2
2
2
8
8
2
2
2
4
3
3
3
3
9
3
3
3
3
3
3
3
3
4
4
12
4
4
4
4
4
4
4
7
4
4
3
4
4
3
5
0
5
5
5
2
6
7
7
7
0
7
7
7
15
7
10
7
7
7
7
8
8
8
10
12
8
16
8
8
9
9
9
4
9
10
2
10
10
10
10
10
10
10
10
20
10
10
10
10
10
12
14
10
10
10
11
12
12
12
12
10
12
12
12
12
13
13
13
14
14
12
14
14
14
5
21
14
15
10
15
15
15
15
15
15
16
16
16
16
16
15
16
16
16
16
20
16
16
16
16
16
20
10
23
16
16
17
17
10
17
17
17
17
18
18
18
18
19
19
19
20
19
19
8
19
22
19
19
19
19
19
20
20
20
20
12
20
20
19
20
20
28
20
20
20
20
16
28
20
20
20
21
21
21
22
22
22
22
22
23
22
22
23
31
22
22
22
22
23
23
23
23
23
23
23
23
24
24
25
26
19
26
26
26
36
26
26
23
26
26
26
26
26
26
26
26
26
26
26
26
27
27
27
26
27
27
28
28
28
28
23
28
28
26
23
29
29
32
29
20
29
41
29
29
29
29
29
26
29
29
29
29
29
29
37
30
31
31
32
32
32
32
32
33
37
34
35
35
35
35
35
35
35
35
36
36
36
39
36
35
36
28
36
36
37
36
36
36
36
36
36
36
36
36
36
37
37
37
37
27
37
37
37
37
37
37
37
37
37
29
37
39
46
39
39
39
39
39
40
40
40
40
40
40
40
40
40
40
41
41
41
41
41
41
41
41
41
41
40
41
41
42
43
36
43
43
43
43
49
52
44
44
44
40
44
44
44
36
44
44
44
44
44
44
43
44
44
44
44
44
48
45
45
45
45
45
55
45
45
45
45
45
46
46
54
46
47
47
47
46
38
48
48
48
44
48
48
48
48
48
57
41
49
48
48
49
49
43
49
48
49
49
50
50
50
50
51
51
54
51
51
51
51
51
51
51
51
52
52
52
54
54
54
65
49
54
54
54
54
54
54
54
54
55
55
55
61
55
67
55
55
55
55
63
56
57
57
54
57
57
57
63
57
58
58
58
58
58
58
48
58
59
59
59
59
70
59
59
48
59
57
59
60
61
61
61
70
61
58
61
61
61
62
62
63
63
63
63
63
67
63
52
69
63
63
63
64
64
65
65
65
53
65
66
67
68
67
63
76
68
68
69
69
59
77
69
69
69
69
65
70
71
71
71
71
77
71
71
72
73
73
73
73
73
73
80
73
74
74
74
68
74
74
74
74
76
74
80
74
75
82
74
75
75
75
75
71
75
63
75
83
75
75
75
75
69
76
76
76
76
77
77
65
77
77
87
77
74
77
77
78
78
78
78
78
78
78
78
78
78
78
78
79
79
79
79
79
87
79
89
79
79
88
80
89
80
80
80
81
82
82
77
74
82
84
82
87
82
82
82
82
82
82
82
82
87
82
82
82
82
83
83
83
83
83
83
83
84
84
84
87
84
84
84
85
92
85
87
93
87
87
87
83
87
87
83
87
88
85
88
88
82
92
88
87
88
93
88
91
88
88
91
88
89
89
89
89
89
89
91
89
90
90
91
91
91
91
91
91
91
91
91
91
91
91
91
91
86
91
92
91
92
92
92
92
92
92
92
92
92
92
92
97
92
92
88
92
92
100
88
88
92
93
93
92
93
93
93
93
96
93
92
101
93
93
93
99
93
93
93
94
91
94
94
94
95
92
96
97
92
97
97
97
97
97
97
97
97
97
97
97
104
97
97
96
97
94
97
98
98
98
105
99
100
99
99
95
99
99
99
92
99
99
99
99
99
99
100
100
100
97
95
102
97
102
102
107
105
93
103
103
103
104
104
104
104
104
104
106
104
104
107
104
105
104
108
104
104
104
104
104
96
105
105
103
105
104
105
105
105
105
104
99
105
105
105
105
105
106
105
106
106
106
106
107
108
107
107
107
106
99
107
107
107
107
107
107
107
107
107
107
107
107
108
108
108
108
108
108
107
108
108
108
108
108
108
108
108
108
108
108
109
108
109
109
109
119
109
109
107
108
109
105
109
110
115
111
111
111
111
111
111
111
112
112
112
112
112
112
113
113
107
113
113
113
113
113
114
114
114
113
114
114
114
104
114
121
114
114
114
114
114
114
121
108
115
115
115
115
116
115
115
115
115
115
115
116
116
114
111
116
116
116
116
112
116
116
116
116
116
117
119
119
119
119
111
119
119
119
119
119
109
122
115
119
119
119
119
119
119
119
119
112
120
120
120
120
120
119
120
120
120
120
120
121
120
128
120
121
121
124
122
122
122
122
122
123
123
123
124
124
124
124
124
124
124
124
125
125
125
125
125
119
120
125
125
125
126
126
127
126
118
124
126
127
127
127
127
127
127
131
127
127
127
127
127
127
127
135
127
127
127
127
129
127
127
128
120
128
128
128
128
128
128
122
128
135
129
130
130
132
130
130
124
130
130
131
131
131
123
131
131
131
132
132
132
132
132
132
132
132
133
133
127
133
133
134
127
135
137
135
135
135
139
135
135
135
135
135
135
135
136
136
137
136
136
137
137
137
144
137
137
137
137
136
137
137
137
137
137
137
140
137
127
139
137
137
144
137
132
137
145
137
137
144
145
137
138
138
138
138
138
138
138
138
138
144
138
138
138
138
138
138
138
138
138
138
138
138
143
137
138
139
149
139
145
139
139
140
140
140
140
146
138
140
140
140
140
140
141
142
143
143
136
144
144
144
144
144
144
144
144
139
144
144
144
144
148
143
144
144
145
145
145
145
145
145
145
145
139
145
145
145
145
147
147
147
147
147
153
148
148
156
148
148
148
148
148
148
148
148
148
148
148
148
149
156
147
149
149
149
149
149
149
150
149
152
149
149
140
150
150
150
150
150
150
150
151
151
149
151
152
152
152
152
149
152
152
152
152
152
153
153
153
153
153
154
165
154
160
154
154
154
154
154
154
154
155
155
155
148
153
155
155
156
156
156
156
157
157
157
157
157
157
155
157
157
152
158
158
158
158
162
158
156
158
158
158
153
158
158
159
158
165
154
159
159
159
156
154
159
159
156
159
159
159
160
160
160
160
160
156
161
160
160
160
160
160
160
160
160
157
160
160
160
161
161
161
161
161
161
161
161
162
162
162
162
162
163
163
163
163
163
165
163
163
163
163
163
163
167
163
163
163
160
163
163
163
163
171
165
163
163
164
164
164
164
165
165
165
165
170
165
162
165
171
162
165
165
165
165
168
165
165
165
165
165
171
167
165
165
165
165
165
165
165
170
163
166
166
166
166
167
167
167
167
172
165
167
167
167
167
167
167
167
167
168
172
168
168
168
168
168
168
168
168
168
168
168
169
169
171
171
171
171
171
171
171
171
171
171
171
171
171
171
171
171
175
170
171
171
171
171
171
171
167
171
171
171
165
172
172
172
172
172
172
172
171
173
173
176
173
173
173
173
173
173
173
173
173
173
174
174
174
174
174
174
174
179
177
168
175
174
174
174
174
174
174
172
174
174
174
174
174
174
174
178
174
174
175
175
175
175
175
175
176
175
174
179
175
179
175
175
175
176
175
176
176
176
174
176
176
176
176
176
172
176
174
176
176
176
176
176
176
176
176
177
177
177
177
177
177
175
177
177
177
177
179
176
177
177
179
179
179
179
179
179
179
179
176
177
179
183
179
179
180
176
186
180
180
180
180
180
180
180
180
180
180
180
180
180
180
180
180
180
181
182
183
183
183
183
183
183
183
183
186
183
184
184
184
184
184
188
190
184
184
191
179
184
184
184
184
184
177
184
184
184
184
184
184
191
186
186
186
186
186
209
186
178
186
186
186
186
186
186
186
186
186
186
185
186
187
188
188
193
188
188
188
188
186
180
189
188
188
188
188
188
188
188
188
189
189
189
184
189
189
189
190
190
190
190
190
190
190
190
191
191
191
191
191
191
191
194
191
191
191
192
192
190
192
192
192
193
193
193
194
194
194
194
196
186
195
194
194
194
194
194
194
194
201
195
195
189
201
196
196
196
196
196
188
196
196
196
189
195
196
196
203
194
195
197
197
199
197
197
197
198
199
199
205
199
199
199
206
191
199
199
199
199
199
200
200
200
200
200
200
200
201
204
201
201
201
201
206
201
201
201
201
201
201
202
202
201
202
202
196
202
202
202
202
202
202
205
195
202
199
202
202
202
203
203
203
204
205
204
204
196
204
204
204
204
205
205
205
205
205
205
205
206
202
206
211
211
206
206
206
206
200
206
206
206
206
206
206
206
206
206
206
207
207
207
207
207
207
207
208
208
208
208
213
208
208
210
208
208
208
208
202
208
208
208
213
208
208
208
209
209
211
209
209
209
209
207
209
209
209
209
211
209
209
210
205
210
210
210
215
210
211
211
211
211
217
213
211
211
211
209
206
211
211
211
214
208
211
211
211
212
221
212
212
213
213
211
213
221
213
213
213
213
213
213
212
213
213
219
220
221
215
215
215
215
215
215
215
215
215
215
215
220
215
215
217
215
208
215
215
216
217
222
222
217
217
217
217
217
217
217
218
220
220
220
220
221
220
220
220
220
220
220
220
221
217
221
220
221
221
213
220
221
221
221
221
223
221
221
222
222
222
222
222
222
221
222
222
222
222
222
226
222
222
225
222
222
222
222
222
222
222
222
222
223
223
223
223
223
223
223
223
223
223
223
223
221
223
223
229
221
223
223
223
224
224
224
224
224
224
224
230
224
224
225
225
225
225
223
225
225
225
225
225
225
225
223
225
225
226
229
223
226
226
226
226
226
226
232
226
226
226
227
225
223
227
227
227
228
225
228
228
232
228
233
228
228
229
229
229
229
229
225
229
232
229
223
229
230
230
230
230
230
230
230
237
230
238
230
224
230
227
230
230
230
230
230
236
231
231
232
232
232
232
232
232
232
232
232
232
226
247
232
232
233
233
233
233
233
234
235
235
235
235
235
235
229
235
235
235
235
235
235
229
236
236
230
236
230
236
232
236
236
236
236
236
236
236
236
248
236
236
235
236
232
236
237
237
237
237
237
238
249
225
238
238
241
239
240
240
240
240
240
240
241
241
241
241
244
241
250
242
242
242
242
233
242
242
242
242
242
242
242
243
243
236
243
242
240
249
243
253
244
244
245
245
245
245
245
246
242
246
247
247
253
247
247
247
247
247
250
248
248
237
248
248
248
249
249
249
253
249
249
250
250
250
242
251
251
251
251
251
251
253
251
252
242
252
254
252
252
252
252
252
252
252
252
258
252
254
253
253
253
253
253
253
253
253
253
253
253
257
253
253
253
253
253
250
253
254
253
251
254
254
254
254
247
254
249
257
254
254
254
254
254
255
255
255
255
255
255
255
255
257
255
255
255
255
256
256
256
256
256
257
256
256
256
267
256
256
256
257
257
260
257
253
253
258
257
257
253
258
258
258
259
259
259
263
259
259
266
260
260
260
260
260
260
260
253
261
261
269
261
261
262
262
263
269
262
266
263
270
255
263
263
263
263
264
264
264
265
271
265
265
265
265
271
266
266
266
266
266
260
266
266
266
266
266
266
266
266
273
267
267
267
267
267
267
260
267
265
259
267
267
267
267
268
268
268
268
268
268
269
266
268
268
268
268
268
269
269
269
276
269
269
269
270
270
270
271
270
270
270
271
271
271
271
271
266
271
271
271
271
271
271
271
271
271
268
271
271
271
278
271
271
271
271
271
271
271
271
275
271
283
271
272
273
273
269
273
273
273
273
273
274
275
275
275
275
271
275
275
275
275
275
275
275
275
277
275
275
276
276
275
276
277
277
277
271
277
278
278
278
280
271
280
278
278
278
278
278
278
278
278
280
279
279
285
277
279
275
279
279
279
288
279
279
280
279
280
280
280
280
280
280
280
280
284
277
280
280
280
280
280
280
280
280
280
280
280
280
280
280
280
280
280
280
280
280
280
280
279
280
280
280
280
280
280
280
281
281
281
281
280
281
281
281
283
281
281
281
281
281
282
282
282
280
282
283
283
283
283
283
283
283
283
283
283
283
284
279
284
284
285
280
280
280
280
285
285
285
284
286
280
286
286
286
291
286
287
286
286
286
287
287
287
287
287
287
291
287
281
285
281
287
287
287
287
287
288
287
290
288
288
288
288
288
288
288
288
288
288
288
288
293
288
288
291
288
288
291
288
292
288
288
288
290
288
288
288
289
289
289
290
290
290
290
290
290
290
290
290
288
290
288
290
290
291
288
290
290
290
290
290
285
290
294
291
288
291
291
301
290
291
291
291
291
297
294
292
292
300
292
292
293
293
287
293
293
294
294
294
294
294
290
294
294
294
303
294
294
294
294
294
294
294
288
294
294
295
296
296
296
294
303
291
296
296
296
296
296
296
296
296
297
297
297
298
299
300
300
300
301
300
300
301
300
300
300
304
297
300
296
301
306
306
301
301
301
301
301
301
301
301
301
301
302
302
302
302
306
302
302
303
303
303
291
303
300
306
303
303
303
303
294
303
303
303
303
304
304
297
304
304
304
304
304
304
304
304
304
304
305
305
305
303
305
305
305
306
305
305
305
306
306
302
305
306
306
306
306
306
306
306
306
306
306
306
312
306
306
306
306
306
314
306
307
307
307
307
307
307
307
307
307
307
313
307
306
307
308
309
309
309
314
309
309
309
309
306
309
310
310
311
314
312
312
306
312
312
312
312
312
312
312
312
312
304
306
312
312
312
317
312
306
312
312
312
312
317
312
312
313
313
313
313
313
313
313
312
316
313
314
314
314
312
314
310
314
314
314
314
314
314
315
314
314
314
314
314
315
315
315
312
315
315
315
315
315
309
316
316
312
316
316
317
317
317
317
317
317
317
317
317
317
317
317
317
317
317
317
319
317
317
321
317
317
321
316
317
317
317
318
317
317
317
318
317
317
321
317
320
318
318
318
318
322
318
318
317
318
316
318
318
318
318
318
321
318
318
318
319
319
325
319
319
319
319
319
319
321
319
319
319
319
319
319
319
320
320
320
325
327
317
317
321
320
326
320
320
320
321
321
321
321
321
321
327
321
321
317
317
321
321
321
321
325
321
322
322
322
322
321
326
322
322
322
321
322
322
319
322
322
323
324
325
325
325
325
325
325
325
325
325
325
322
330
325
325
325
326
326
326
324
328
326
326
326
322
326
325
326
326
326
326
326
327
327
327
330
331
327
327
327
327
327
327
327
327
327
327
327
327
328
328
328
328
328
325
328
328
328
328
328
328
328
328
328
326
328
328
328
328
328
328
328
328
328
329
329
329
329
329
329
337
330
330
330
330
330
330
330
330
330
330
330
330
330
330
330
330
327
330
330
342
330
330
332
332
332
332
332
339
332
332
332
340
332
333
333
333
334
334
343
334
334
334
334
335
335
335
335
335
336
336
336
336
336
336
336
336
336
336
337
337
337
337
337
337
337
338
339
339
342
339
339
339
339
339
339
339
339
337
339
339
334
339
339
339
339
339
339
340
336
340
340
340
336
340
345
332
341
338
341
341
342
342
342
342
342
342
332
342
342
347
342
342
346
338
340
342
342
342
343
335
343
343
343
343
344
344
344
339
344
344
346
347
344
344
344
344
344
344
344
348
344
344
348
345
345
345
347
346
332
345
345
347
345
346
340
346
346
346
349
346
346
347
346
340
346
346
346
346
346
346
346
346
346
346
346
346
351
346
349
346
344
346
346
346
346
347
347
347
347
347
347
347
342
347
347
348
348
348
351
349
349
352
346
343
349
349
349
349
349
349
349
349
349
353
349
349
349
349
346
349
351
349
349
349
350
350
350
350
350
350
350
346
350
350
350
350
351
351
351
351
351
351
351
351
351
351
351
355
349
351
351
351
351
351
351
351
351
351
352
351
351
351
355
351
351
351
351
351
350
352
352
352
352
349
356
352
352
352
352
352
352
352
352
352
352
352
353
353
353
353
351
353
353
353
351
353
353
353
351
353
354
354
355
355
355
360
355
353
355
353
355
359
355
351
355
355
355
355
356
356
356
356
356
356
357
360
357
357
357
357
362
357
357
357
357
357
357
357
357
357
357
363
357
357
362
357
358
358
358
358
358
358
359
358
358
359
359
359
359
359
359
353
363
359
359
359
359
359
359
359
359
359
359
359
359
359
359
359
359
359
359
359
360
360
360
357
366
360
360
360
360
360
360
365
360
359
360
360
360
360
361
361
366
362
362
363
363
364
363
363
363
363
363
363
363
363
359
363
363
363
363
363
363
363
363
363
363
363
363
363
363
363
365
363
363
363
363
368
364
364
369
365
365
365
365
359
365
379
365
365
369
365
370
365
365
366
369
366
366
366
369
368
366
371
372
363
369
366
366
367
367
367
371
369
369
367
367
367
367
368
364
368
369
359
369
368
369
368
368
368
368
364
369
369
369
369
370
369
369
369
369
369
369
369
366
369
369
369
369
369
369
369
370
372
370
370
370
376
370
370
370
370
370
370
371
371
367
379
371
369
368
371
371
370
371
374
371
371
372
371
371
371
372
372
368
372
372
372
374
372
372
372
372
372
372
372
372
372
372
379
372
373
373
373
373
373
373
373
369
373
373
374
375
374
374
375
382
375
375
375
375
375
380
375
375
376
376
376
376
377
377
376
377
378
379
379
379
372
379
379
379
379
379
379
379
379
379
379
379
379
375
374
379
379
380
380
379
380
375
385
381
380
379
380
380
380
375
372
380
380
380
380
380
380
384
380
380
380
383
385
382
382
382
380
382
380
382
382
382
382
382
387
382
382
382
382
382
382
376
382
383
383
375
383
388
383
383
383
391
383
391
392
392
383
384
384
384
384
384
380
384
390
384
384
384
384
385
384
385
385
385
385
386
387
387
387
391
382
388
388
388
388
394
388
389
385
389
389
395
389
389
390
390
390
390
390
390
390
390
394
391
391
391
391
393
383
391
391
391
391
391
392
392
397
385
392
392
392
393
392
392
392
392
392
392
392
392
392
392
391
392
393
392
393
387
393
393
393
393
393
393
393
393
392
393
393
393
393
393
393
394
394
390
394
398
394
394
394
394
394
395
395
397
395
398
395
395
395
395
387
395
396
396
394
396
396
396
396
397
397
400
397
397
397
397
397
397
397
397
397
397
397
392
397
397
397
400
398
400
398
398
406
398
398
398
398
398
406
400
398
399
399
399
399
399
399
399
399
399
399
399
399
399
399
399
399
399
399
400
400
399
399
399
395
400
404
400
400
400
400
400
399
400
399
400
400
400
396
400
400
400
400
400
401
402
402
402
402
402
402
402
399
402
402
402
404
402
403
403
403
400
403
404
402
404
400
404
405
400
405
405
406
406
406
406
402
406
403
406
406
406
406
406
406
406
407
409
406
406
406
404
406
407
410
407
407
407
399
407
403
407
407
407
407
407
408
404
407
407
407
407
407
406
407
407
407
408
408
408
408
408
408
408
405
408
408
408
408
408
404
408
408
408
408
404
408
408
408
407
408
408
409
408
408
408
409
409
409
407
409
409
409
409
410
408
410
410
408
410
410
410
413
408
410
410
410
410
414
410
410
410
410
408
410
410
410
411
417
412
412
412
412
412
412
412
412
412
412
412
413
413
413
413
413
414
414
421
414
414
414
424
414
414
414
414
408
414
414
414
414
414
414
415
414
415
415
415
415
416
421
417
414
417
417
418
418
410
419
419
419
419
419
425
419
420
420
420
427
420
420
428
420
421
419
421
427
421
421
421
421
421
421
421
421
421
421
422
427
422
422
422
423
424
408
424
424
424
424
424
426
412
424
424
427
431
424
424
424
424
425
425
425
425
425
425
421
425
426
426
426
426
424
426
426
426
426
426
426
433
426
426
425
426
427
432
427
413
427
428
428
431
428
424
428
429
429
429
429
429
430
430
430
430
430
430
430
430
432
432
430
430
430
431
431
431
431
431
431
431
431
431
431
431
435
431
431
432
432
432
432
425
432
432
431
432
432
431
433
433
433
433
433
441
433
433
433
434
434
434
426
434
434
434
434
434
434
434
429
434
435
427
435
433
435
432
435
435
436
436
436
436
436
428
436
436
436
436
436
441
436
431
436
436
436
431
431
436
437
436
436
436
431
437
437
437
437
431
437
437
437
437
437
443
437
437
438
438
438
439
439
441
439
439
439
439
439
439
439
443
439
439
439
440
440
441
440
444
440
440
441
441
443
441
441
441
441
441
443
441
442
442
442
442
440
442
442
442
443
443
443
443
443
443
443
443
443
440
443
441
443
443
443
443
448
443
443
443
443
443
443
443
443
444
444
444
444
444
444
444
450
444
444
444
447
445
445
445
445
445
445
445
452
445
445
445
446
446
444
446
446
446
446
446
447
447
462
444
447
447
447
453
448
448
448
448
448
447
448
448
448
448
449
450
443
450
450
451
451
451
450
452
452
452
452
452
452
453
462
453
453
453
470
453
453
453
454
454
454
455
456
456
452
456
453
456
456
456
457
457
457
457
457
457
445
457
458
458
458
459
459
459
467
459
460
461
448
462
462
462
462
462
469
462
462
462
463
462
462
462
463
463
463
468
450
464
464
464
465
466
467
467
468
468
468
468
468
452
468
468
468
468
468
468
468
468
468
468
468
468
469
469
469
469
469
469
469
475
459
469
441
469
469
473
469
469
469
469
470
458
459
459
470
470
473
470
470
470
457
470
470
463
475
470
470
471
471
471
471
473
472
472
472
472
472
472
472
472
472
472
472
472
472
472
472
472
472
472
473
473
473
473
473
482
473
473
473
473
473
473
474
468
474
474
473
477
474
474
474
474
474
474
475
476
476
476
476
476
482
476
470
469
476
476
476
473
477
477
477
478
478
478
478
478
478
482
480
485
472
480
480
480
480
474
480
480
480
480
480
481
479
481
481
481
481
482
482
474
482
482
482
482
482
482
482
482
482
482
482
473
481
482
482
482
482
482
480
482
482
480
482
476
482
484
487
482
482
483
483
483
483
483
484
484
484
484
484
484
484
484
484
484
484
485
487
477
485
485
485
485
478
485
485
485
485
485
485
485
485
485
485
486
486
486
488
486
486
486
486
486
486
483
486
486
486
486
485
486
486
487
487
487
487
494
484
487
487
487
490
487
487
487
487
485
487
483
487
487
487
487
487
487
488
488
488
488
488
488
486
491
494
488
488
488
489
488
489
489
489
489
489
489
489
496
489
489
494
490
490
490
490
490
490
490
490
488
490
496
491
499
490
488
490
490
490
491
491
491
487
491
491
488
491
500
494
491
491
491
492
493
494
494
494
491
494
494
494
501
494
494
494
495
496
496
496
496
496
496
499
496
496
496
496
491
497
497
497
498
498
493
496
498
498
498
498
494
498
498
498
498
498
498
498
498
499
499
499
499
499
499
490
499
500
494
499
499
499
499
499
500
496
500
500
500
500
500
500
500
500
500
494
500
500
500
500
505
500
506
501
501
505
501
501
501
505
501
502
502
502
502
502
502
502
503
497
503
503
503
506
503
503
500
503
510
503
504
504
504
504
504
504
504
501
504
500
505
505
505
505
505
505
514
505
505
505
505
505
505
505
505
505
505
505
505
501
505
505
505
506
506
506
506
506
506
506
507
507
507
500
508
508
508
509
508
508
509
513
505
509
509
509
510
510
510
510
512
510
511
517
511
511
511
517
511
511
511
509
511
511
514
512
512
512
508
504
513
513
508
522
506
513
513
504
513
523
505
513
513
514
513
513
514
514
514
514
514
514
514
514
514
514
514
514
514
514
520
514
514
514
514
515
515
515
515
516
517
517
503
517
517
517
514
517
517
517
524
517
517
517
517
517
517
525
517
520
520
521
521
521
521
521
521
521
521
521
522
528
522
531
522
522
522
523
523
523
523
523
523
531
523
523
523
515
514
523
524
524
524
524
524
524
524
524
524
524
532
524
525
524
525
525
525
525
525
532
525
525
525
525
525
525
525
525
526
527
528
528
519
528
521
528
528
528
528
528
528
528
528
528
528
529
518
529
529
529
529
529
529
530
530
530
530
530
530
530
533
532
530
531
538
531
531
531
531
531
531
530
531
531
531
531
531
531
528
531
531
528
531
531
532
532
539
532
532
532
532
531
532
532
533
533
533
538
533
533
533
533
533
534
534
534
534
534
534
534
534
534
535
535
538
535
535
535
536
536
536
536
536
536
536
537
537
537
544
537
537
537
539
537
538
530
539
538
538
538
538
532
538
538
539
538
541
538
538
538
541
542
538
538
538
538
538
537
538
538
538
538
538
538
538
538
538
539
539
539
539
539
539
539
539
529
539
546
540
540
546
540
540
540
540
540
541
544
541
538
538
541
541
541
541
538
541
537
542
542
542
544
543
544
539
544
544
540
544
544
544
551
544
544
544
544
544
544
544
544
544
545
546
548
546
544
546
546
546
546
546
544
546
546
547
547
547
547
548
548
548
539
548
548
548
548
539
548
548
548
541
548
548
548
549
549
549
549
549
549
549
549
549
555
553
549
548
549
549
549
550
550
550
554
550
550
551
551
551
548
551
551
552
552
554
552
552
552
552
552
549
552
552
548
553
552
553
553
550
553
553
553
552
553
554
554
554
554
554
554
554
554
554
557
554
554
554
554
554
555
555
555
559
555
560
555
555
555
555
555
563
555
555
556
557
554
557
557
557
557
557
557
557
557
558
558
552
558
551
558
564
558
558
558
564
554
558
558
558
558
558
558
558
558
558
559
559
559
559
559
563
559
559
559
562
559
555
559
571
563
559
559
567
560
564
560
560
560
560
562
560
562
555
562
562
562
563
572
563
563
563
559
569
555
563
563
563
563
563
563
563
563
563
563
573
558
572
564
564
564
564
564
564
564
564
565
573
562
566
575
567
566
566
567
560
575
573
567
567
567
567
567
568
569
569
569
569
569
567
560
569
570
560
570
570
570
571
571
559
571
571
571
571
571
571
572
572
562
561
572
572
572
572
566
573
573
573
573
573
584
573
572
573
573
573
573
573
574
574
573
574
574
575
573
575
571
575
567
575
585
575
575
582
571
576
584
576
576
585
576
575
577
577
577
577
577
578
571
578
578
578
578
584
578
578
579
580
580
581
582
566
582
582
582
582
582
582
582
583
575
583
583
583
584
584
584
584
584
584
573
584
584
584
576
562
578
584
584
584
583
584
585
575
585
586
585
586
586
586
578
586
586
586
587
590
587
587
588
587
590
587
587
582
584
587
576
587
587
587
587
580
585
587
587
590
587
587
582
587
587
587
590
587
587
583
587
587
582
587
589
589
589
589
590
590
590
590
590
590
590
590
590
590
595
584
590
590
590
590
590
590
593
590
590
590
590
591
591
591
591
588
591
591
591
591
591
591
591
587
591
593
591
591
591
591
591
597
591
591
591
593
591
592
592
597
592
592
593
592
593
597
587
592
592
592
591
593
593
593
593
593
593
591
590
593
593
593
593
594
595
594
594
594
594
599
594
594
595
595
595
595
595
595
595
594
601
591
595
591
595
595
595
595
592
595
595
598
595
595
599
595
601
595
595
595
595
595
595
595
596
597
597
597
597
597
597
597
597
597
597
597
597
597
598
598
598
595
598
599
599
599
599
599
599
599
604
599
594
599
599
599
600
600
599
600
600
600
600
600
600
600
598
600
606
613
600
601
601
601
600
591
601
601
601
601
601
599
601
595
601
601
601
595
601
601
601
601
601
606
606
601
601
601
601
601
602
602
602
602
605
602
602
602
602
606
595
602
603
603
603
603
603
603
603
603
603
603
603
603
612
603
606
604
604
601
605
605
606
606
606
606
606
606
603
606
606
606
606
606
610
606
612
606
606
606
606
606
603
606
606
606
606
606
606
606
606
607
608
608
608
605
608
608
606
608
603
608
604
609
610
610
610
610
610
610
610
610
610
611
611
611
611
602
611
611
611
611
611
611
612
612
612
612
612
612
612
612
612
612
612
612
612
612
612
612
612
612
604
612
612
612
612
613
612
612
612
616
613
613
613
606
613
613
613
613
613
612
613
613
614
614
614
614
614
614
614
614
614
614
613
614
608
614
615
617
615
615
615
615
615
615
615
615
615
615
615
615
615
615
615
615
613
614
615
615
622
615
615
615
620
615
615
615
615
616
616
616
616
616
616
616
612
616
616
616
616
616
616
616
616
616
616
616
616
616
622
617
617
617
616
617
624
617
615
617
617
617
615
617
617
617
616
617
617
617
615
617
615
617
617
617
617
617
618
619
620
620
617
620
620
621
621
622
622
626
622
622
622
622
622
622
622
622
622
622
631
622
622
616
622
623
622
622
622
622
622
622
625
617
622
623
624
623
624
623
623
622
623
623
624
617
624
624
624
624
623
624
624
630
627
630
624
624
624
625
622
625
626
625
625
625
625
626
625
625
628
626
625
627
625
626
626
626
626
627
627
627
627
631
627
627
627
627
627
634
628
628
628
628
628
628
628
629
624
629
629
629
629
630
630
630
631
630
631
631
631
631
628
631
631
631
631
627
631
631
631
631
634
631
631
631
632
632
632
632
632
632
632
632
633
633
636
633
631
633
630
633
631
633
633
634
626
634
631
634
634
638
634
634
634
629
631
634
634
631
634
635
636
636
634
636
636
636
638
636
636
636
636
639
636
636
636
641
636
641
634
636
636
636
637
637
637
644
637
643
637
637
637
632
631
637
637
637
632
633
638
646
638
638
636
632
641
643
638
638
638
638
638
638
638
631
638
638
637
638
639
636
639
639
646
639
639
633
639
639
639
652
639
639
639
640
640
640
640
631
640
641
640
640
640
640
641
641
641
641
641
641
641
641
641
641
641
641
642
650
641
643
643
643
643
643
643
643
643
643
649
643
643
644
644
645
644
644
644
652
644
644
645
649
645
645
645
645
645
645
644
645
641
645
645
645
645
646
646
646
647
646
646
645
646
643
646
647
647
647
647
647
647
647
647
647
655
647
647
647
643
657
648
649
649
647
649
649
649
649
649
645
649
650
650
650
650
650
650
651
651
645
671
651
651
651
651
651
651
651
651
652
652
652
652
647
652
652
645
653
654
647
659
654
654
654
654
654
654
671
656
657
657
657
657
657
657
651
658
658
658
658
658
658
658
658
659
657
659
652
663
659
651
659
659
659
659
661
659
659
660
660
660
660
660
661
661
661
661
661
661
661
652
661
659
660
654
662
661
662
662
677
662
662
662
662
649
662
662
663
663
663
668
664
664
654
664
665
665
666
666
666
666
666
666
666
666
666
667
667
667
667
668
666
661
668
661
668
668
668
666
668
668
668
668
668
668
668
668
668
668
669
670
670
670
670
670
670
670
670
670
667
671
671
671
673
671
671
671
680
671
670
671
672
672
672
672
672
672
668
672
672
662
680
672
672
672
679
672
672
673
672
673
673
673
673
673
673
674
674
674
675
675
675
676
676
680
670
676
676
676
676
676
676
676
676
678
678
684
680
687
678
683
678
686
678
672
678
678
683
678
678
678
680
680
680
680
680
691
680
680
680
680
680
683
681
691
681
680
681
682
685
683
683
683
683
683
674
683
683
684
684
684
684
684
684
684
684
667
684
685
685
685
685
685
685
681
673
686
683
686
686
686
692
686
686
686
686
686
686
687
688
688
688
683
688
688
688
688
688
683
688
688
698
683
683
688
689
690
690
690
690
690
691
697
691
691
695
691
686
691
691
695
692
692
688
692
694
699
693
699
693
693
693
693
693
693
693
693
693
693
693
698
693
693
693
694
694
694
694
694
694
694
695
695
695
695
695
695
697
688
695
696
697
697
697
697
697
697
697
704
697
693
700
697
697
697
697
703
697
698
697
703
698
698
699
691
704
690
699
694
699
699
699
705
699
699
699
695
699
699
699
699
701
699
700
700
700
700
700
700
694
699
700
700
700
700
694
700
700
700
700
701
701
701
701
701
697
701
701
702
702
702
702
703
703
700
703
703
703
704
703
703
703
703
703
703
703
703
703
704
704
704
704
717
704
704
704
704
704
704
698
704
704
703
705
705
705
706
707
707
703
707
707
708
708
715
708
708
703
709
710
711
711
703
711
699
712
712
712
712
712
712
712
712
712
712
712
713
715
713
713
713
713
713
719
713
713
713
713
714
715
715
715
715
722
719
715
715
715
715
715
715
715
726
715
715
715
715
715
716
715
716
716
724
718
712
704
724
718
718
718
719
719
719
728
719
719
697
719
727
719
723
719
719
720
721
721
721
721
732
721
721
721
722
722
722
722
722
722
722
722
722
722
723
723
723
723
723
724
724
724
724
725
724
723
732
724
724
724
724
724
724
724
724
724
724
725
725
725
725
716
729
731
725
725
726
724
728
726
726
726
729
729
726
726
726
725
728
723
728
728
728
728
728
731
728
728
728
728
728
729
734
729
729
729
729
735
721
730
734
725
731
731
731
731
731
731
734
724
731
724
731
732
732
732
732
736
736
734
732
734
732
733
734
738
734
734
734
734
725
734
734
734
734
734
734
739
732
734
737
725
734
734
735
726
735
734
735
735
735
735
735
735
737
731
735
735
735
735
735
736
736
736
736
736
737
736
736
736
736
736
736
743
736
736
736
736
736
737
737
737
737
737
738
738
738
738
738
738
738
738
738
738
738
738
737
738
738
738
738
739
739
739
739
739
739
735
739
739
739
739
739
746
739
739
739
739
742
739
739
740
740
740
740
740
741
742
744
744
744
745
744
745
745
745
745
739
736
746
745
745
745
745
745
745
745
745
745
746
745
745
747
745
745
745
745
745
738
749
746
746
746
746
745
746
746
746
746
739
746
746
746
746
747
747
747
748
747
747
747
755
747
747
748
753
747
747
747
740
747
747
747
747
747
747
747
747
762
747
747
747
748
747
747
747
748
757
748
748
748
748
748
748
748
747
748
748
748
748
748
748
748
748
748
749
749
749
748
750
751
751
751
751
751
758
751
751
752
752
746
752
752
752
763
752
752
748
753
753
753
754
757
754
754
754
755
755
755
755
755
755
756
757
757
757
757
757
758
763
754
758
758
758
758
758
758
758
758
758
759
764
754
759
759
759
763
759
760
764
751
760
760
760
763
761
761
762
762
762
762
763
762
762
752
762
764
759
762
762
762
762
762
762
763
763
763
763
763
761
763
763
763
763
763
763
769
763
763
764
769
764
764
764
764
762
764
764
764
764
764
764
764
764
763
764
765
765
765
765
765
765
765
765
766
770
766
766
758
766
763
767
767
767
771
767
767
767
767
767
767
768
768
776
768
768
768
769
769
769
764
770
769
770
769
770
770
765
770
770
770
770
770
770
770
770
771
771
764
771
771
771
776
771
765
771
771
771
771
771
771
771
771
772
779
772
772
777
772
772
773
773
773
773
781
773
773
773
774
774
774
774
775
776
770
769
776
776
776
776
770
776
776
776
776
776
776
776
776
776
776
783
776
776
776
777
777
777
777
777
777
777
777
781
777
777
777
777
777
777
788
777
777
778
778
782
778
778
778
779
774
784
779
779
779
779
779
779
781
776
781
781
781
781
785
772
776
784
781
781
788
781
781
782
782
782
782
782
782
782
782
788
782
782
782
784
782
782
782
782
782
779
782
783
783
783
783
783
783
783
783
783
783
791
777
783
783
784
784
784
784
784
788
784
779
784
784
780
784
784
784
784
785
785
785
785
785
785
785
785
786
792
786
788
786
786
786
786
786
786
795
786
786
786
786
786
787
788
788
788
783
788
788
788
788
789
795
789
795
789
791
790
793
798
790
789
789
789
789
789
789
789
790
798
790
797
790
790
790
790
792
790
795
791
791
796
791
791
791
791
791
792
792
792
792
792
792
792
793
790
789
790
793
793
794
794
794
794
794
794
795
795
795
795
795
798
791
795
795
795
795
795
795
795
795
796
796
796
796
796
796
796
796
795
796
796
796
792
796
796
798
798
796
798
790
798
798
798
798
798
798
804
798
803
798
798
803
796
798
798
798
798
798
793
799
798
799
796
799
799
799
799
801
799
796
799
800
800
795
800
800
800
800
794
800
800
801
801
801
801
801
801
801
801
801
801
801
802
802
803
803
803
799
803
803
803
803
803
803
803
813
804
804
804
804
804
811
804
804
804
804
805
801
806
806
813
799
798
806
809
813
807
807
807
807
807
808
798
815
811
808
808
808
808
808
808
808
808
809
809
809
809
809
814
809
809
809
809
809
809
809
809
809
809
810
810
810
810
810
811
811
811
808
812
812
812
812
812
812
813
813
813
813
813
813
813
815
813
813
813
815
813
804
807
813
813
814
814
814
814
807
809
814
814
815
815
816
815
815
815
815
815
815
815
815
815
816
814
816
816
816
812
816
816
817
817
817
817
817
817
818
818
818
818
818
818
816
818
818
818
818
818
818
818
818
815
818
811
818
815
818
813
814
818
