25
106
29
7
33
46
6
54
122
25
40
56
89
6
31
132
140
82
74
65
0
29
71
83
92
116
135
25
110
196
53
75
59
0
169
104
140
170
67
19
62
105
45
144
150
29
10
10
6
3
114
34
23
25
64
42
213
30
20
20
66
29
118
10
36
126
30
185
144
109
88
34
145
36
134
45
55
49
73
45
180
51
186
2
28
118
79
23
122
129
10
99
42
205
17
68
82
159
97
16
21
53
152
190
103
28
25
155
214
87
98
36
14
3
144
42
125
22
0
0
0
0
0
0
0
0
0
1
1
1
1
2
2
2
2
2
2
2
2
2
2
10
2
2
3
3
3
3
3
73
3
12
4
4
4
4
4
5
6
6
6
6
180
6
6
6
6
6
6
6
53
210
6
7
7
7
7
7
206
7
7
8
8
8
8
9
9
34
40
9
10
10
10
10
10
10
10
10
10
10
10
10
10
10
10
10
10
10
10
10
10
10
11
11
11
11
11
23
11
76
11
11
11
11
55
104
11
11
11
11
63
11
12
32
12
12
12
12
12
12
12
12
12
12
12
12
12
12
14
98
14
14
24
14
12
14
14
14
15
15
15
15
15
15
15
15
15
15
15
15
180
16
16
16
16
241
16
16
16
16
16
231
16
16
16
16
17
17
45
230
17
17
17
17
18
18
20
20
71
20
20
20
118
20
176
20
20
20
163
20
20
21
21
21
21
106
22
22
22
63
22
22
22
22
22
22
22
23
23
23
23
23
23
23
23
23
23
23
23
23
23
23
208
241
23
23
24
24
24
24
242
24
25
25
25
87
25
25
25
25
25
25
25
25
81
25
25
25
25
198
152
25
26
26
27
239
28
28
28
28
29
29
29
29
29
29
29
29
29
127
111
29
29
30
30
30
30
31
31
31
21
32
32
32
32
33
33
186
150
33
155
165
33
34
34
34
35
35
35
36
36
36
168
36
36
36
36
36
36
36
36
36
37
37
37
37
100
38
38
38
38
38
38
38
146
43
38
38
39
39
40
40
40
40
40
222
412
40
40
40
40
40
40
40
40
40
40
40
40
40
41
42
66
42
42
42
42
42
42
42
42
42
43
103
42
42
42
42
42
190
42
43
43
43
43
43
67
43
43
37
44
131
45
45
45
45
45
45
45
45
47
48
48
48
48
21
48
48
48
48
49
49
49
49
49
49
49
49
49
49
235
49
154
49
50
28
50
50
12
50
51
51
51
69
51
51
51
52
52
52
52
53
53
53
53
53
53
53
54
54
55
28
55
55
55
55
55
55
55
55
207
55
55
55
55
55
55
173
55
65
55
56
56
56
56
56
57
57
57
57
57
57
57
57
128
57
57
57
57
57
57
57
57
57
124
57
116
57
38
58
58
58
58
382
213
59
59
59
59
59
60
116
61
68
61
61
61
226
61
61
62
181
62
62
62
62
62
62
163
62
63
63
63
63
63
63
82
63
63
63
63
63
63
64
64
64
227
3
82
64
64
7
64
64
64
64
51
87
65
65
65
65
65
65
65
65
65
65
142
65
65
65
66
66
66
66
66
66
66
66
66
66
66
66
66
66
66
66
66
66
66
66
66
67
67
67
67
245
255
67
67
67
67
67
68
68
68
37
68
68
68
68
68
68
68
68
68
69
69
69
69
69
10
69
70
70
70
70
70
71
71
71
266
71
71
71
218
64
71
71
71
71
71
71
71
206
190
71
71
72
72
72
72
72
72
72
227
72
72
72
72
72
73
73
73
73
431
73
73
73
74
74
74
74
74
74
74
75
75
75
75
75
75
77
78
79
79
79
79
193
79
79
79
79
88
15
79
79
79
196
79
79
80
80
80
80
80
80
80
80
80
80
190
80
80
81
81
193
81
82
82
82
200
82
246
83
84
85
85
85
85
85
85
85
86
86
86
86
87
87
87
156
260
87
87
87
87
281
87
87
87
87
87
87
87
87
87
87
87
12
87
87
87
87
87
87
87
88
88
88
88
88
135
87
88
88
156
148
88
88
89
89
89
90
91
91
91
91
91
91
91
91
91
92
92
92
92
193
92
92
92
92
92
93
93
93
93
93
54
270
172
93
96
93
106
174
93
93
93
93
93
246
94
287
94
94
95
96
96
125
103
36
96
276
284
96
96
96
96
159
96
57
96
96
96
97
97
97
97
97
97
98
98
98
98
98
98
98
98
98
98
281
287
186
98
289
98
10
98
98
54
98
98
98
98
98
229
98
98
98
98
98
300
98
98
118
215
99
16
99
100
100
100
100
100
100
100
255
100
100
100
100
101
101
164
101
101
101
101
254
101
101
101
101
107
102
102
102
102
164
295
103
103
103
103
103
103
106
15
202
103
103
103
182
293
103
103
103
103
103
103
311
103
104
104
104
104
104
104
104
104
104
104
104
59
105
105
105
105
106
106
106
106
106
106
106
106
61
106
106
49
116
106
107
107
107
109
109
109
109
109
109
109
109
109
110
110
110
110
110
111
111
111
111
111
111
112
112
112
112
55
112
112
42
112
113
113
113
113
113
113
113
113
113
114
11
114
114
114
114
144
114
114
114
114
114
114
93
114
115
115
157
116
116
116
116
116
116
116
118
187
116
116
169
116
116
116
116
116
116
116
116
116
117
117
117
117
118
174
307
118
118
140
118
118
118
118
118
118
118
118
119
120
120
121
121
121
121
297
122
122
122
122
122
122
122
122
123
123
123
123
123
123
123
123
123
123
123
123
123
123
123
123
123
123
123
123
123
262
124
124
124
124
124
124
124
49
124
172
124
125
159
125
318
125
125
125
126
127
127
127
127
313
127
127
127
128
128
128
128
128
300
128
23
57
128
128
129
129
129
129
129
129
129
129
130
130
130
144
130
96
130
131
131
131
131
131
131
131
131
132
132
241
132
133
133
133
133
133
133
133
133
133
449
133
133
185
29
133
134
134
13
134
134
134
134
134
134
134
134
134
134
134
152
134
134
134
78
134
134
134
134
28
249
134
135
135
57
135
98
135
135
136
136
137
131
137
137
183
137
193
137
198
137
137
138
90
138
299
138
138
138
138
138
169
246
34
138
334
252
139
139
139
140
140
140
140
140
140
140
140
237
140
140
140
286
140
140
140
262
140
140
149
140
140
140
299
140
140
140
140
140
311
140
140
140
316
63
140
338
257
246
140
140
140
140
289
141
142
142
45
142
344
136
142
142
142
142
142
143
292
144
144
144
144
144
144
144
182
144
270
144
237
144
144
144
144
144
145
145
324
146
146
262
146
146
67
146
146
326
235
98
146
147
280
148
302
300
148
23
148
148
149
11
149
149
149
149
149
149
56
149
149
150
150
150
150
150
150
150
151
152
152
152
152
152
152
152
152
152
357
152
152
152
229
152
152
152
152
152
152
179
152
152
152
153
153
153
82
153
153
153
154
154
287
154
154
154
154
154
154
155
155
155
155
156
158
159
159
159
159
349
159
159
159
159
159
159
159
57
160
160
160
161
162
162
162
162
162
162
162
162
162
163
116
163
163
163
163
163
163
163
163
163
328
163
214
163
210
163
164
164
164
164
164
164
164
188
164
164
164
316
164
164
165
165
165
165
358
165
165
53
166
166
166
166
167
20
167
167
167
167
140
261
304
167
167
167
167
333
167
167
168
1
168
168
168
168
168
237
168
168
268
169
169
169
169
169
252
169
169
297
169
169
336
169
169
169
170
170
170
170
210
252
170
32
170
171
172
172
180
172
172
172
172
172
172
172
172
163
172
173
116
173
134
173
173
173
96
173
173
173
173
261
174
174
174
174
174
174
174
174
174
174
174
175
175
175
52
175
175
175
342
176
176
176
176
177
177
177
100
177
177
177
177
7
177
177
177
177
177
178
124
178
102
178
178
178
179
179
179
61
179
179
179
6
180
180
180
180
149
180
180
180
335
186
180
181
181
167
210
181
219
376
61
181
181
181
181
346
181
181
144
182
101
120
182
182
182
182
334
182
182
183
357
183
92
183
183
183
183
183
183
183
183
183
183
21
183
118
183
183
183
183
183
183
183
183
183
183
175
184
184
184
6
184
184
184
184
186
186
365
186
186
186
326
186
186
20
186
186
186
186
186
186
188
188
188
188
188
188
188
188
318
190
221
190
190
190
86
190
192
190
190
190
190
190
190
190
181
190
190
150
190
280
190
377
219
190
190
190
190
190
190
192
192
192
192
192
192
192
192
192
192
192
324
192
192
192
193
193
124
193
193
193
358
193
292
224
193
193
193
193
193
193
193
193
193
193
193
193
116
135
193
193
194
194
194
194
194
194
148
292
194
195
195
122
195
195
387
195
195
195
400
195
195
195
195
195
222
195
195
195
196
196
22
196
196
196
196
196
196
196
196
196
295
196
196
196
196
196
196
196
196
127
23
196
197
197
197
198
198
198
198
198
198
198
345
198
198
198
198
198
169
198
6
198
198
198
198
377
198
199
200
200
200
200
384
200
200
144
54
200
326
201
203
203
204
205
299
205
205
108
205
488
205
206
206
206
206
206
206
153
206
206
206
207
129
207
207
207
207
207
207
207
207
207
207
207
207
207
208
382
208
208
208
208
208
208
208
208
209
210
210
210
210
214
210
210
210
210
210
210
210
211
212
213
213
213
213
213
213
213
214
214
214
214
214
214
214
56
214
214
359
169
215
215
215
215
215
276
332
215
215
215
321
66
215
215
215
215
87
12
215
215
215
215
215
281
216
36
217
217
217
152
413
217
217
217
217
281
218
248
48
218
218
218
218
218
218
198
66
218
218
218
218
218
219
219
183
219
219
219
219
219
219
219
219
219
219
219
254
219
219
219
219
219
162
137
219
219
219
226
219
219
219
220
221
221
221
401
221
291
222
222
222
309
222
222
222
222
222
222
213
222
222
222
222
223
223
223
223
223
223
223
223
223
223
224
224
224
224
225
225
225
215
225
225
225
226
226
226
346
226
226
346
140
226
227
227
227
392
227
227
227
229
229
229
353
229
229
231
231
231
176
289
231
231
82
37
231
231
231
231
284
231
231
231
231
231
231
231
231
231
231
52
231
231
284
231
231
231
231
231
232
129
233
410
233
233
233
233
184
234
214
234
169
234
234
36
177
234
262
419
235
229
300
291
235
235
235
235
186
235
235
235
244
235
235
25
235
235
235
352
236
240
236
236
236
236
236
236
236
237
237
237
191
229
237
237
87
219
237
428
177
42
238
238
238
240
240
283
154
61
240
241
241
241
241
241
241
241
241
241
330
241
241
241
241
241
241
241
241
241
241
241
241
242
99
242
242
270
243
406
244
244
244
244
244
244
244
244
244
257
244
244
244
395
245
245
245
245
245
245
245
245
245
245
242
245
245
245
245
245
245
245
245
245
246
196
246
246
246
246
247
247
177
247
247
247
247
98
344
59
247
247
291
247
329
247
247
247
247
223
247
248
248
248
248
248
248
193
248
248
248
248
249
249
249
166
249
249
249
249
303
189
249
249
249
249
344
249
250
250
250
382
250
196
334
251
251
251
251
368
251
251
251
251
457
251
251
251
190
252
252
252
252
276
252
215
154
252
252
252
253
397
254
254
254
51
254
167
254
248
255
255
255
255
255
255
255
256
256
256
256
256
256
257
257
257
257
257
138
444
257
257
328
257
257
257
257
257
379
257
257
257
257
358
257
257
257
194
258
258
258
258
258
259
259
259
259
259
259
259
259
259
259
441
259
421
260
260
388
260
261
261
261
364
261
261
261
261
123
63
261
261
81
261
262
262
262
457
262
17
262
181
262
262
262
262
353
262
321
379
262
262
262
262
262
262
262
262
114
262
259
263
396
263
434
263
263
263
263
264
264
333
307
245
521
264
264
264
264
264
264
264
156
265
265
265
265
265
379
265
265
334
381
422
292
265
266
266
266
266
363
266
266
266
266
266
273
266
139
266
446
266
267
267
267
268
268
314
268
268
268
406
268
268
268
269
462
270
270
270
270
270
231
270
270
270
270
271
271
271
271
271
271
271
133
271
272
272
272
272
323
272
466
255
272
65
272
130
272
369
323
273
273
273
273
273
473
274
274
274
274
432
274
274
274
274
274
123
458
274
274
326
274
274
274
274
274
274
274
281
276
276
276
276
276
276
276
276
276
276
276
277
277
304
277
277
277
277
329
277
277
219
278
295
278
278
278
278
183
469
279
470
467
279
280
280
280
280
280
280
268
281
281
129
281
281
476
326
169
281
281
281
213
281
281
281
133
281
481
281
281
367
281
69
281
188
281
281
281
262
281
291
194
281
281
282
282
282
282
282
364
282
16
429
282
342
222
282
282
282
283
283
379
283
283
283
381
283
283
283
349
283
283
379
283
283
474
283
281
283
284
284
428
259
284
284
284
284
286
286
286
286
286
324
286
248
286
287
287
287
287
287
104
287
287
287
287
287
335
287
89
287
205
288
288
289
289
289
289
456
289
289
249
289
289
289
289
289
289
369
289
289
289
290
291
291
291
291
291
291
291
291
291
291
291
292
300
292
292
292
292
228
339
292
140
292
292
393
292
292
218
292
292
292
292
292
292
292
292
292
292
292
292
292
292
471
292
292
215
293
293
418
293
293
294
294
294
294
295
295
204
346
272
295
272
295
295
593
480
295
296
336
296
296
296
296
296
418
296
297
420
297
297
297
297
297
297
297
297
297
297
297
297
297
297
423
297
298
298
298
298
298
298
299
299
299
299
299
299
299
299
299
222
299
299
259
299
299
299
300
300
169
100
300
300
300
300
300
300
300
300
300
300
300
301
301
301
301
301
301
302
302
302
302
302
302
302
302
302
302
302
331
302
303
303
304
304
304
304
345
304
162
304
304
304
304
306
306
306
306
306
376
307
307
307
376
307
307
308
130
308
257
308
308
308
308
308
308
309
303
309
309
309
231
188
309
310
311
311
311
311
311
312
313
313
313
313
313
519
313
313
314
314
314
314
274
315
316
316
316
488
316
316
106
154
316
316
307
316
316
316
316
316
317
317
317
317
317
317
376
317
426
317
318
318
283
318
319
319
363
319
183
320
321
322
322
153
322
322
322
483
416
657
322
322
322
323
323
323
323
323
323
323
323
323
323
323
323
323
324
324
162
324
324
324
324
324
324
193
324
369
439
324
627
324
340
414
324
324
325
281
416
325
325
326
329
368
326
379
326
184
326
326
326
326
326
343
326
405
326
410
326
326
326
326
326
525
292
326
474
326
326
326
326
326
326
326
327
327
328
328
328
328
328
279
328
328
328
328
328
530
328
328
328
328
328
328
328
328
328
328
328
245
328
329
329
329
329
330
367
330
207
330
330
330
330
330
242
330
331
331
534
331
331
331
468
331
331
331
331
331
331
368
331
331
287
332
333
333
333
333
333
456
333
333
333
333
333
451
334
334
334
334
334
334
334
334
334
334
334
334
334
334
334
313
420
334
259
184
334
344
334
334
334
334
334
262
334
334
334
335
335
335
335
335
335
348
335
335
335
335
223
208
335
335
179
340
336
336
336
480
336
336
336
336
337
338
338
65
338
338
338
434
338
338
338
338
338
338
229
339
339
339
339
339
339
460
339
339
339
521
339
339
339
198
340
340
340
223
340
340
242
340
340
340
340
340
340
340
341
341
252
78
549
341
341
341
457
551
341
342
342
498
342
342
159
342
342
343
537
343
343
343
343
343
343
458
343
344
344
150
344
268
344
344
344
344
344
482
451
344
344
533
344
344
344
345
345
345
345
346
346
346
346
346
346
346
346
346
346
281
347
348
348
348
348
348
349
349
349
98
350
350
350
350
350
350
350
351
351
352
352
352
352
352
403
352
352
352
352
352
353
353
356
162
444
353
353
353
353
354
355
356
356
357
356
408
357
357
192
357
357
357
319
358
358
323
518
549
358
358
358
358
358
358
451
262
491
358
358
520
358
358
358
190
223
358
358
358
536
358
358
358
536
358
358
358
208
358
447
358
358
359
359
359
219
359
360
360
360
360
480
360
360
360
360
360
361
361
361
361
361
361
361
361
362
362
451
362
362
362
362
457
362
440
362
362
555
362
363
245
363
363
363
363
363
363
363
363
364
364
364
364
364
364
473
457
564
364
364
172
525
364
364
364
364
495
364
262
364
364
365
366
367
367
367
367
367
367
367
368
368
368
399
182
547
368
368
368
368
368
368
368
368
368
368
368
195
369
369
498
369
369
369
369
304
246
369
242
414
562
369
369
369
369
369
369
370
370
370
370
370
370
371
371
536
371
371
371
371
371
300
371
371
371
371
235
371
371
371
333
371
371
379
467
540
371
371
371
372
372
372
498
372
372
372
373
375
375
375
375
375
375
268
375
375
375
375
376
376
376
376
249
429
376
376
376
455
256
376
261
580
377
248
377
377
377
377
377
377
377
377
470
377
422
249
377
407
377
248
377
377
378
378
272
379
379
379
572
489
379
291
379
379
554
379
379
379
379
379
376
379
379
380
379
379
470
255
458
379
380
380
380
380
380
380
369
381
381
434
381
270
382
382
382
382
382
382
382
382
440
382
382
382
383
410
384
384
384
384
384
384
384
384
384
584
384
384
268
297
384
384
384
490
384
281
385
386
386
328
386
386
386
386
386
388
388
388
388
225
475
389
389
389
389
390
390
272
390
390
390
391
391
449
391
226
391
498
392
457
392
392
392
583
392
393
428
393
393
393
363
375
274
394
394
394
394
394
581
394
394
394
394
394
394
394
394
395
395
395
395
519
395
395
275
395
395
396
396
396
396
396
396
396
396
396
396
397
397
567
397
203
397
397
397
397
397
523
398
399
432
399
410
399
399
399
399
399
399
399
399
399
205
600
399
399
503
399
262
399
400
527
400
400
400
522
446
562
400
249
400
400
224
400
400
400
400
266
400
401
401
401
401
401
410
401
258
401
401
257
401
401
259
401
401
401
402
402
365
402
402
402
403
344
403
403
403
377
403
403
403
403
404
405
405
491
405
405
434
687
405
405
405
405
405
198
437
438
405
405
405
405
405
405
405
513
406
406
406
406
406
613
523
406
406
406
219
406
406
406
406
406
611
406
407
407
407
407
407
233
407
408
408
408
586
408
661
408
408
379
408
408
409
409
420
410
410
410
410
410
410
410
279
410
322
411
412
412
412
412
412
413
533
410
413
413
413
413
413
413
231
307
414
414
414
307
414
414
415
537
415
415
426
415
415
542
415
415
340
416
519
416
416
416
416
446
416
416
508
451
416
416
416
417
307
418
418
418
418
379
418
418
418
343
418
418
418
419
419
419
419
468
478
419
419
419
419
419
419
420
420
362
420
575
422
420
420
420
533
420
420
420
420
545
420
472
420
420
421
421
421
421
421
449
338
421
422
422
422
422
423
514
423
399
264
423
286
423
423
423
423
423
423
423
423
423
604
423
480
423
423
425
425
425
425
511
425
425
425
425
425
425
426
426
125
426
306
426
426
255
426
426
426
426
426
426
426
559
427
257
427
428
428
428
428
428
428
429
563
630
429
429
429
429
429
429
429
429
429
430
430
430
430
430
431
324
431
468
586
285
431
431
431
431
431
431
431
431
431
431
431
431
432
432
433
481
352
433
586
433
434
231
434
434
630
434
435
435
435
435
435
435
435
638
343
435
435
436
549
437
437
437
533
437
471
437
437
437
438
438
416
438
438
439
439
439
334
439
439
439
439
439
440
623
440
440
440
340
440
440
441
441
441
441
560
441
442
277
442
495
443
443
591
443
326
443
443
444
444
444
444
444
444
358
444
333
444
444
444
345
444
445
446
573
446
446
532
446
251
446
446
446
446
446
446
446
446
447
447
448
448
448
393
296
356
449
655
633
323
449
449
449
449
449
449
449
449
449
449
281
449
449
449
449
449
449
449
450
450
450
450
450
451
451
451
382
403
622
451
451
451
451
451
451
451
451
452
453
453
453
453
453
453
453
454
454
454
454
521
454
454
455
455
455
455
280
631
455
455
455
455
455
454
455
536
455
456
456
456
456
456
456
456
456
456
456
456
456
456
456
456
456
519
602
456
456
399
578
456
457
457
457
457
457
457
457
659
457
589
406
457
457
457
457
457
497
457
457
268
457
457
256
457
558
333
457
457
458
458
458
458
458
458
458
458
458
458
458
458
458
608
458
676
458
458
458
458
384
458
458
458
458
498
458
363
458
458
458
458
496
458
496
459
555
666
459
446
459
459
655
460
606
460
460
328
496
460
460
460
460
460
460
460
460
461
461
489
461
461
461
462
513
462
649
462
462
462
462
462
666
515
462
462
462
462
462
462
462
462
389
462
463
511
463
463
379
463
463
464
464
464
464
465
465
498
465
465
465
465
399
465
465
279
465
465
328
465
466
669
466
466
399
467
443
467
467
467
467
467
467
467
467
589
467
468
421
468
468
331
468
658
468
468
468
468
468
468
468
468
588
496
675
469
469
469
469
469
469
469
435
469
469
469
469
184
469
629
469
469
639
469
615
469
469
469
469
469
469
469
469
469
469
470
470
470
470
643
470
470
470
470
470
470
470
470
471
471
471
471
471
471
471
471
471
471
471
471
289
471
471
471
471
491
471
471
471
472
472
377
472
472
425
472
472
472
472
670
521
473
473
341
473
473
473
473
473
473
473
474
474
474
474
474
474
474
474
474
400
474
474
474
395
475
475
475
665
475
475
475
476
459
477
477
477
661
477
477
477
477
477
477
477
478
623
478
478
478
478
593
478
478
478
478
435
300
456
478
478
478
479
667
479
479
446
479
479
480
358
511
480
480
150
653
658
480
480
481
481
481
481
481
481
481
482
618
482
482
482
482
526
482
482
482
482
482
626
482
331
482
482
482
483
333
483
483
483
483
324
483
444
483
483
472
483
465
483
483
483
484
484
484
485
485
485
485
485
485
364
657
486
486
486
486
486
487
487
487
548
487
487
487
487
487
487
330
487
586
488
488
488
488
488
488
488
488
488
488
489
489
592
489
489
489
489
489
489
489
489
634
616
376
489
489
490
490
643
490
490
491
440
491
491
491
491
491
491
492
493
493
493
493
457
493
493
494
346
657
494
494
494
494
494
494
494
494
494
494
494
494
494
695
375
494
380
685
494
420
494
494
311
341
494
494
458
494
494
494
494
494
494
495
495
495
495
495
495
495
496
468
474
496
496
496
496
496
496
496
496
489
515
690
496
413
496
496
311
496
497
615
602
497
497
497
497
498
498
631
498
498
498
498
498
376
498
499
499
322
499
499
499
499
499
307
500
500
500
500
500
500
500
500
500
500
500
500
500
501
502
502
502
502
502
620
502
502
502
502
503
503
503
503
503
410
503
503
503
368
503
559
504
504
615
504
505
505
505
455
305
667
506
307
506
537
507
508
671
508
508
394
508
593
684
638
510
511
455
511
511
511
702
511
511
446
513
473
513
513
513
513
805
392
514
471
592
514
514
514
514
514
514
515
515
515
515
515
659
515
515
515
515
459
515
515
661
515
516
517
519
519
519
519
246
520
520
520
520
520
520
520
700
521
521
521
678
701
521
521
384
521
521
521
521
521
521
521
521
521
521
521
522
522
522
522
522
522
522
410
534
522
522
522
522
523
523
523
523
669
523
526
523
523
523
193
523
523
523
523
524
525
595
525
525
525
525
525
525
525
324
526
526
658
526
526
526
526
526
526
526
526
526
526
448
402
526
527
500
426
527
665
527
527
527
527
528
735
709
528
529
529
529
529
529
360
529
529
529
529
530
530
530
530
530
503
530
333
530
530
531
531
531
531
386
531
454
531
487
531
531
531
531
531
531
532
532
532
532
532
533
533
533
533
533
533
533
679
533
533
533
533
533
720
533
533
362
533
362
496
595
693
533
534
523
534
534
534
534
534
449
535
536
536
536
536
536
704
536
450
536
536
536
536
537
356
537
419
537
537
537
684
537
537
537
537
469
537
537
537
537
537
538
538
539
685
540
721
540
540
663
540
540
540
540
403
540
540
578
464
540
540
405
720
540
540
540
540
532
540
540
540
540
540
541
541
541
541
542
695
549
542
542
542
615
466
542
542
542
638
543
543
543
543
203
543
543
544
544
388
544
545
545
545
677
545
545
545
428
545
545
545
545
546
546
546
705
546
461
685
547
547
547
346
547
547
547
547
633
547
548
640
548
346
548
548
548
549
549
549
549
549
423
549
339
549
549
549
549
549
549
645
549
549
549
650
549
604
549
549
549
549
549
549
593
549
549
471
549
498
550
550
550
473
550
550
551
575
700
551
551
551
551
615
712
551
551
472
629
551
551
672
553
553
461
701
553
553
553
553
469
553
553
553
352
553
553
553
553
681
645
503
553
749
554
361
554
554
554
554
554
554
424
554
554
555
669
555
555
555
555
555
757
555
564
555
556
706
556
556
556
556
556
556
556
522
564
558
558
693
684
669
558
558
620
558
558
478
558
558
558
616
615
558
558
558
559
522
559
559
559
434
720
559
708
551
559
559
559
559
559
642
559
629
559
559
559
560
560
560
560
659
560
560
560
560
560
560
437
560
646
560
560
560
561
561
561
561
561
376
562
562
562
562
562
562
562
551
562
562
562
562
480
563
563
563
730
563
648
563
629
557
563
358
563
566
563
762
563
563
563
563
563
428
564
564
564
564
564
565
565
565
565
565
566
566
503
674
566
566
566
513
566
566
720
566
566
567
567
567
567
567
567
408
567
567
567
568
569
570
571
571
571
571
571
571
571
571
571
571
571
522
571
399
571
571
571
571
512
571
572
572
572
572
573
573
602
573
377
482
573
573
344
573
573
574
574
574
574
574
574
575
459
575
575
575
575
575
575
575
575
575
575
575
575
495
440
439
575
766
575
575
575
575
727
575
576
576
576
576
443
576
576
576
577
646
578
578
578
755
578
578
578
638
579
579
579
579
579
579
580
580
580
580
580
580
580
580
580
580
580
374
580
760
580
580
581
581
581
581
581
581
407
581
581
582
583
583
583
583
583
583
584
584
584
584
473
584
584
584
584
584
585
585
580
585
585
585
585
585
585
585
399
585
586
586
586
586
586
660
586
586
396
586
758
451
586
587
587
587
588
588
576
588
588
240
588
588
446
655
588
684
588
588
575
588
588
589
589
589
589
589
589
589
589
589
660
589
589
589
589
589
474
589
590
590
590
590
590
591
685
591
591
787
591
591
591
591
591
543
572
591
591
591
591
591
591
592
592
592
592
592
708
592
648
592
592
592
708
592
643
592
430
498
592
592
600
592
592
592
700
592
592
592
592
593
593
593
593
593
593
698
593
593
593
593
749
593
594
594
425
595
357
595
469
595
595
597
597
597
460
597
597
597
598
598
444
598
598
598
695
598
599
599
599
577
599
599
599
487
599
481
429
599
599
600
600
600
698
746
600
600
487
600
601
602
602
602
602
602
602
602
719
696
602
603
603
603
603
603
603
603
604
604
604
604
605
605
499
605
605
606
598
606
606
455
629
606
720
453
606
606
606
606
606
800
606
606
787
606
606
606
607
607
607
607
607
607
608
608
515
608
547
608
608
608
496
455
608
608
608
469
608
608
608
609
610
536
610
774
610
610
610
610
610
537
610
610
610
610
610
610
610
438
610
610
610
610
610
610
611
611
791
611
611
682
612
451
612
612
612
612
580
685
613
613
613
614
740
615
591
615
615
615
615
629
615
615
684
814
549
615
615
687
615
615
615
616
616
616
616
616
616
616
616
616
725
616
773
616
617
618
618
618
618
618
618
618
619
619
619
619
619
619
619
619
619
619
619
619
542
620
620
620
602
775
620
659
620
678
684
665
621
419
666
728
622
623
623
623
623
496
623
810
623
623
455
566
623
623
623
623
623
462
624
687
353
624
446
815
624
624
624
625
625
419
625
625
625
625
509
625
625
626
626
626
637
626
626
626
626
626
627
627
627
803
627
627
627
767
627
627
627
627
627
628
629
629
629
664
629
629
629
629
693
629
630
630
631
739
631
631
631
631
631
631
631
583
508
631
758
631
701
631
631
631
631
631
632
633
633
633
633
633
430
633
633
633
633
633
597
633
584
633
551
549
633
633
633
633
633
633
796
633
479
633
708
579
635
635
635
635
613
635
636
637
684
637
637
626
637
637
637
637
637
637
637
637
638
671
638
638
448
638
638
638
638
638
638
638
638
639
639
639
639
640
514
640
640
640
640
640
640
640
640
640
640
640
641
641
642
475
699
642
642
642
642
642
642
643
787
586
643
643
712
515
643
643
643
808
643
643
643
643
643
644
645
519
645
645
766
645
645
645
645
645
672
646
646
646
646
646
646
646
549
532
646
646
647
647
648
648
466
753
648
648
648
648
649
649
649
575
650
650
650
650
513
650
650
650
736
651
652
652
652
653
653
717
653
785
653
653
653
653
653
653
653
653
653
653
708
653
483
792
653
653
653
653
653
653
654
654
655
655
655
656
656
656
656
656
657
657
745
657
657
657
657
494
657
657
658
658
450
659
659
659
458
659
515
659
659
659
659
687
684
659
659
659
659
659
455
659
660
660
660
660
660
661
661
661
661
661
661
661
661
673
661
661
661
468
661
661
661
661
661
661
661
661
701
595
661
661
661
661
661
788
661
552
661
661
662
662
662
662
662
460
662
662
663
687
663
697
663
663
663
663
486
663
672
663
663
664
664
664
664
703
664
760
664
664
664
664
474
664
664
664
749
664
665
665
665
665
533
629
665
665
779
665
665
665
503
666
779
666
666
505
666
666
666
666
698
666
666
666
666
763
667
648
667
667
667
667
667
667
667
667
668
669
669
554
669
669
549
669
661
669
597
669
669
669
670
670
720
671
771
671
671
671
671
671
527
631
671
571
671
671
671
672
748
672
643
672
745
672
672
672
672
672
672
672
483
737
672
672
672
672
672
672
672
672
672
672
672
673
718
673
673
673
673
703
673
673
673
765
673
673
673
673
673
673
674
468
674
674
674
674
674
674
695
674
674
674
674
674
720
674
675
700
675
675
675
675
675
675
675
675
675
675
675
675
675
675
675
675
707
675
676
676
676
676
818
676
677
800
677
677
677
677
677
678
678
678
678
678
678
771
639
678
679
679
679
588
679
680
680
680
680
680
680
680
680
680
680
490
683
506
683
683
683
683
683
683
785
683
683
742
683
683
683
683
684
684
684
684
735
684
684
604
684
684
684
684
684
604
653
684
669
339
685
685
685
685
685
685
808
685
685
685
685
686
686
686
686
686
687
796
687
642
687
687
672
687
687
532
687
687
741
688
688
688
689
689
689
689
690
690
690
690
690
690
690
551
690
690
474
690
691
692
692
558
693
693
693
693
693
693
693
752
693
769
693
694
694
694
815
694
695
695
695
782
695
695
695
695
695
695
663
695
695
696
695
695
663
695
695
695
695
606
696
696
696
696
696
696
620
696
696
741
696
696
696
486
696
696
696
696
696
696
696
696
697
697
765
697
697
697
697
794
697
698
698
698
767
698
698
505
698
698
698
698
698
698
550
699
699
699
699
699
699
699
699
540
699
699
708
700
700
700
700
700
700
700
700
700
527
700
700
700
700
602
771
700
700
701
701
701
695
711
701
701
701
701
701
701
702
702
702
702
702
702
702
702
702
702
702
545
702
735
702
793
702
703
703
703
703
703
703
703
669
610
703
703
703
703
703
703
703
703
770
703
703
704
704
763
704
704
704
704
704
704
705
643
705
705
705
705
536
706
706
694
706
706
667
707
708
708
708
683
708
708
708
708
708
708
708
693
708
708
696
708
708
708
709
709
709
709
709
709
709
709
709
709
709
709
710
710
640
710
710
710
710
711
711
711
711
711
625
711
711
711
711
711
711
711
711
711
711
711
711
711
711
711
773
711
712
712
712
712
712
712
712
794
712
712
712
712
712
713
713
713
713
713
713
713
713
713
713
713
713
713
540
703
713
713
713
605
714
714
714
714
714
714
714
714
715
716
716
716
716
683
716
716
540
716
716
717
717
717
665
717
717
717
717
717
544
718
718
718
708
718
719
719
719
719
719
720
808
720
693
699
720
771
720
720
526
720
720
720
720
720
720
721
791
721
721
721
721
721
721
721
722
723
724
724
724
724
675
724
724
724
724
725
725
595
708
725
725
725
540
726
726
726
726
727
593
727
727
727
727
727
727
727
606
727
663
708
727
727
799
727
727
728
653
728
728
728
728
729
729
729
729
729
730
666
730
700
730
730
730
730
730
731
731
731
732
732
733
733
580
660
773
733
733
665
734
734
734
734
734
596
734
734
734
734
735
735
735
735
735
735
785
735
735
586
735
735
735
736
736
736
736
736
736
736
645
736
736
736
736
736
736
736
736
736
736
736
736
736
592
736
725
736
736
736
736
669
736
736
737
737
737
737
737
737
737
738
740
740
548
740
740
740
740
740
678
740
740
740
741
779
741
741
741
741
741
741
741
741
743
741
741
742
742
742
491
785
742
743
743
743
743
743
743
744
744
744
744
818
736
796
744
744
744
745
590
745
745
745
745
745
745
724
745
767
745
745
745
745
745
745
680
745
745
745
746
792
602
746
746
746
746
746
746
746
576
735
746
746
746
747
751
661
747
747
748
748
748
748
748
749
749
749
749
749
749
749
749
749
749
616
580
749
659
749
749
749
749
606
640
749
749
749
749
749
749
749
749
750
750
750
750
661
750
750
750
750
772
750
750
816
750
750
750
750
750
750
750
751
751
751
751
751
751
751
751
751
751
751
751
751
751
751
751
751
631
751
751
752
397
650
752
752
728
550
752
752
752
752
753
753
753
753
789
753
753
753
753
699
753
753
753
754
755
755
755
755
755
696
755
755
755
755
755
755
755
755
755
603
755
756
756
756
756
756
756
756
756
756
757
757
757
757
653
560
757
757
496
758
603
758
758
758
758
758
758
758
758
758
758
653
758
759
760
760
760
760
760
760
697
761
761
761
762
627
762
762
762
762
778
808
762
678
762
762
762
795
763
763
763
763
763
764
638
615
764
764
626
764
764
728
764
459
616
764
764
764
764
764
764
764
765
765
765
765
765
765
765
765
765
765
765
766
766
766
766
766
766
766
666
684
766
766
701
767
767
767
767
767
574
767
767
767
767
767
767
767
767
768
768
768
768
769
578
769
769
592
700
769
769
769
769
770
770
770
770
707
599
771
771
771
771
771
771
771
771
771
771
771
771
771
814
771
772
772
772
772
772
772
772
772
772
787
701
615
772
764
772
772
772
773
773
773
604
773
773
773
593
773
773
773
773
773
773
773
774
633
774
774
774
774
774
774
775
775
776
777
810
778
778
778
778
778
778
606
778
789
778
778
778
711
778
778
779
734
779
779
779
779
779
779
779
779
684
779
779
779
779
779
779
779
779
779
779
779
779
533
779
779
779
779
779
779
779
780
781
782
782
782
801
782
782
782
782
782
783
783
783
783
783
783
783
783
783
783
783
783
784
784
784
784
784
784
784
784
784
784
693
784
784
784
787
785
785
785
785
785
785
785
785
785
785
785
785
786
786
786
787
787
787
788
600
788
788
788
788
788
788
788
662
788
702
788
788
788
789
789
789
789
789
789
789
789
613
789
789
790
790
790
751
790
790
790
790
790
790
790
790
790
755
790
790
790
790
661
790
790
790
790
790
806
790
790
790
790
790
791
791
791
791
791
791
791
791
791
791
791
791
791
627
791
791
791
643
791
791
641
791
792
792
792
792
792
792
792
792
792
792
792
792
792
698
792
792
792
792
792
767
792
793
653
793
793
793
793
794
794
794
794
794
794
794
794
794
794
426
795
795
795
795
795
795
796
796
796
796
796
796
796
796
796
796
796
796
796
796
796
796
796
797
797
797
797
797
667
797
797
704
789
672
790
798
798
798
798
799
710
799
799
799
799
799
799
799
799
799
800
800
800
800
800
800
815
808
800
800
800
800
800
800
800
800
800
801
724
801
801
801
801
801
801
802
802
802
802
802
803
803
803
803
803
803
803
803
803
804
804
804
804
805
805
805
805
805
805
805
806
804
806
806
806
806
806
657
806
806
806
806
806
806
806
806
806
806
807
808
808
808
808
808
743
758
808
808
808
808
809
779
809
809
809
809
809
810
810
810
810
810
810
810
810
810
690
810
811
811
812
812
812
812
625
813
813
813
813
813
813
814
814
814
814
814
814
814
814
703
814
814
775
616
814
814
814
662
814
814
814
815
815
815
815
815
815
815
815
815
815
815
815
815
815
815
815
815
816
816
816
816
816
816
816
816
816
800
816
816
679
671
816
816
816
817
817
817
817
818
818
818
818
693
818
669
669
793
809
755
714
709
765
706
751
663
661
800
695
748
779
809
786
787
788
818
816
713
693
791
708
816
766
786
704
800
783
787
808
711
764
746
799
810
789
721
736
690
806
773
773
818
693
779
783
751
699
653
725
720
791
800
703
710
708
751
758
779
763
713
805
772
744
790
771
687
684
753
808
703
670
695
744
743
778
699
818
729
695
735
767
697
689
778
756
816
752
813
755
790
571
586
767
778
672
818
