71
378
450
37
144
372
111
312
135
34
117
338
100
340
249
322
238
339
74
33
99
320
44
7
286
329
120
314
118
323
141
1
288
18
483
215
61
23
15
152
287
296
239
92
68
371
26
28
238
38
292
332
203
117
6
43
175
312
244
11
70
118
156
110
82
1
150
351
43
264
423
175
127
152
37
106
481
41
194
54
138
124
8
73
266
202
8
164
122
152
49
223
114
147
30
73
133
229
130
120
128
61
26
0
71
322
171
112
257
134
116
7
134
63
39
377
120
474
517
193
74
61
182
103
23
306
108
80
599
81
315
273
4
220
204
242
61
297
107
377
337
192
234
21
15
53
53
185
3
86
272
228
199
295
231
52
62
290
52
317
231
143
137
116
406
62
326
61
445
210
32
9
384
207
52
292
100
202
253
209
52
36
258
7
296
207
95
118
272
29
296
141
30
87
224
9
123
338
209
209
108
151
147
171
116
78
156
197
296
70
261
288
314
101
31
294
194
416
161
19
141
55
296
209
58
201
19
179
25
41
149
19
73
158
199
186
95
78
152
116
44
19
149
195
158
189
76
23
151
111
197
69
639
94
71
126
110
126
19
506
37
428
23
48
294
219
73
276
282
110
154
66
83
31
26
252
404
61
174
137
1
67
294
29
456
221
214
358
187
52
88
358
118
114
334
73
127
204
401
55
118
144
151
345
339
206
119
85
137
30
10
252
518
55
668
139
132
192
122
282
44
270
7
267
32
257
54
265
511
315
68
6
296
103
152
218
120
299
311
295
160
555
77
30
156
27
238
342
182
189
230
109
141
71
170
11
204
39
131
176
51
19
431
131
383
230
199
183
314
342
23
120
158
68
26
128
75
32
212
199
126
68
266
91
160
195
100
87
266
34
11
70
192
28
109
126
678
217
23
136
197
75
361
161
197
274
70
34
136
24
339
270
90
15
30
3
221
93
54
339
212
70
77
199
43
1
97
152
60
43
65
147
79
267
188
31
95
147
385
97
21
114
143
389
54
118
0
0
221
0
460
0
737
0
218
0
0
1
1
1
1
1
1
1
1
201
1
1
207
1
1
2
2
2
32
622
3
3
167
3
4
4
4
5
5
2
6
6
6
6
6
6
6
62
183
6
6
194
360
6
6
6
6
7
334
7
7
7
7
7
7
7
8
8
8
8
8
128
8
9
9
9
9
9
10
10
181
11
11
281
11
11
93
11
11
11
135
11
11
11
11
11
258
12
268
13
13
13
13
252
13
13
13
13
14
14
14
402
70
15
15
237
394
257
16
16
16
16
16
9
16
16
0
16
16
435
17
17
126
17
17
54
18
18
18
18
18
18
18
18
18
183
19
19
309
19
460
19
19
161
19
19
19
19
19
19
19
20
20
20
20
20
48
20
20
20
21
22
22
22
23
23
326
23
113
23
24
24
24
24
24
24
24
259
26
26
26
26
26
26
26
26
332
26
26
197
179
26
26
26
26
26
26
26
26
26
441
26
26
61
27
27
27
27
27
27
27
91
266
27
27
27
227
29
29
29
327
29
30
30
90
30
31
396
31
31
111
31
760
31
31
31
31
31
67
31
31
110
462
31
31
427
31
31
32
32
32
32
32
32
723
32
32
32
382
140
32
32
187
32
32
32
33
33
267
33
33
33
33
33
34
34
34
34
34
116
34
34
34
34
34
34
34
34
34
34
34
34
35
35
451
215
35
35
36
36
36
36
37
37
37
37
317
37
37
37
37
37
37
37
104
37
37
38
38
38
38
38
48
39
104
39
39
39
39
39
39
454
39
8
41
42
43
43
43
450
43
43
43
43
43
43
43
43
43
43
129
43
43
43
285
43
43
462
44
44
318
44
420
45
45
45
45
45
45
45
47
216
48
48
48
48
48
48
48
674
48
257
48
48
48
49
145
49
49
49
211
49
149
49
49
49
422
27
50
50
50
50
308
50
50
50
50
50
117
181
50
51
51
51
51
51
428
51
204
52
52
340
52
52
137
52
52
52
109
52
52
52
52
52
53
53
53
53
156
371
53
54
54
99
54
54
54
54
110
54
54
54
364
54
54
111
151
54
54
54
30
54
54
54
54
55
55
55
441
55
55
18
55
55
55
55
309
57
57
446
57
57
57
58
267
58
103
58
59
59
59
59
60
412
36
60
60
60
61
61
19
61
61
356
61
61
61
61
189
240
55
62
62
370
118
263
62
62
62
62
62
62
62
686
62
62
62
20
62
62
63
63
711
63
63
63
63
230
63
464
64
65
65
65
433
65
65
65
66
405
85
32
66
76
67
34
67
67
67
298
128
67
67
67
312
67
68
68
68
68
68
68
68
68
68
68
68
68
68
233
69
69
69
69
69
70
29
70
193
70
70
70
70
257
70
70
70
71
130
381
71
71
71
71
473
71
71
71
469
60
71
71
365
71
100
72
435
405
40
72
72
72
194
299
73
479
492
73
204
428
73
73
310
73
73
73
74
74
74
74
74
74
60
75
75
75
75
75
76
75
301
75
75
76
76
76
76
322
430
406
76
76
76
364
171
76
77
77
423
77
311
150
77
77
77
38
377
77
77
77
77
78
78
78
78
276
78
78
145
78
250
78
79
79
79
79
79
79
79
79
79
79
79
71
79
79
80
81
81
151
82
423
82
82
82
85
202
85
85
85
118
85
85
309
85
394
85
85
85
85
31
86
201
86
86
86
86
86
86
86
134
87
87
700
87
111
87
87
87
87
19
376
87
87
88
88
88
294
88
88
88
279
88
89
218
89
90
90
90
90
90
90
33
90
90
90
90
230
90
406
91
91
508
91
27
298
26
91
114
92
92
419
92
92
92
515
93
147
93
93
95
95
348
95
95
95
96
96
97
97
97
3
97
59
97
97
97
97
97
97
97
98
202
592
98
419
98
257
98
98
98
99
99
30
99
99
99
99
99
531
99
99
99
99
545
71
425
99
99
99
99
382
100
461
100
100
100
100
100
101
66
101
643
101
101
102
102
102
102
116
102
313
102
102
102
102
377
102
103
103
103
103
103
103
104
104
104
104
115
104
16
329
268
104
362
104
104
32
104
105
36
105
105
106
106
43
106
106
106
106
107
107
78
107
107
108
108
181
108
108
108
381
108
120
498
108
108
78
355
109
109
109
109
109
182
109
109
476
109
115
110
110
110
203
141
110
25
110
99
111
111
111
111
111
111
111
111
111
111
118
490
111
111
111
111
111
111
111
519
111
614
267
224
59
111
111
317
112
61
423
112
112
112
306
212
112
112
112
485
112
112
112
112
112
114
114
483
114
114
114
15
115
115
115
115
517
463
115
115
198
115
204
328
255
481
115
377
428
115
115
115
182
115
115
115
116
116
116
116
116
116
116
335
453
116
116
258
116
116
117
367
117
117
117
117
175
117
172
117
117
118
118
118
118
118
118
118
352
118
118
118
238
118
118
108
502
118
118
118
118
119
400
300
119
424
252
120
120
120
120
120
539
120
120
120
120
111
120
120
120
120
120
120
442
210
161
120
120
385
135
120
120
120
121
121
304
191
121
122
122
122
8
122
122
173
123
123
123
124
151
124
124
124
125
125
476
125
125
125
125
33
150
125
125
210
152
126
126
126
126
126
103
126
272
127
128
128
128
128
128
51
128
128
128
128
128
62
128
460
26
345
128
129
126
221
129
129
129
129
129
129
129
130
130
130
456
130
130
487
130
130
130
130
130
131
131
26
39
101
276
131
131
131
131
131
131
131
302
273
131
131
131
131
132
312
132
132
197
132
133
276
133
658
133
334
133
485
133
133
134
134
134
204
134
134
134
134
134
134
134
371
134
136
135
135
131
135
72
135
431
136
136
670
136
180
136
136
136
115
358
404
136
136
135
136
137
137
137
137
137
137
137
137
137
122
138
138
138
257
138
138
138
138
542
133
138
138
138
139
139
139
139
372
275
139
16
385
139
139
139
139
46
139
395
139
140
140
140
140
141
141
141
141
141
141
141
141
141
414
141
141
141
141
133
141
77
141
141
141
141
558
141
141
141
171
141
342
453
141
492
218
141
142
142
142
143
143
143
146
26
147
147
147
147
44
147
252
555
147
185
147
147
477
147
541
147
147
147
72
156
147
147
37
147
110
147
148
148
148
148
149
149
149
149
149
149
149
150
150
150
150
150
150
444
150
150
363
150
150
531
150
150
150
150
151
151
151
151
702
151
151
371
183
151
151
151
189
151
586
151
0
151
812
151
151
151
151
151
151
151
585
201
151
151
151
117
151
151
152
154
154
154
456
154
154
154
154
154
154
155
155
62
155
155
262
155
156
102
156
156
156
371
156
67
156
156
156
225
376
367
156
156
156
156
583
156
468
549
156
157
323
157
157
157
157
157
158
158
158
158
159
159
377
159
159
159
160
160
583
160
160
160
160
160
137
160
161
259
161
118
161
161
161
161
308
162
163
540
165
569
114
371
165
306
165
165
165
174
165
165
166
166
367
167
167
326
167
476
167
167
167
404
557
167
167
167
415
167
167
167
167
168
169
169
170
170
95
170
171
171
67
171
171
171
564
171
171
171
171
171
171
171
171
600
171
413
172
97
172
172
172
172
71
172
32
172
279
172
616
172
172
172
172
166
173
173
173
173
384
545
173
571
490
173
173
174
174
174
174
129
175
137
259
175
175
175
309
175
176
176
548
176
176
43
177
178
179
460
180
666
181
85
181
181
181
181
181
181
203
291
337
485
181
181
181
181
181
221
182
182
182
182
182
182
182
182
26
182
183
418
68
183
328
183
183
183
183
22
183
267
538
600
183
317
183
257
183
100
183
761
183
477
183
436
184
235
387
184
89
185
338
551
369
34
686
185
185
189
185
186
186
372
301
581
186
412
186
186
186
187
187
339
187
187
188
188
188
334
188
466
530
189
628
189
189
189
189
13
48
189
189
190
191
103
191
254
237
191
175
191
191
191
487
191
451
158
191
191
78
192
192
192
192
192
192
551
328
192
193
193
647
193
193
428
193
134
193
193
318
160
193
173
431
372
194
194
194
194
194
194
490
194
195
195
470
54
587
353
195
627
481
645
195
196
196
196
197
131
197
631
39
126
8
226
197
571
197
197
197
197
197
197
197
197
197
571
183
197
197
197
197
284
197
197
183
197
197
197
198
123
198
198
198
199
199
199
199
118
199
199
199
200
364
225
200
55
161
200
200
200
201
201
201
111
287
201
323
258
202
202
172
202
202
18
565
493
463
222
202
202
202
202
202
203
203
161
203
586
203
203
17
204
204
204
204
34
204
158
204
204
351
204
204
330
204
124
317
204
204
204
204
363
205
205
203
538
88
206
343
206
206
655
206
207
207
506
575
207
456
328
207
207
315
207
208
322
209
209
31
209
215
209
209
209
209
451
210
210
41
85
210
210
210
318
210
210
210
210
210
210
314
210
210
210
211
343
211
211
211
637
4
212
212
212
212
212
212
212
212
482
212
65
214
214
214
295
230
551
618
492
336
214
214
215
215
215
215
215
215
215
215
215
647
215
215
215
215
478
215
301
215
631
215
215
215
216
640
216
217
217
217
217
118
218
218
483
218
576
218
394
219
219
452
219
219
238
808
219
244
230
219
588
219
153
221
221
221
221
447
631
151
343
221
541
505
221
377
221
292
221
119
301
221
401
221
222
222
577
222
222
141
222
222
222
222
109
223
128
223
223
224
631
224
224
224
225
225
225
225
492
225
32
134
225
225
225
468
180
225
532
226
589
625
445
226
226
226
226
226
551
226
652
226
227
227
228
420
228
229
229
279
229
229
229
308
230
475
230
230
230
230
230
104
230
230
581
386
230
49
230
230
230
658
270
230
230
230
596
230
230
230
230
230
231
674
231
531
231
489
602
231
231
231
487
231
231
231
231
6
231
232
423
232
232
233
233
233
233
461
33
175
678
99
27
234
364
234
234
234
234
234
234
488
234
234
234
234
234
236
237
237
2
141
237
237
468
147
27
238
238
238
238
609
238
115
238
67
238
238
238
238
238
238
238
239
268
544
239
239
19
240
14
240
240
240
241
242
242
591
242
182
242
242
242
242
242
157
242
242
433
244
244
182
244
244
244
244
246
246
246
476
545
246
115
246
179
299
246
246
246
147
246
246
222
464
312
246
258
247
54
685
247
595
107
247
247
247
628
247
247
247
371
247
247
247
248
248
248
249
249
249
238
32
249
191
249
281
251
95
251
43
252
288
715
252
252
252
242
355
252
252
558
253
253
627
253
138
253
254
66
117
605
322
254
254
450
256
257
257
257
257
257
257
257
257
257
586
257
196
257
104
155
305
257
266
257
114
257
257
257
506
56
369
258
258
376
258
258
90
49
258
36
258
258
709
258
258
258
258
273
258
259
259
259
259
260
260
260
261
261
262
262
262
714
262
263
710
265
265
265
265
185
265
266
767
86
266
670
266
266
266
266
266
631
267
68
267
519
462
267
268
267
267
267
340
202
267
267
648
267
267
268
496
585
268
268
268
268
268
323
268
268
521
268
268
268
269
269
362
406
269
270
270
270
270
270
270
654
270
270
138
514
377
663
270
270
442
270
270
429
270
270
271
115
272
272
418
403
272
272
272
201
272
272
272
273
626
273
273
273
273
273
274
460
167
340
653
702
274
276
276
276
29
389
34
276
383
350
528
276
621
276
277
72
278
279
183
279
279
226
279
279
280
281
258
281
281
281
281
281
281
281
43
281
281
567
281
281
663
281
281
282
282
282
282
282
654
282
282
409
282
282
282
282
669
282
282
317
282
282
402
282
67
283
401
387
574
283
634
539
284
284
284
576
284
211
284
284
284
285
285
285
287
32
287
738
287
287
287
625
287
287
273
402
287
287
288
288
647
614
288
288
207
8
288
289
291
291
721
428
291
292
292
292
244
292
160
427
292
372
292
292
29
222
293
293
294
450
211
294
294
294
466
554
551
294
294
294
595
294
294
307
581
295
295
295
295
295
296
309
296
296
296
296
296
130
296
514
296
296
296
296
744
296
403
297
298
636
298
489
299
299
654
299
299
299
299
299
299
300
300
300
555
261
300
300
254
716
680
300
301
681
301
301
301
170
301
301
301
130
584
331
302
302
372
302
302
302
302
128
302
302
302
302
498
302
302
303
507
107
304
304
375
695
13
257
304
304
651
719
304
304
304
594
420
304
304
306
428
677
222
306
306
306
306
120
306
238
307
679
307
591
307
307
307
372
307
429
307
307
307
369
569
61
308
308
308
727
308
331
308
308
309
519
26
351
309
309
309
309
309
549
311
311
403
705
71
311
120
311
311
506
26
312
219
312
312
312
312
591
312
461
312
312
312
312
312
312
312
473
312
120
433
417
312
312
314
314
645
314
314
343
155
314
314
314
314
314
314
314
314
314
314
710
81
315
315
315
572
315
469
315
315
315
719
315
315
315
117
698
316
614
161
316
315
316
316
442
316
316
316
317
317
317
317
737
317
317
317
317
317
317
473
317
318
575
318
318
318
318
318
319
322
63
322
322
548
490
569
322
377
322
142
274
112
323
427
603
323
666
744
323
323
115
9
242
323
323
323
323
680
323
323
323
323
323
323
98
323
323
323
324
97
324
324
76
324
97
473
324
324
647
325
326
326
326
382
326
240
487
326
326
326
327
726
327
327
327
327
328
328
328
328
328
328
27
328
328
328
372
328
577
328
329
329
329
329
329
785
329
238
329
330
330
330
330
330
463
549
539
330
330
331
556
331
331
417
331
331
19
332
332
333
668
141
334
334
334
173
334
328
334
334
334
43
334
54
492
640
334
334
334
335
335
335
335
84
335
451
335
336
336
346
336
418
296
26
336
336
336
336
337
337
337
705
53
337
337
337
337
337
370
143
130
356
338
338
566
76
302
338
667
89
175
338
338
128
265
338
338
338
338
338
27
338
338
338
197
431
339
339
339
737
339
339
210
339
339
339
339
329
339
339
339
339
339
339
339
339
339
552
339
755
339
231
339
542
507
339
339
339
705
339
381
712
340
340
340
340
340
340
340
211
340
456
340
340
600
340
340
341
341
341
341
674
6
342
85
342
729
342
342
688
342
342
343
343
545
527
733
70
463
343
665
616
78
343
343
343
307
468
36
738
419
346
346
346
346
539
281
346
346
346
346
194
346
346
346
347
348
339
348
689
463
348
385
348
570
348
348
348
349
396
349
349
349
400
350
350
350
521
350
674
350
765
351
295
351
351
351
197
260
414
492
351
352
352
30
352
352
425
292
352
352
352
352
352
353
353
353
353
221
353
354
355
773
355
492
355
355
355
61
355
356
632
409
207
356
356
356
356
356
285
612
356
357
356
357
48
357
357
357
145
525
357
151
357
358
128
358
645
647
385
358
466
357
358
210
702
358
359
170
360
360
360
329
222
343
361
361
709
361
361
117
361
203
361
361
700
361
361
353
362
542
362
362
362
557
362
362
363
363
231
678
99
685
363
470
631
363
364
364
364
364
364
365
365
365
365
366
367
506
586
367
367
367
367
368
369
369
369
369
369
370
370
370
4
453
370
370
370
169
370
371
371
371
371
643
371
371
581
371
247
371
371
371
372
645
39
230
372
552
234
372
372
341
372
372
372
372
26
372
89
373
590
374
379
376
311
376
376
376
376
339
376
376
376
26
721
796
668
632
376
376
376
396
652
377
31
377
230
377
377
218
161
377
242
332
377
709
377
79
161
377
727
377
377
377
118
377
782
377
377
61
170
377
377
378
378
379
379
379
415
473
379
528
379
379
379
379
669
32
403
214
492
379
380
172
454
381
814
377
679
381
381
381
260
381
519
381
381
657
382
382
138
382
382
382
383
383
383
383
383
385
385
385
791
385
385
385
231
329
385
652
385
385
386
386
386
386
254
532
387
253
806
151
388
389
389
539
61
391
34
392
393
393
393
393
393
393
142
16
285
394
753
622
478
586
395
395
587
395
8
54
115
395
396
38
307
396
396
396
396
396
517
396
396
568
396
43
396
396
379
396
396
396
793
397
2
398
741
738
398
219
398
398
398
399
399
399
399
127
399
400
400
400
26
400
609
79
385
400
400
98
400
783
400
401
373
475
401
75
401
401
500
590
401
401
816
401
401
401
401
401
401
101
401
401
401
401
754
401
714
81
401
401
774
402
402
281
166
402
403
481
697
403
403
404
404
404
474
404
405
405
405
405
406
564
406
508
641
538
1
406
406
425
406
802
483
407
408
409
409
409
409
409
409
303
410
411
411
411
411
411
531
411
400
700
411
412
412
412
816
412
412
740
418
412
572
509
25
799
575
412
329
412
332
412
412
412
114
413
413
413
413
413
586
418
519
492
26
755
414
493
128
414
614
414
312
532
414
415
553
331
257
415
415
415
415
415
415
415
785
415
415
415
415
415
415
104
814
416
548
416
416
416
416
315
416
416
416
416
417
635
230
417
62
769
417
523
417
417
33
590
418
470
418
418
418
418
418
418
418
418
418
128
735
511
420
420
420
421
384
421
27
421
597
421
421
187
421
422
422
422
422
422
423
422
422
422
517
422
139
422
423
423
468
423
529
423
423
423
423
423
423
423
424
424
424
424
746
424
752
425
425
425
676
425
425
425
774
485
797
247
425
117
425
426
785
615
426
426
426
19
426
426
426
426
427
427
309
427
210
427
427
427
427
652
427
427
614
428
451
428
428
441
614
428
654
311
23
428
428
428
778
429
429
429
275
429
429
429
766
429
19
66
429
429
205
429
642
430
430
265
430
635
771
728
430
618
431
431
7
709
452
431
729
431
431
431
539
431
431
784
431
44
784
431
431
432
432
432
432
432
433
433
281
433
433
433
433
433
361
193
680
433
434
675
435
435
435
435
436
436
173
437
437
684
437
437
231
437
26
439
441
328
441
441
674
441
419
441
441
441
441
441
441
441
478
634
441
400
727
442
442
261
117
442
595
124
725
442
442
442
442
43
368
442
442
442
442
493
555
443
443
443
554
323
334
197
443
444
444
423
444
539
444
784
444
811
444
452
445
445
445
445
445
119
563
801
445
445
440
578
54
445
445
445
446
446
765
446
446
779
150
187
709
767
447
258
448
448
448
448
477
149
448
596
449
660
450
450
450
450
70
450
544
450
685
450
450
450
451
451
451
451
116
451
137
451
451
750
1
645
73
451
451
593
451
451
452
429
221
452
474
564
452
452
452
370
452
753
452
228
452
452
452
646
791
428
452
322
453
471
453
453
453
453
454
454
454
796
455
774
524
456
456
456
456
456
655
456
456
456
456
456
457
457
457
678
457
700
519
457
458
458
459
493
460
654
460
31
460
460
460
460
460
460
460
460
460
460
210
351
460
460
460
377
460
461
370
281
461
461
461
461
600
461
461
461
461
461
461
462
767
462
161
462
462
292
593
149
463
463
424
356
463
143
463
239
463
463
232
463
492
212
453
463
464
464
339
464
193
464
417
545
464
464
464
464
464
591
464
464
377
464
464
464
8
627
465
465
95
396
465
115
465
466
654
816
759
468
530
427
466
379
307
466
466
680
466
467
467
467
810
467
467
467
468
468
468
468
468
115
468
784
468
468
468
665
400
415
413
550
457
468
468
468
312
469
390
469
469
469
470
742
198
470
662
627
470
470
722
591
470
451
147
542
470
419
103
755
470
678
470
470
376
470
470
470
470
520
679
470
470
470
470
716
470
431
470
470
348
131
470
329
470
470
767
579
99
431
470
470
572
471
471
735
783
471
539
471
699
663
471
492
472
192
675
472
472
472
555
472
472
462
473
473
688
649
473
473
473
473
473
473
473
783
473
474
755
670
474
623
475
720
475
475
475
133
475
476
476
476
476
651
476
723
485
205
476
477
477
477
477
477
564
311
75
237
477
477
705
477
477
477
635
428
738
477
477
62
477
477
477
172
371
299
477
233
477
744
477
477
679
357
477
477
802
478
812
478
478
478
478
478
478
479
479
479
479
479
464
479
479
156
254
479
509
479
479
479
481
481
450
482
199
600
482
483
483
240
72
316
483
483
483
483
483
483
484
101
485
485
485
340
485
485
485
486
486
486
781
596
688
486
767
403
486
487
487
150
487
729
487
487
487
487
487
487
301
487
487
777
798
247
506
595
487
487
488
488
488
488
489
489
489
489
743
393
489
473
489
489
125
489
331
400
495
490
490
490
490
54
677
746
490
231
160
491
492
224
767
677
492
75
492
612
783
492
492
492
492
600
98
114
785
492
270
492
492
493
230
493
419
733
396
493
586
575
493
493
709
493
493
493
632
377
493
493
493
677
494
119
495
740
495
183
495
495
130
496
496
496
496
496
496
496
497
422
498
498
422
471
498
498
774
498
498
599
238
590
728
302
498
214
498
499
499
499
499
500
759
500
500
170
500
808
501
501
309
501
501
502
151
502
351
503
247
503
563
504
504
504
504
504
504
287
270
506
810
506
506
506
506
506
506
506
506
506
506
506
681
506
441
506
506
506
506
506
659
245
507
221
507
811
507
646
507
507
117
778
147
150
507
507
507
356
668
470
635
507
702
508
508
508
508
675
509
247
529
355
509
506
509
230
509
510
510
798
510
511
511
511
512
513
513
513
514
149
514
744
118
516
516
517
517
513
517
663
517
517
711
495
517
813
517
632
517
357
517
517
517
517
517
517
517
517
517
372
517
518
590
594
518
518
518
518
507
518
518
518
518
518
518
518
513
518
518
519
114
191
11
519
519
550
519
519
262
519
519
519
688
71
519
549
519
519
519
519
479
326
314
519
520
520
520
520
520
562
768
520
521
521
773
521
775
521
521
521
521
521
682
521
523
523
523
523
377
523
523
613
79
523
523
523
523
560
523
524
348
345
524
426
524
618
575
524
683
524
525
800
525
525
525
525
779
215
525
525
810
317
574
525
526
203
527
527
528
785
376
528
528
528
528
441
529
788
768
529
529
709
529
529
548
779
817
529
529
529
756
530
530
530
530
530
530
530
328
530
530
530
530
530
531
531
531
120
115
667
779
454
532
532
643
532
532
108
705
532
532
532
532
684
532
613
611
533
534
535
535
535
535
601
548
536
537
537
537
645
773
537
150
689
537
538
538
538
381
538
538
538
477
538
538
360
538
706
538
539
487
539
743
539
539
539
539
451
539
539
539
161
539
539
539
539
37
539
483
539
568
539
539
539
540
258
540
541
541
541
387
672
541
706
541
485
541
541
684
541
447
541
541
379
367
542
542
542
542
312
542
542
542
538
134
542
703
542
543
544
544
544
544
544
193
544
544
211
545
396
545
545
610
524
545
571
681
545
546
557
281
547
643
301
548
182
231
798
329
549
549
549
549
549
325
712
785
549
549
456
549
549
147
150
52
550
323
335
550
385
550
550
550
351
550
550
551
551
665
551
779
551
268
551
752
795
551
551
473
551
551
551
551
74
552
552
625
552
553
553
553
330
314
553
553
553
553
553
554
554
554
554
661
554
554
555
555
555
555
507
555
348
167
628
555
336
248
555
555
406
555
555
794
555
555
556
653
557
202
557
557
557
557
557
558
558
558
727
558
558
351
804
558
558
558
558
558
560
202
560
560
560
364
158
784
767
560
561
661
406
157
737
561
561
562
257
254
562
562
415
562
779
563
563
563
185
563
563
379
161
564
429
564
564
564
564
564
564
564
371
705
565
565
565
281
565
565
714
429
565
566
566
566
566
566
566
567
567
567
775
420
567
462
567
383
567
568
578
774
568
577
569
569
569
303
569
710
570
172
464
570
570
155
266
570
520
111
570
570
642
570
570
570
807
570
570
570
636
570
444
570
571
571
571
572
589
572
572
204
572
719
345
572
572
572
572
573
241
573
574
574
574
574
574
574
706
575
575
342
575
171
281
575
575
460
574
575
691
793
511
273
476
649
575
781
575
575
575
774
576
576
576
576
353
576
576
577
532
345
577
577
578
578
578
579
579
579
580
326
307
580
580
580
580
580
580
580
161
581
495
581
581
777
55
581
581
581
581
581
581
581
581
581
781
581
582
582
582
582
759
582
582
545
582
395
582
779
189
791
586
583
583
584
584
584
584
584
378
584
241
315
584
584
585
139
191
385
600
767
585
16
790
585
585
585
720
586
586
586
758
586
586
485
587
587
345
587
588
589
589
589
589
589
369
589
589
589
590
507
717
591
591
591
591
166
591
719
591
591
675
591
591
591
591
591
591
591
676
591
591
185
249
592
592
592
592
592
622
592
592
592
201
593
593
593
432
594
612
810
594
595
595
762
595
807
595
595
595
595
595
595
595
372
678
596
596
597
627
810
182
597
597
597
570
812
597
597
597
597
597
597
252
581
597
598
599
599
599
468
193
361
599
734
599
599
605
638
599
599
599
802
599
599
599
226
215
599
599
329
183
600
600
600
230
779
260
600
600
600
600
456
151
600
596
600
600
600
478
600
600
600
600
542
601
601
601
601
346
601
601
604
605
605
605
648
720
606
637
606
606
606
394
606
542
606
606
282
606
606
317
607
608
609
609
609
609
213
609
609
257
246
611
611
371
542
612
612
612
612
612
612
197
612
721
612
612
612
612
613
613
614
614
302
244
614
614
614
614
498
167
643
614
614
614
614
420
270
195
614
614
614
614
461
309
614
741
614
615
615
615
615
615
775
769
615
615
615
615
601
615
616
616
616
616
616
616
616
616
675
616
617
618
618
618
618
618
618
606
620
621
621
621
314
806
621
509
621
621
621
621
622
713
332
513
507
623
346
623
623
623
623
624
624
624
624
624
624
625
625
625
216
428
625
625
625
625
506
625
625
625
625
625
625
625
625
386
625
774
625
799
493
626
626
626
468
627
726
627
627
302
735
627
627
627
627
627
627
678
627
627
695
627
627
588
627
628
628
628
498
628
784
356
628
629
629
629
808
629
630
630
630
631
631
631
631
631
631
631
413
631
631
720
631
357
674
304
631
631
631
422
632
632
632
475
632
634
634
634
634
473
634
634
634
634
635
635
635
635
635
636
406
636
636
548
714
131
645
636
636
636
193
636
637
637
637
420
637
638
638
638
329
638
638
638
640
463
238
460
640
640
428
486
640
287
640
640
218
781
361
640
640
641
641
642
642
642
642
443
643
498
643
643
643
643
427
643
643
643
721
643
644
645
645
645
645
246
645
645
595
645
645
645
645
442
645
645
205
801
645
537
645
646
624
415
646
646
646
646
338
283
647
647
755
647
647
647
600
647
647
304
647
647
647
647
691
647
755
343
647
647
648
648
650
650
428
651
651
651
651
652
652
652
48
652
652
652
652
101
652
704
737
652
348
652
652
312
653
653
653
679
653
653
653
653
808
653
653
653
479
653
653
654
654
654
654
637
654
553
654
654
223
654
654
654
218
655
477
183
550
816
655
655
343
553
655
655
656
591
656
656
656
657
657
657
657
658
658
11
658
658
658
658
658
658
659
676
418
734
659
659
659
660
661
662
662
662
662
662
662
662
420
662
662
586
662
663
663
261
663
558
663
663
517
663
663
511
663
517
700
663
663
663
663
790
663
663
663
703
597
663
663
663
749
642
663
665
740
665
399
665
665
379
665
665
666
666
666
684
666
618
323
666
186
426
720
667
612
667
287
667
625
111
667
667
667
668
668
668
668
112
668
668
361
668
420
668
668
668
669
669
669
669
695
364
173
669
670
672
672
673
401
674
674
674
674
674
674
674
674
674
755
674
674
223
674
675
675
675
675
675
675
675
675
312
675
675
805
675
676
676
265
676
676
406
676
586
464
482
677
677
811
677
690
677
677
307
677
677
252
677
678
678
370
678
259
652
678
571
678
481
790
678
678
678
628
600
678
331
704
678
678
678
574
678
678
678
678
678
428
679
679
369
679
679
680
680
680
680
681
681
694
681
681
681
681
681
582
682
370
683
691
586
683
683
683
683
376
744
684
684
684
684
631
684
685
685
685
685
685
685
685
686
686
686
686
687
688
688
688
815
688
523
688
688
688
688
688
689
813
689
689
689
689
689
689
689
689
540
689
306
689
689
689
690
690
690
414
690
690
690
690
691
691
799
692
275
471
692
695
695
695
797
695
13
695
695
709
695
695
697
698
698
323
698
698
698
698
430
699
810
781
699
700
700
700
521
299
700
332
700
376
700
700
700
701
690
702
702
702
702
719
702
702
702
702
702
702
483
702
779
702
702
703
703
703
703
651
704
704
705
705
705
705
705
705
705
705
706
706
706
302
706
708
709
709
709
709
709
714
709
709
702
339
541
709
709
709
317
19
709
709
421
492
709
709
364
328
709
709
709
781
518
709
406
616
710
612
624
710
643
710
710
710
710
710
710
710
710
576
698
711
711
711
719
711
814
357
350
711
626
711
711
612
711
780
711
423
711
711
767
711
539
114
711
712
712
376
412
712
712
498
712
712
712
713
713
713
357
713
713
713
713
476
705
713
714
714
714
714
369
714
714
714
714
474
714
714
715
715
715
715
716
621
716
716
716
717
717
717
717
454
717
717
718
718
460
718
718
427
718
718
718
718
731
718
718
739
718
718
719
385
664
719
521
719
720
720
550
720
720
720
720
720
539
720
720
720
720
720
796
720
720
493
720
316
721
721
721
496
721
721
727
721
721
721
721
721
721
721
721
721
334
721
722
722
624
669
723
723
723
723
723
723
723
723
733
723
723
724
724
724
724
724
724
798
724
724
724
724
725
470
622
725
725
726
726
699
726
468
726
738
726
726
506
726
726
727
727
727
801
727
727
727
728
377
728
456
728
728
729
406
729
729
729
729
394
729
729
548
729
646
729
729
729
729
729
730
730
572
730
730
731
442
733
733
733
734
520
734
734
735
735
735
377
735
735
339
735
735
709
737
737
737
737
808
737
737
737
737
332
737
737
737
737
737
738
321
738
738
738
738
738
738
738
478
738
739
739
739
675
739
739
739
739
740
740
740
740
740
740
740
740
463
740
429
740
741
741
741
741
741
792
742
742
555
742
743
743
13
710
396
553
743
743
743
743
744
539
744
562
500
744
744
744
744
744
744
744
744
357
745
746
530
746
746
747
748
749
749
749
749
634
749
749
749
749
750
492
476
750
575
751
751
751
566
197
751
751
751
751
751
752
752
709
752
752
752
752
752
752
752
752
752
752
679
752
753
753
539
753
753
753
753
753
753
753
753
575
754
752
754
754
430
754
755
755
675
642
755
755
755
783
755
755
756
756
360
756
756
756
678
756
756
757
757
663
605
757
757
757
438
334
757
372
757
755
757
757
725
609
758
758
758
759
661
513
814
597
572
759
522
759
606
759
759
759
759
759
760
760
760
760
761
814
761
761
761
761
471
761
717
761
761
761
761
761
761
695
761
762
795
762
762
762
762
762
762
762
763
764
765
765
765
500
765
765
765
414
765
765
709
766
766
734
325
766
766
766
767
616
767
767
767
767
430
445
614
112
767
767
767
767
767
767
767
767
473
767
598
767
767
767
767
774
767
768
768
768
768
768
496
444
768
768
768
642
769
769
769
769
769
769
769
769
770
770
770
394
412
770
599
761
770
615
734
770
770
621
770
770
770
770
770
755
770
771
771
771
771
772
317
772
772
772
772
772
772
773
785
773
773
773
773
773
773
773
386
773
773
773
474
773
773
774
774
774
774
774
774
419
774
774
384
774
774
364
774
774
774
774
774
775
775
775
775
775
775
530
776
777
599
415
777
538
695
777
777
777
777
777
778
778
778
778
778
778
778
779
779
540
779
779
779
551
779
779
779
779
404
444
779
675
779
780
780
780
780
780
780
798
780
454
780
780
780
780
780
457
780
482
780
780
780
780
117
591
781
781
473
781
599
781
781
781
781
586
781
781
781
782
782
782
782
783
783
783
783
798
783
783
783
783
783
783
783
783
474
783
574
784
784
800
784
784
545
551
784
744
784
784
418
784
784
785
645
785
785
207
785
785
785
678
785
785
785
785
785
785
785
786
788
788
411
422
788
788
799
788
788
371
788
789
790
790
463
791
791
791
791
791
791
792
792
792
792
792
793
793
793
793
793
793
793
793
793
793
794
507
794
795
795
795
344
795
795
795
795
367
795
795
795
796
796
796
796
351
796
796
796
796
796
585
796
796
724
796
506
797
797
646
797
797
506
797
798
744
798
798
709
798
798
798
798
755
798
798
798
798
798
798
798
667
787
798
798
798
744
468
551
799
572
799
799
578
799
799
799
799
799
746
799
742
799
708
799
598
799
800
800
800
800
800
5
801
801
215
801
801
801
801
666
801
801
801
801
567
801
725
801
802
802
802
767
802
802
571
802
802
404
803
804
805
805
755
582
805
805
805
805
805
805
806
806
806
696
806
807
558
807
429
807
807
807
111
807
807
807
652
807
808
625
808
808
808
597
808
809
755
809
809
809
809
379
810
810
810
476
810
810
810
810
810
637
810
717
810
810
464
810
810
811
555
811
811
811
811
811
811
811
739
811
811
811
812
812
813
813
813
813
412
813
813
600
813
814
814
814
702
814
507
814
814
814
814
814
802
814
814
816
816
816
598
775
816
816
653
818
818
818
818
818
818
589
498
705
403
738
693
731
539
323
705
791
678
592
784
647
530
524
759
810
767
709
663
640
733
457
710
716
709
798
678
779
548
749
596
635
775
551
506
625
570
801
812
685
632
765
614
636
463
677
735
686
544
729
618
461
618
614
703
816
517
770
625
671
612
783
784
715
795
689
668
559
601
781
616
481
752
685
542
686
683
704
700
733
773
711
710
616
68
732
766
371
630
275
485
753
506
756
425
578
529
780
734
737
509
520
685
669
198
640
728
111
719
679
635
588
612
665
645
798
755
563
234
744
798
608
545
674
646
700
721
744
743
729
740
668
280
661
464
689
777
790
477
721
445
599
314
538
658
599
739
704
625
636
795
795
759
506
726
586
461
612
756
799
451
565
539
709
738
575
674
711
600
655
477
785
796
588
393
799
556
687
643
651
709
473
615
460
738
475
486
707
677
771
476
606
783
418
781
708
678
599
751
637
759
733
735
796
721
550
692
558
706
339
600
742
705
669
808
476
487
429
677
637
601
813
550
477
72
738
713
723
492
618
807
759
678
243
539
600
561
623
705
675
218
723
700
675
527
376
812
700
779
669
622
483
770
720
260
757
517
739
523
771
772
699
793
709
730
480
614
669
564
615
445
553
499
85
668
502
669
619
647
816
796
741
427
711
539
784
551
736
470
456
561
154
563
785
662
376
647
625
627
655
773
721
642
645
781
813
777
677
809
585
798
814
709
519
537
531
796
511
384
496
406
775
689
645
716
754
653
716
659
746
738
689
605
791
721
665
744
697
252
654
565
583
597
651
582
631
602
700
737
498
652
414
700
688
797
632
572
542
540
818
418
637
806
818
411
631
666
473
811
719
721
635
431
690
726
599
733
340
771
689
141
797
738
591
699
718
709
777
744
646
770
444
785
593
741
596
675
773
663
469
811
618
477
586
483
811
727
498
792
541
780
636
525
798
724
798
757
743
788
759
679
634
633
729
799
581
424
759
616
781
564
