1
18
13
0
0
0
1
1
1
1
1
1
1
1
1
1
1
1
1
1
1
1
1
2
2
2
2
2
2
2
3
3
3
3
3
3
3
3
3
3
43
3
3
3
3
3
3
3
3
3
3
4
5
5
5
5
5
5
5
5
5
5
5
5
5
5
5
6
6
7
7
7
7
7
7
7
7
7
7
7
7
7
7
7
7
7
7
7
8
8
8
8
8
8
31
8
8
8
9
9
9
9
9
9
9
10
10
10
10
10
10
10
3
11
11
11
11
11
11
11
11
11
20
11
11
31
11
11
11
11
11
12
13
13
13
13
13
13
13
13
13
5
13
13
13
13
13
13
13
14
14
14
14
14
14
14
15
15
15
15
15
15
24
15
15
15
16
16
16
16
17
17
17
17
17
17
17
17
17
17
17
18
18
18
18
18
18
18
18
18
19
19
19
19
19
19
19
19
62
7
19
19
19
19
19
19
19
19
19
19
20
20
20
20
20
20
20
20
20
21
21
21
21
21
5
21
22
22
22
22
22
22
22
22
62
22
22
22
22
22
22
22
23
23
24
24
24
24
24
24
24
25
25
25
25
25
25
25
25
25
25
25
25
25
25
25
25
25
25
25
25
25
25
25
25
25
25
25
25
40
25
25
25
54
25
26
26
26
27
27
27
27
27
27
27
27
27
27
27
27
27
27
27
27
27
28
28
28
28
28
29
29
29
29
15
29
29
19
30
31
31
31
52
31
31
31
31
31
31
31
31
31
31
31
31
31
31
31
31
32
32
33
33
33
33
33
33
33
33
33
33
33
33
33
33
33
33
33
33
31
34
34
34
34
34
34
34
34
34
34
34
34
34
34
35
35
35
35
35
35
35
35
35
35
35
35
35
35
35
36
73
36
36
7
36
36
36
36
36
36
36
36
36
36
36
37
37
38
38
38
38
38
38
81
38
16
38
38
17
38
38
34
38
38
38
38
39
39
39
39
39
39
39
39
40
40
40
40
40
41
42
42
42
43
43
43
43
20
43
43
43
43
43
43
52
43
43
43
43
43
43
43
43
44
45
45
45
45
45
45
45
45
45
45
45
45
45
45
77
45
45
45
46
46
46
46
46
46
46
47
47
47
47
47
48
48
48
48
48
48
48
48
48
49
49
50
50
50
48
50
50
50
50
51
51
51
51
51
51
51
51
52
52
52
52
52
52
52
52
52
52
89
52
52
52
52
52
52
53
53
54
54
55
55
55
55
55
55
55
55
55
55
55
56
56
56
56
56
56
77
56
56
56
56
56
56
57
57
57
58
58
58
58
58
58
58
58
58
58
58
58
58
59
59
97
59
59
59
60
60
60
60
60
60
60
60
61
61
62
62
62
62
62
62
62
62
62
56
63
63
63
63
63
67
63
63
63
63
63
63
63
63
63
64
65
65
65
65
65
65
65
65
65
65
65
65
65
65
65
65
65
65
65
66
66
66
66
66
67
67
67
67
67
67
67
67
67
68
68
68
69
69
55
69
69
69
69
69
69
69
69
69
69
69
69
69
69
70
70
70
70
70
70
70
71
71
71
71
71
71
71
71
71
72
72
72
72
72
72
72
72
72
72
72
72
72
72
72
72
72
72
72
72
72
72
72
72
72
73
73
73
73
73
73
73
73
73
73
74
74
74
87
74
84
74
74
74
74
74
75
75
75
75
75
76
76
76
76
76
76
76
76
76
76
76
77
77
77
77
77
77
78
78
78
78
79
79
79
79
79
79
79
79
79
45
79
79
79
80
81
81
81
81
81
81
81
81
81
81
81
81
91
81
81
81
81
81
81
81
81
81
81
81
81
81
81
81
81
81
82
82
82
82
82
82
82
82
82
82
82
82
82
82
82
83
83
83
83
83
83
83
83
83
83
83
83
83
83
83
83
83
83
83
83
83
83
84
84
84
84
84
84
84
84
84
84
84
84
63
85
85
85
85
85
86
87
87
87
87
87
87
87
87
87
88
88
88
88
88
88
88
88
88
88
88
88
88
88
88
89
89
89
89
89
89
89
89
89
89
89
89
89
90
91
91
92
93
93
94
95
95
95
95
95
95
113
95
95
95
95
95
96
97
97
97
97
98
97
97
97
97
97
97
84
97
97
97
97
97
97
97
72
97
98
98
98
98
98
98
98
98
99
98
98
103
76
98
98
98
98
98
98
98
98
98
98
98
98
98
98
98
98
98
98
98
99
99
99
110
99
99
99
99
99
99
99
99
99
99
99
99
99
99
99
136
100
140
100
100
100
100
100
100
100
101
102
102
102
102
102
102
102
102
102
102
102
102
102
103
103
103
103
131
103
104
104
104
104
104
104
104
105
105
105
105
105
106
106
106
155
106
106
106
106
106
106
106
106
106
106
106
106
104
106
106
106
106
106
106
106
106
106
106
106
107
108
108
108
108
108
97
108
108
108
83
108
108
109
109
109
109
110
110
110
110
110
110
110
110
110
110
110
110
110
110
110
110
115
111
111
111
112
112
112
112
88
112
112
112
112
112
112
112
112
112
112
112
112
112
112
112
112
112
112
112
112
113
113
113
113
113
113
113
113
113
113
113
113
113
113
113
113
113
113
113
113
113
113
113
113
113
113
113
113
113
113
113
114
79
115
115
115
115
115
115
115
115
115
116
116
116
116
116
116
116
116
116
116
116
116
117
117
117
117
117
117
117
117
118
119
119
123
119
119
120
120
120
121
121
121
121
121
121
121
121
121
121
122
98
123
123
123
123
123
123
123
123
124
125
125
125
125
125
125
110
125
101
125
125
125
125
125
125
125
125
125
125
125
125
125
125
125
125
126
126
126
127
127
127
127
127
127
127
127
128
129
129
129
129
98
129
129
129
129
129
129
129
129
129
129
129
129
129
129
159
129
130
131
131
136
131
131
131
131
159
131
131
131
131
131
131
131
131
131
131
131
132
132
132
167
132
133
133
133
133
133
134
135
135
135
135
135
135
135
135
135
135
135
135
135
135
135
135
135
135
135
135
135
135
135
136
136
136
136
136
136
136
136
136
136
136
136
136
136
136
136
136
136
136
137
137
137
137
137
137
137
137
137
137
137
137
137
137
137
137
137
137
137
138
139
139
140
140
140
140
140
140
140
140
140
140
159
140
140
140
140
140
140
140
140
141
141
141
141
141
141
132
141
142
142
142
142
142
142
142
142
142
142
142
142
142
142
143
143
143
143
143
143
144
144
144
144
144
144
144
145
145
146
146
146
146
146
146
146
146
146
147
147
147
147
147
147
147
147
117
147
147
147
147
147
147
147
147
108
148
149
150
150
150
150
150
150
150
150
150
150
150
150
150
150
150
151
151
151
151
151
151
151
151
151
151
151
151
151
151
151
151
151
151
126
151
151
151
151
151
151
151
151
151
151
151
151
151
151
175
151
151
151
152
152
152
152
152
152
120
152
152
152
152
152
152
152
152
152
152
152
152
152
152
152
152
152
153
153
153
153
153
154
154
154
154
154
154
154
154
154
154
154
154
154
154
154
154
154
155
154
156
155
155
155
155
155
155
155
155
152
155
155
155
156
156
156
156
156
156
156
156
156
156
156
156
156
156
156
156
192
156
156
156
157
158
197
158
158
158
158
158
158
158
158
158
159
178
159
159
159
159
159
159
159
159
159
159
159
159
159
159
159
159
159
159
159
159
159
159
159
160
160
160
160
160
160
160
160
160
160
160
135
160
160
161
162
162
162
162
163
163
163
163
163
163
163
195
163
163
198
163
163
163
163
163
163
164
164
164
164
164
164
164
164
164
165
165
165
166
166
167
168
169
169
169
169
169
169
169
169
169
169
169
184
169
169
169
170
170
170
170
170
170
170
170
171
171
171
171
171
171
171
171
171
171
171
172
203
172
172
172
172
172
172
172
172
172
172
172
172
172
172
173
173
173
173
173
173
174
174
174
174
174
174
174
174
174
174
174
174
174
175
175
175
175
175
175
175
176
176
176
176
176
176
176
176
176
176
177
178
178
178
178
178
178
178
178
178
178
178
178
178
178
178
178
178
178
156
178
178
178
178
178
179
179
179
179
179
179
179
180
176
180
180
180
180
180
180
181
181
181
181
181
181
181
181
181
181
181
181
181
181
181
181
181
181
181
181
181
182
182
182
182
182
182
211
182
182
182
182
182
182
182
183
184
184
184
184
184
184
184
184
185
185
185
185
185
156
185
185
185
185
185
186
186
186
186
186
186
186
186
186
186
186
186
187
187
187
187
163
187
187
187
188
188
188
188
188
188
188
189
190
191
192
192
192
192
192
192
192
193
193
193
193
193
194
194
194
151
194
224
194
194
195
195
195
195
195
195
195
195
195
195
195
195
195
195
195
195
195
195
195
214
195
195
196
153
196
196
196
196
196
196
196
197
197
197
197
197
197
197
197
197
197
197
197
198
198
198
198
198
198
198
198
198
198
198
198
199
235
199
199
199
199
199
199
199
199
200
200
200
200
200
200
200
200
200
200
200
200
200
200
200
201
201
201
201
201
201
201
201
202
202
202
202
202
202
202
203
203
203
203
203
203
203
203
224
203
203
203
203
203
203
236
203
203
203
203
203
203
203
201
204
204
204
204
204
204
204
204
204
204
204
204
204
204
204
204
204
205
205
205
205
205
205
205
205
205
205
205
205
205
205
205
205
205
216
206
206
206
206
206
206
206
207
207
207
207
207
207
208
208
208
208
208
208
208
208
208
209
209
209
209
209
209
209
209
209
209
209
204
209
209
210
210
210
210
210
210
210
210
210
210
210
211
180
211
211
211
211
211
211
211
212
212
212
212
212
212
212
212
212
212
212
212
212
212
212
212
210
213
213
213
213
213
213
214
214
215
214
214
214
214
214
214
214
215
215
256
215
215
215
215
215
215
215
231
215
215
215
215
215
215
215
215
215
215
215
215
215
215
244
215
215
215
215
215
215
215
215
215
216
216
216
216
216
216
216
216
217
217
217
217
241
217
217
217
217
237
217
217
217
217
217
217
217
218
219
219
219
219
219
219
219
219
219
181
219
219
219
219
220
220
220
204
220
221
221
221
221
221
221
222
222
223
223
223
223
223
223
223
223
223
224
224
224
224
224
224
224
225
225
225
225
225
225
225
225
225
225
225
225
225
225
226
227
227
228
228
228
228
228
228
229
229
229
229
229
229
229
230
231
231
212
231
231
231
231
231
232
233
233
233
233
233
234
234
234
234
234
234
234
234
235
235
235
235
235
235
235
235
235
235
235
235
235
235
235
235
235
235
235
235
235
235
235
236
236
236
236
236
236
236
236
236
236
236
236
236
236
236
236
236
236
237
203
237
237
237
237
237
237
237
237
237
237
237
237
237
238
238
238
238
238
238
238
239
239
239
239
239
239
240
240
240
240
240
240
240
240
240
241
241
241
241
241
241
241
241
242
242
242
242
242
242
242
242
242
242
243
243
243
243
243
243
243
244
244
244
244
244
244
257
244
244
244
244
244
244
244
244
244
207
244
244
244
244
244
244
254
244
244
245
245
245
286
245
245
245
245
245
245
245
245
246
247
247
247
247
247
247
248
248
248
248
248
248
248
248
248
248
248
248
248
248
248
248
248
248
248
249
249
249
249
249
249
249
249
249
249
249
249
249
249
249
249
249
249
249
249
249
249
249
249
249
249
250
250
251
251
251
251
251
279
252
252
253
254
251
254
254
254
254
254
255
255
255
255
255
256
256
256
256
256
256
256
256
256
256
256
256
256
256
256
256
256
256
256
256
256
256
256
256
256
256
256
257
257
257
257
257
257
257
257
257
257
257
257
257
257
258
258
258
259
259
240
259
259
259
259
259
259
259
259
259
259
259
275
260
260
260
260
260
260
260
261
262
262
262
262
262
262
262
262
262
262
262
262
262
262
262
262
262
262
262
262
262
262
262
262
262
262
262
263
286
263
264
229
264
264
264
264
239
264
264
264
264
265
265
265
265
265
265
265
265
265
265
265
265
265
265
265
265
265
287
265
265
265
265
266
266
266
266
266
266
267
267
267
267
267
267
268
269
269
269
269
269
269
269
270
270
270
270
270
270
270
270
270
270
270
270
271
271
272
272
272
272
272
272
272
272
272
272
272
272
272
272
272
272
273
273
273
273
273
273
273
292
273
273
273
273
273
273
273
274
274
274
274
274
274
274
274
274
274
274
274
274
274
274
274
274
275
269
275
275
275
275
275
275
256
275
275
276
276
276
276
276
276
277
277
277
277
277
277
277
278
278
278
278
279
279
279
279
279
279
279
279
279
279
279
279
280
280
280
280
280
280
280
317
280
280
280
280
265
280
281
281
281
281
257
281
281
281
281
281
281
281
281
281
281
281
281
276
281
281
281
281
281
281
281
282
282
282
282
303
282
282
282
282
282
282
272
282
282
282
283
283
283
283
284
284
284
284
284
284
284
285
285
285
286
286
286
286
286
286
286
287
287
287
287
287
287
287
287
315
287
287
287
287
287
321
287
322
287
287
287
287
287
287
287
287
287
287
287
287
287
288
288
288
288
288
288
288
288
288
288
288
287
288
288
288
288
288
288
288
288
288
288
289
289
289
289
289
289
289
290
290
290
291
292
292
292
292
292
292
292
292
293
293
293
293
293
293
293
293
294
294
294
294
294
294
294
294
294
294
294
294
294
294
294
294
294
294
294
294
294
294
295
295
296
296
296
296
297
324
298
298
298
298
298
298
298
298
298
298
285
298
321
298
299
299
299
299
299
299
299
299
315
299
299
299
300
301
301
301
301
301
301
301
301
301
301
301
302
302
302
302
302
302
302
302
302
302
302
302
302
302
302
333
304
304
304
304
304
304
304
304
304
304
305
306
307
307
307
307
307
307
307
307
307
307
307
307
307
307
308
308
308
308
308
309
309
309
310
311
311
311
269
311
311
311
311
311
311
311
311
311
311
311
311
311
311
311
311
311
311
311
312
312
312
312
312
312
312
312
313
314
314
336
314
314
314
314
314
314
314
315
315
315
315
315
315
315
315
315
315
315
315
315
315
315
316
316
316
316
316
316
316
316
316
316
294
317
317
317
317
317
317
317
317
317
317
317
317
317
317
302
317
317
317
317
318
319
319
319
319
319
329
319
319
319
319
319
319
319
319
319
319
319
319
319
319
319
319
319
319
319
319
320
320
320
320
320
320
321
321
321
321
321
321
321
321
321
321
321
321
321
321
321
321
321
321
321
321
321
321
321
321
337
322
322
322
322
322
322
322
322
319
322
322
384
322
322
322
322
322
322
352
322
322
322
322
322
322
322
322
322
323
323
323
323
323
323
323
323
323
323
323
324
324
324
324
324
324
324
324
324
324
324
324
324
325
325
325
325
325
325
325
325
326
326
326
326
326
326
326
326
326
326
327
327
327
327
327
327
327
327
327
328
328
328
328
328
328
328
328
328
328
328
328
328
328
328
328
328
329
329
329
329
329
329
329
329
330
330
330
330
330
304
330
330
330
330
330
289
330
304
363
330
330
331
331
289
331
331
331
331
331
331
332
332
332
332
332
332
332
332
332
332
332
332
333
333
333
333
301
333
333
333
333
372
333
333
333
333
333
333
333
333
334
334
334
334
334
334
334
335
336
354
336
336
336
336
336
336
336
336
336
336
336
312
336
337
337
337
337
337
379
337
337
337
316
337
337
337
337
337
337
337
333
341
337
337
337
337
337
337
337
337
337
338
338
338
338
339
340
340
340
340
340
340
340
340
340
340
340
341
341
341
341
341
342
342
343
343
343
344
344
344
344
344
344
344
344
345
345
345
345
345
345
345
345
345
346
346
346
346
346
346
346
346
346
346
346
346
346
346
346
346
346
346
346
346
346
346
347
347
347
347
347
347
347
347
347
347
348
348
348
348
349
349
349
349
349
349
349
349
349
349
349
349
349
349
350
350
350
350
350
350
350
350
350
350
350
350
350
350
350
350
350
350
350
350
350
350
350
350
350
351
351
351
351
351
351
351
352
352
352
352
352
352
353
353
353
353
353
353
353
353
353
353
353
353
353
353
353
353
353
353
353
353
353
353
353
353
353
353
354
354
354
354
354
354
354
354
355
355
355
355
355
355
355
355
355
355
355
355
355
355
355
355
356
356
356
356
356
356
357
357
357
357
357
357
357
357
357
357
357
357
358
359
360
361
361
362
362
363
371
363
363
363
363
363
363
363
363
363
363
364
365
365
365
349
365
365
366
367
367
367
367
367
367
368
369
369
369
370
370
370
370
370
370
370
370
370
370
370
370
370
372
372
372
372
372
372
372
372
379
372
372
372
372
372
372
372
372
372
372
372
372
372
372
372
372
373
373
373
374
374
374
374
374
374
374
374
375
375
375
375
375
375
375
375
375
375
375
375
375
375
375
376
376
376
376
376
341
376
376
376
376
376
376
376
376
376
376
376
376
376
377
377
377
377
377
377
377
377
377
378
378
378
378
378
378
378
378
379
379
379
379
361
379
379
363
379
379
379
379
379
379
379
379
379
379
379
379
379
379
379
379
379
379
379
379
379
346
379
379
380
380
337
380
380
381
381
381
381
381
345
381
381
381
381
381
381
381
381
381
381
381
381
410
381
382
382
382
382
383
389
383
383
383
383
383
384
414
384
384
384
384
384
384
384
384
384
384
384
342
385
357
385
385
385
385
414
386
387
387
387
387
387
387
388
388
388
388
388
388
388
388
388
388
388
389
389
389
389
389
389
389
389
389
389
390
390
390
390
390
391
391
391
391
391
391
391
392
393
393
393
393
393
393
393
394
395
395
395
395
395
395
395
395
395
417
395
395
395
395
395
395
395
395
395
395
396
396
350
396
396
396
396
396
396
396
396
396
396
396
396
396
396
396
397
397
397
397
398
398
398
398
398
398
398
398
398
399
400
400
400
400
400
400
400
400
400
400
401
401
401
402
402
402
402
403
403
403
403
403
403
403
403
403
403
404
404
404
423
404
404
404
404
411
404
404
404
404
404
404
404
404
404
404
404
404
404
404
404
404
404
404
404
404
404
404
404
405
405
405
405
405
405
405
405
406
406
406
406
406
406
406
406
406
407
403
407
407
407
407
407
407
407
407
407
407
423
407
407
407
408
408
408
408
408
408
408
408
408
408
408
408
408
408
408
408
408
408
408
408
408
408
409
409
409
409
409
410
410
410
410
410
410
410
410
411
384
411
411
411
411
411
411
411
411
411
411
411
411
411
411
411
411
411
412
412
412
412
412
412
412
412
429
412
412
412
412
412
412
413
413
413
413
413
414
412
414
414
414
414
414
414
414
414
414
414
414
414
414
414
414
414
415
415
415
415
415
415
415
415
415
415
416
416
416
416
416
417
417
417
417
418
418
418
418
418
418
418
418
445
418
418
418
418
418
418
418
418
418
418
419
419
419
419
419
419
419
419
420
379
420
421
429
421
421
421
421
421
421
421
421
421
421
421
421
421
421
421
421
421
421
421
398
421
422
422
422
422
423
423
423
423
423
423
423
423
423
423
423
423
423
423
423
423
423
423
423
423
445
423
423
423
456
423
423
424
425
425
425
425
425
415
425
425
425
425
418
425
425
426
426
426
448
426
426
426
426
426
427
427
427
427
427
427
423
427
427
427
427
427
427
427
427
447
427
427
427
416
427
427
427
427
428
428
428
428
428
428
429
429
429
429
429
429
430
430
430
430
430
430
430
430
430
430
430
430
430
430
431
432
432
432
432
432
432
432
432
433
433
433
433
433
433
433
433
433
434
434
434
434
434
434
434
434
435
435
435
435
435
435
435
435
435
435
435
435
436
436
436
436
436
436
436
436
436
437
437
437
437
437
437
437
437
471
438
438
438
438
438
438
438
460
438
438
438
438
439
439
439
440
440
440
440
440
440
440
440
440
440
440
440
440
440
440
409
440
440
440
440
440
441
442
442
442
442
442
442
442
442
442
442
443
443
443
443
443
443
443
444
445
445
448
445
445
445
445
445
445
445
445
445
478
445
445
445
445
445
445
445
445
445
445
445
445
445
445
446
446
446
446
447
447
447
447
447
447
447
447
447
447
447
447
479
447
447
447
447
490
447
447
447
447
447
447
447
447
448
448
448
448
448
448
448
448
448
448
448
448
448
448
449
449
449
449
449
449
449
449
449
450
450
450
450
450
450
450
450
450
430
450
450
450
450
450
476
450
450
450
450
450
450
450
451
451
451
414
451
452
452
452
452
452
452
453
453
453
453
440
453
453
453
453
453
453
453
453
490
453
453
453
453
453
453
453
454
455
455
455
455
456
456
456
456
456
456
456
456
456
456
456
456
456
456
456
456
456
457
457
457
457
457
457
457
457
457
458
458
458
458
458
458
468
458
458
458
458
458
444
458
458
458
458
459
460
460
460
460
460
460
460
460
460
460
460
460
461
461
461
461
461
461
461
461
461
461
461
448
461
461
461
462
462
462
462
462
462
462
462
463
463
463
463
463
478
463
463
463
447
463
463
463
463
463
463
464
464
464
464
464
464
464
464
465
465
465
465
465
465
465
465
457
465
465
465
466
467
467
467
467
467
467
467
467
468
469
469
469
469
469
469
469
469
469
469
469
469
469
469
469
469
469
469
469
470
470
472
472
472
472
472
472
473
499
473
473
473
473
473
473
473
473
473
473
473
473
473
473
473
473
473
473
473
473
473
473
473
473
474
474
474
474
474
474
474
474
474
474
474
474
475
475
475
475
475
475
475
475
439
475
475
475
475
476
476
476
476
476
476
476
477
477
477
477
477
477
477
477
477
477
477
477
477
477
477
478
491
478
478
478
478
478
478
478
478
480
480
480
480
480
480
480
450
480
465
481
482
482
482
483
484
484
484
485
485
485
485
485
478
486
486
486
486
486
486
523
486
487
487
487
487
487
487
487
487
488
488
488
488
475
488
488
488
488
488
488
488
488
488
488
489
489
490
455
490
490
490
490
487
496
490
490
490
456
490
490
491
491
491
491
491
491
491
491
491
491
491
491
491
491
491
491
491
491
491
491
492
492
492
492
492
492
492
492
473
492
492
493
493
493
493
493
493
493
493
493
493
493
493
493
517
493
493
494
494
494
494
494
495
495
495
495
495
495
495
495
495
495
495
495
496
496
496
496
496
496
496
496
496
496
496
497
497
497
497
497
497
497
497
497
497
497
497
497
524
498
500
500
527
502
500
501
501
501
501
472
501
501
501
501
501
501
501
501
501
501
501
501
501
502
502
502
503
510
503
503
503
503
503
503
526
503
503
503
494
503
503
503
503
504
504
504
504
504
504
504
504
504
505
505
505
505
505
505
505
506
506
506
507
508
508
508
508
508
508
508
508
508
508
508
508
509
509
509
509
509
509
510
510
510
510
510
510
510
510
510
510
510
467
510
510
510
510
495
510
511
511
545
511
511
511
511
512
512
512
523
512
552
512
512
512
512
513
513
513
513
513
513
513
513
513
513
513
513
475
513
513
513
513
513
514
514
514
514
514
515
515
515
516
516
516
516
516
516
516
516
516
516
516
495
516
516
516
516
549
516
516
516
516
517
517
517
517
517
517
517
517
517
510
517
517
517
517
553
517
517
517
517
517
517
518
518
518
518
518
518
518
557
518
518
518
518
518
518
519
519
519
519
519
519
519
519
547
520
520
520
520
520
521
521
521
521
521
521
521
522
523
523
523
523
523
523
523
523
523
523
523
523
523
523
523
523
523
523
523
524
524
524
524
524
524
524
524
524
524
525
525
525
525
526
526
526
526
527
527
527
527
527
527
527
527
527
527
527
527
527
527
527
527
527
527
528
528
528
528
528
528
528
529
530
530
530
530
531
532
532
532
532
532
532
532
532
532
533
534
535
536
536
536
536
536
536
536
536
536
537
537
537
538
538
538
538
538
538
538
538
521
538
538
538
538
538
538
538
539
539
539
539
539
539
539
539
539
540
540
540
540
540
540
541
541
541
541
541
508
541
530
508
542
542
542
542
542
542
542
542
542
543
543
543
543
543
543
543
543
543
543
543
543
543
544
544
544
544
544
544
532
558
544
503
544
544
539
544
544
544
544
544
545
545
545
545
545
545
545
545
545
545
545
545
546
546
546
546
521
546
546
546
546
546
546
546
547
547
547
547
547
547
547
547
547
547
547
547
547
547
584
547
547
547
547
547
547
547
547
566
547
547
547
547
547
548
548
548
510
548
549
549
549
549
549
549
549
549
549
549
549
549
549
549
549
549
549
549
549
549
549
549
549
550
550
550
550
550
550
550
550
552
550
550
550
551
551
551
551
551
551
551
551
551
552
552
552
552
552
552
552
552
552
552
552
552
552
552
552
552
552
552
553
553
553
553
553
553
553
553
553
553
553
553
554
554
513
554
554
555
555
555
555
555
555
555
555
555
555
599
555
555
555
555
556
556
556
556
548
528
556
556
556
556
556
556
556
556
556
556
556
556
556
556
556
556
556
557
557
557
574
557
557
557
557
557
557
557
557
557
557
557
558
559
559
559
559
559
559
559
559
559
559
559
559
559
559
560
560
560
560
560
560
560
561
561
561
561
561
561
561
561
561
561
561
561
561
524
561
561
561
561
562
562
563
564
565
565
565
565
565
565
565
565
565
565
559
565
565
565
565
565
565
565
565
565
566
566
566
566
566
566
567
568
568
568
568
568
570
571
571
571
571
528
571
571
571
571
571
572
572
572
572
572
572
572
572
572
572
572
572
573
574
574
574
574
574
594
574
574
574
574
574
574
547
575
559
575
575
575
575
575
575
575
575
576
576
576
576
576
576
557
577
578
579
579
579
579
579
579
579
579
580
580
580
580
580
580
581
581
581
581
581
581
581
581
581
581
608
581
581
581
581
581
581
581
582
591
582
582
583
583
583
583
583
583
583
583
583
584
584
584
584
584
584
584
584
585
585
585
585
585
585
586
586
586
586
586
586
586
586
586
586
586
586
586
586
586
586
587
587
544
587
587
588
588
588
588
588
588
588
588
589
589
589
589
589
589
589
589
589
589
589
589
589
590
590
590
590
590
590
590
590
590
590
590
590
590
590
590
590
590
590
590
591
591
591
591
591
591
591
591
591
591
591
591
591
591
591
591
591
591
591
591
592
592
592
592
622
592
592
592
592
593
593
593
593
565
594
594
594
594
594
594
594
594
594
594
620
595
595
595
595
595
596
596
599
597
597
597
597
598
598
598
566
598
598
598
598
598
598
598
598
600
598
599
599
599
599
599
599
599
599
599
599
599
599
599
599
599
599
599
599
599
599
599
599
599
599
600
600
594
600
600
600
600
600
600
600
600
600
600
600
601
601
601
602
602
602
602
602
602
603
603
603
603
603
603
604
604
604
604
604
604
604
604
604
604
604
604
604
604
605
605
605
605
605
605
605
605
605
605
605
650
605
605
605
606
607
608
608
608
608
608
608
608
608
608
608
608
651
608
579
608
609
609
593
576
609
609
609
609
609
609
609
609
609
610
610
610
610
610
610
610
605
610
610
610
610
610
611
612
612
612
612
613
613
613
614
614
614
614
614
614
614
614
614
614
614
649
615
616
617
624
618
618
618
618
618
618
618
618
618
569
618
618
618
618
618
618
618
618
618
618
618
619
619
619
619
619
619
619
619
619
619
619
619
619
619
619
619
619
619
619
619
619
619
619
619
619
620
620
620
620
620
620
620
620
620
620
620
621
621
621
621
576
621
621
621
621
621
621
622
622
622
622
622
622
622
644
622
622
622
622
622
622
622
622
622
623
623
623
623
623
623
623
623
623
623
623
623
624
624
624
624
624
624
624
624
624
624
624
624
624
624
624
625
625
625
625
625
626
626
626
626
626
626
626
626
626
626
626
626
626
626
626
670
627
627
627
628
628
629
630
630
630
630
630
630
631
632
599
632
632
632
632
632
632
633
633
633
633
633
633
633
633
633
634
634
634
634
634
634
634
634
634
634
634
634
634
634
634
634
634
634
635
635
635
635
635
635
635
635
635
635
635
635
635
635
635
635
637
635
635
635
636
636
636
636
636
636
636
637
637
637
637
637
637
637
638
639
639
639
639
639
639
639
639
639
639
639
639
639
639
639
639
639
639
639
639
640
640
640
640
641
641
641
641
641
641
641
641
641
641
641
641
641
641
642
642
609
642
642
642
642
642
642
642
643
643
643
643
643
643
643
644
644
644
644
644
644
644
644
645
646
646
646
647
647
647
647
647
647
647
670
647
648
648
649
649
649
650
650
650
650
650
650
634
639
650
650
650
650
650
650
650
650
650
650
650
650
650
650
650
650
650
650
650
650
650
650
650
651
651
651
651
651
651
651
651
651
651
651
651
651
651
651
652
652
652
652
652
652
653
653
653
653
653
653
653
653
653
653
632
653
653
654
654
655
655
655
655
655
655
655
655
655
655
655
655
655
655
655
655
655
655
655
655
656
657
657
657
657
657
657
658
658
658
658
658
658
658
658
658
658
658
658
658
658
658
658
659
659
659
659
659
659
659
659
659
659
659
659
659
659
672
659
660
660
660
660
660
660
660
661
661
661
653
661
661
661
662
662
662
662
662
662
662
662
662
662
662
662
662
662
662
662
662
662
663
663
663
700
663
663
663
663
664
665
665
665
665
665
665
665
665
665
665
665
665
665
666
666
666
666
666
666
666
666
667
667
667
667
667
667
647
667
667
667
667
667
668
699
668
668
668
669
669
669
669
669
669
669
669
669
669
670
670
670
670
670
670
670
670
670
670
670
670
670
670
671
671
671
671
671
671
671
672
672
672
672
672
672
672
672
672
672
672
685
672
672
653
672
672
672
672
672
672
673
673
673
673
673
673
673
674
681
674
674
674
674
674
674
674
674
674
675
675
675
675
675
675
676
676
651
676
676
676
676
677
677
677
677
677
677
677
677
677
677
678
678
678
678
678
678
678
678
678
678
678
678
678
678
679
680
680
680
680
680
680
680
680
680
680
681
681
681
681
681
681
681
681
681
711
681
682
682
682
682
682
682
682
682
682
682
682
682
682
692
682
682
682
682
683
683
683
683
683
683
683
683
683
683
683
683
683
684
684
684
684
684
684
684
684
684
685
685
685
685
686
686
686
686
686
686
686
686
686
686
686
686
687
687
687
688
688
688
688
688
688
688
688
688
688
688
688
688
688
689
689
689
689
689
689
689
689
690
690
690
690
690
690
690
690
690
690
690
690
690
690
690
690
690
691
692
691
691
691
691
691
691
691
691
691
691
691
691
691
692
662
692
692
692
692
692
692
692
692
692
692
692
692
692
692
692
692
692
693
693
693
693
694
694
694
694
694
694
694
694
694
695
695
695
695
695
695
696
696
696
696
696
696
696
696
696
696
696
696
697
697
697
697
697
697
698
698
698
698
698
665
698
699
699
699
699
699
699
699
699
699
698
699
699
699
699
699
700
700
700
700
700
700
700
700
700
701
701
701
701
701
701
701
701
701
701
701
701
701
701
701
701
701
701
701
701
701
701
701
701
701
701
702
703
703
703
687
735
703
703
703
703
703
703
703
703
703
703
703
704
704
704
704
704
704
704
704
704
704
704
704
705
705
705
705
705
705
705
705
705
705
705
705
705
705
705
705
705
725
705
705
705
706
706
706
706
706
706
706
706
706
706
706
706
706
706
706
707
707
707
707
707
688
707
707
707
686
707
707
707
707
707
708
708
708
708
708
708
708
708
708
708
708
708
708
708
708
708
708
708
708
708
708
708
708
708
708
709
709
709
709
709
709
709
709
709
709
709
709
709
709
709
709
709
709
709
709
710
710
710
710
710
710
710
710
710
710
710
710
710
710
732
711
711
685
711
711
711
711
711
711
727
711
698
712
713
713
728
713
713
701
713
713
713
714
714
714
714
714
714
714
714
714
714
714
714
714
715
715
715
715
715
715
715
715
715
715
725
715
715
715
715
715
716
716
716
716
716
716
716
716
745
746
717
717
717
717
717
717
717
717
717
718
719
719
719
719
719
719
719
719
719
741
719
719
719
719
719
719
719
710
719
719
719
720
720
720
720
720
720
720
720
720
720
720
721
722
722
722
722
722
722
722
722
722
722
722
722
722
722
707
722
722
722
722
722
722
722
722
715
741
722
722
722
722
708
749
722
722
722
722
722
722
722
722
722
722
722
745
723
723
723
723
723
723
723
723
723
723
723
723
723
724
724
724
724
724
724
724
724
724
724
725
725
725
725
725
725
725
725
725
726
726
726
726
726
726
727
727
727
727
727
728
728
728
728
728
719
711
728
728
728
728
728
728
728
728
728
728
729
749
729
729
729
729
729
729
729
729
729
729
729
729
729
729
729
729
729
730
730
741
730
759
730
730
730
730
730
730
731
731
731
731
731
731
731
731
731
731
731
731
731
731
731
731
731
731
732
748
732
732
732
732
733
733
733
733
733
733
733
733
733
733
733
733
733
734
735
735
735
735
735
735
735
735
735
735
735
735
735
735
735
735
735
735
735
735
735
735
735
735
735
735
735
735
740
735
735
736
737
737
737
737
737
737
737
737
737
737
737
737
737
738
738
738
738
738
738
738
738
738
738
738
738
738
738
738
738
738
738
711
738
738
738
738
738
738
739
739
739
739
739
739
739
728
739
739
739
740
740
740
740
740
740
731
740
738
740
740
740
740
740
740
740
740
740
740
740
741
741
741
741
741
741
741
741
753
741
741
742
742
742
742
742
742
714
742
742
742
742
742
742
742
742
742
742
743
743
743
743
743
744
744
744
744
722
744
744
740
744
745
745
745
745
745
745
745
745
745
745
745
745
745
745
746
746
746
746
746
746
746
746
746
746
746
746
746
747
747
747
747
747
747
747
720
747
747
748
748
748
748
748
748
748
748
748
748
748
748
748
748
748
741
749
749
749
749
749
749
749
749
749
749
749
749
749
749
749
749
769
749
722
749
749
749
749
749
749
749
749
749
749
749
750
750
750
750
750
751
751
751
751
751
751
751
751
751
751
752
752
762
752
752
752
752
752
752
752
752
752
752
752
752
754
752
752
752
752
752
752
753
753
753
753
753
753
753
753
753
753
753
755
755
755
755
755
755
755
755
755
755
756
756
756
755
756
756
756
756
748
756
756
756
756
756
756
756
756
757
757
757
757
757
757
767
738
771
763
757
757
757
757
757
757
757
757
757
757
757
757
757
757
757
757
757
758
758
758
758
759
759
759
759
759
759
759
759
759
759
759
759
759
759
759
759
760
760
760
760
760
760
760
760
760
761
761
761
761
761
761
761
761
761
761
761
752
761
761
762
762
762
762
762
762
762
763
763
763
763
763
763
763
763
763
763
764
764
764
764
764
764
764
765
765
765
765
765
765
765
765
765
765
766
766
766
766
766
766
767
767
767
767
767
767
768
768
768
768
768
768
746
768
769
769
769
789
769
769
769
769
769
769
769
770
770
770
770
770
770
770
770
770
770
770
770
770
770
770
770
770
770
771
771
771
771
771
771
771
771
771
771
771
771
804
771
771
771
771
771
771
772
772
773
773
773
773
773
773
773
789
773
773
774
774
774
774
774
774
774
774
774
774
762
774
774
774
774
774
774
774
774
774
775
775
775
775
775
775
775
783
775
775
775
775
775
775
775
748
775
775
775
775
776
776
776
776
776
776
776
776
776
776
776
776
776
776
776
776
776
777
777
777
777
777
767
777
777
777
755
778
779
779
779
779
779
779
779
779
779
779
780
780
780
780
780
780
780
780
780
780
780
780
780
781
781
790
781
781
781
781
781
781
781
782
782
782
782
782
782
782
782
787
782
782
766
782
783
783
783
783
783
783
783
783
783
783
783
784
784
784
784
784
784
784
784
785
785
785
785
785
785
785
786
786
786
786
787
787
787
787
787
787
787
787
787
787
787
787
787
787
788
788
788
788
788
800
788
788
788
788
788
788
788
788
788
789
789
789
789
789
789
789
789
789
789
789
789
789
789
789
771
789
789
789
789
790
790
790
790
790
790
790
790
790
790
790
790
789
790
790
793
790
790
790
791
791
791
791
791
791
791
791
791
791
791
791
791
791
791
791
792
792
792
792
792
793
793
793
793
793
779
793
793
793
793
793
793
794
794
794
794
794
794
795
795
795
795
795
795
795
795
795
795
795
796
796
796
796
796
796
797
797
797
797
797
774
798
798
798
798
798
798
798
799
799
799
800
800
800
800
800
800
800
801
802
802
802
802
802
802
802
802
802
802
802
802
802
803
803
803
803
803
803
804
804
804
804
804
804
804
804
804
804
804
804
805
805
792
805
805
805
805
806
806
806
806
806
806
806
806
806
806
806
807
807
807
807
807
807
807
807
807
807
807
807
808
808
808
808
808
808
808
808
808
808
808
808
808
809
809
809
809
809
809
809
809
809
810
810
810
783
810
810
810
810
810
810
810
811
811
812
812
812
812
812
812
812
812
812
812
812
812
812
812
812
813
813
813
813
813
813
813
813
813
813
813
813
813
813
813
814
814
814
814
815
815
816
816
816
817
817
817
817
817
817
818
818
818
818
783
803
812
802
818
