0,0,0
1,34,1
4,59,2
4,39,3
4,27,4
4,3,5
4,3,6
4,27,7
4,111,8
4,15,9
4,3,10
4,47,11
4,131,12
4,23,13
4,35,14
4,71,15
4,51,16
4,67,17
4,15,18
4,3,19
4,55,20
4,71,21
4,27,22
4,47,23
4,79,24
4,31,25
4,3,26
4,103,27
4,19,28
4,51,29
4,79,30
4,27,31
4,59,32
4,35,33
4,31,34
4,43,35
4,3,36
4,27,37
4,87,38
4,51,39
4,47,40
4,27,41
4,15,42
4,27,43
4,27,44
4,35,45
4,39,46
4,99,47
4,87,48
4,35,49
4,47,50
4,67,51
4,15,52
4,27,53
4,27,54
4,11,55
4,31,56
4,7,57
4,3,58
4,83,59
4,3,60
4,35,61
4,11,62
4,19,63
4,39,64
4,3,65
4,3,66
4,11,67
4,11,68
4,91,69
4,3,70
4,43,71
4,55,72
4,91,73
4,51,74
4,27,75
4,23,76
4,23,77
4,27,78
4,31,79
4,27,80
4,15,81
4,35,82
4,51,83
4,3,84
4,47,85
4,99,86
4,103,87
4,19,88
4,35,89
4,91,90
4,43,91
4,63,92
4,35,93
4,27,94
4,39,95
4,3,96
4,35,97
4,55,98
4,31,99
4,51,100
4,3,101
4,23,102
4,11,103
4,19,104
4,55,105
4,39,106
4,63,107
4,67,108
4,91,109
4,43,110
4,3,111
4,15,112
4,23,113
4,19,114
4,31,115
4,111,116
4,31,117
4,63,118
4,67,119
4,35,120
4,43,121
4,31,122
4,15,123
4,79,124
4,67,125
4,15,126
4,39,127
4,47,128
4,75,129
4,31,130
4,59,131
4,51,132
4,31,133
4,3,134
4,15,135
4,35,136
4,3,137
4,107,138
4,31,139
4,79,140
4,15,141
4,83,142
4,27,143
4,35,144
4,75,145
4,15,146
4,35,147
4,3,148
4,3,149
4,7,150
4,43,151
4,99,152
4,39,153
4,35,154
4,59,155
4,51,156
4,59,157
4,11,158
4,51,159
4,35,160
4,107,161
4,35,162
4,11,163
4,23,164
4,47,165
4,27,166
4,27,167
4,87,168
4,19,169
4,55,170
4,63,171
4,11,172
4,11,173
4,23,174
4,75,175
4,3,176
4,63,177
4,47,178
4,15,179
4,35,180
4,71,181
4,19,182
4,31,183
4,47,184
4,103,185
4,31,186
4,67,187
4,39,188
4,99,189
4,27,190
4,3,191
4,31,192
4,31,193
4,19,194
4,3,195
4,103,196
4,51,197
4,83,198
4,115,199
4,3,200
4,47,201
4,43,202
4,3,203
4,47,204
4,91,205
4,3,206
4,35,207
4,83,208
4,19,209
4,31,210
4,11,211
4,63,212
4,63,213
4,75,214
4,31,215
4,19,216
4,27,217
4,75,218
4,35,219
4,31,220
4,27,221
4,3,222
4,63,223
4,3,224
4,75,225
4,47,226
4,51,227
4,107,228
4,59,229
4,23,230
4,3,231
4,55,232
4,71,233
4,47,234
4,23,235
4,63,236
4,3,237
4,71,238
4,3,239
4,31,240
4,67,241
4,27,242
4,3,243
4,39,244
4,7,245
4,31,246
4,3,247
4,31,248
4,15,249
4,15,250
4,127,251
4,91,252
4,79,253
4,27,254
4,31,255
4,30,1
10631,20,1
4,55,2
4,91,3
4,131,4
4,47,5
4,3,6
4,23,7
4,27,8
4,87,9
4,7,10
4,63,11
4,11,12
4,67,13
4,3,14
4,15,15
4,23,16
4,23,17
4,55,18
4,31,19
4,55,20
4,23,21
4,35,22
4,59,23
4,51,24
4,143,25
4,47,26
4,15,27
4,43,28
4,39,29
4,23,30
4,27,31
4,75,32
4,35,33
4,43,34
4,15,35
4,51,36
4,63,37
4,43,38
4,59,39
4,15,40
4,127,41
4,43,42
4,59,43
4,3,44
4,75,45
4,75,46
4,83,47
4,7,48
4,3,49
4,39,50
4,19,51
4,31,52
4,23,53
4,19,54
4,91,55
4,3,56
4,91,57
4,7,58
4,59,59
4,83,60
4,7,61
4,7,62
4,39,63
4,3,64
4,59,65
4,3,66
4,59,67
4,35,68
4,19,69
4,79,70
4,7,71
4,31,72
4,51,73
4,35,74
4,71,75
4,31,76
4,27,77
4,15,78
4,31,79
4,71,80
4,55,81
4,47,82
4,3,83
4,79,84
4,59,85
4,51,86
4,27,87
4,51,88
4,3,89
4,67,90
4,67,91
4,35,92
4,51,93
4,67,94
4,47,95
4,3,96
4,43,97
4,43,98
4,63,99
4,3,100
4,3,101
4,51,102
4,59,103
4,31,104
4,27,105
4,47,106
4,43,107
4,35,108
4,67,109
4,63,110
4,43,111
4,91,112
4,95,113
4,51,114
4,35,115
4,31,116
4,7,117
4,23,118
4,47,119
4,27,120
4,23,121
4,95,122
4,23,123
4,23,124
4,63,125
4,15,126
4,3,127
4,43,128
4,59,129
4,3,130
4,3,131
4,51,132
4,35,133
4,35,134
4,31,135
4,51,136
4,79,137
4,103,138
4,35,139
4,35,140
4,3,141
4,31,142
4,7,143
4,3,144
4,7,145
4,35,146
4,87,147
4,31,148
4,27,149
4,35,150
4,27,151
4,31,152
4,91,153
4,43,154
4,19,155
4,79,156
4,43,157
4,51,158
4,3,159
4,15,160
4,103,161
4,39,162
4,55,163
4,35,164
4,3,165
4,99,166
4,3,167
4,47,168
4,51,169
4,55,170
4,31,171
4,31,172
4,47,173
4,23,174
4,27,175
4,3,176
4,35,177
4,47,178
4,35,179
4,47,180
4,35,181
4,91,182
4,31,183
4,7,184
4,95,185
4,35,186
4,131,187
4,63,188
4,95,189
4,127,190
4,47,191
4,27,192
4,47,193
4,43,194
4,15,195
4,83,196
4,55,197
4,35,198
4,51,199
4,43,200
4,31,201
4,23,202
4,3,203
4,23,204
4,39,205
4,23,206
4,27,207
4,3,208
4,91,209
4,63,210
4,47,211
4,27,212
4,31,213
4,7,214
4,59,215
4,3,216
4,39,217
4,51,218
4,3,219
4,103,220
4,67,221
4,47,222
4,55,223
4,51,224
4,43,225
4,63,226
4,27,227
4,75,228
4,23,229
4,35,230
4,11,231
4,67,232
4,43,233
4,71,234
4,3,235
4,27,236
4,127,237
4,39,238
4,47,239
4,87,240
4,31,241
4,71,242
4,3,243
4,7,244
4,67,245
4,15,246
4,35,247
4,59,248
4,27,249
4,31,250
4,19,251
4,59,252
4,27,253
4,3,254
4,23,255
4,30,2
21611,24,1
4,3,2
4,59,3
4,19,4
4,91,5
4,3,6
4,87,7
4,3,8
4,75,9
4,47,10
4,47,11
4,39,12
4,27,13
4,3,14
4,51,15
4,23,16
4,103,17
4,39,18
4,27,19
4,91,20
4,15,21
4,55,22
4,3,23
4,91,24
4,59,25
4,63,26
4,23,27
4,3,28
4,27,29
4,3,30
4,39,31
4,31,32
4,7,33
4,31,34
4,59,35
4,51,36
4,3,37
4,71,38
4,39,39
4,35,40
4,15,41
4,3,42
4,47,43
4,31,44
4,75,45
4,91,46
4,119,47
4,47,48
4,55,49
4,3,50
4,39,51
4,99,52
4,71,53
4,67,54
4,35,55
4,59,56
4,51,57
4,7,58
4,55,59
4,39,60
4,91,61
4,59,62
4,63,63
4,47,64
4,27,65
4,51,66
4,3,67
4,39,68
4,47,69
4,115,70
4,23,71
4,51,72
4,15,73
4,31,74
4,11,75
4,15,76
4,35,77
4,7,78
4,11,79
4,59,80
4,3,81
4,19,82
4,35,83
4,51,84
4,7,85
4,83,86
4,67,87
4,59,88
4,23,89
4,87,90
4,3,91
4,31,92
4,35,93
4,3,94
4,63,95
4,47,96
4,83,97
4,39,98
4,11,99
4,3,100
4,67,101
4,35,102
4,3,103
4,19,104
4,3,105
4,79,106
4,75,107
4,67,108
4,43,109
4,39,110
4,115,111
4,59,112
4,95,113
4,19,114
4,103,115
4,11,116
4,3,117
4,3,118
4,71,119
4,47,120
4,19,121
4,11,122
4,27,123
4,43,124
4,3,125
4,31,126
4,7,127
4,107,128
4,7,129
4,59,130
4,63,131
4,91,132
4,47,133
4,11,134
4,55,135
4,79,136
4,11,137
4,43,138
4,51,139
4,15,140
4,51,141
4,47,142
4,23,143
4,3,144
4,63,145
4,23,146
4,67,147
4,31,148
4,35,149
4,47,150
4,103,151
4,47,152
4,19,153
4,3,154
4,55,155
4,39,156
4,31,157
4,3,158
4,55,159
4,11,160
4,91,161
4,35,162
4,47,163
4,63,164
4,71,165
4,3,166
4,3,167
4,47,168
4,67,169
4,15,170
4,83,171
4,35,172
4,39,173
4,103,174
4,3,175
4,55,176
4,27,177
4,27,178
4,39,179
4,43,180
4,23,181
4,31,182
4,3,183
4,63,184
4,115,185
4,35,186
4,7,187
4,151,188
4,63,189
4,7,190
4,47,191
4,3,192
4,71,193
4,35,194
4,87,195
4,23,196
4,39,197
4,71,198
4,95,199
4,3,200
4,11,201
4,67,202
4,111,203
4,35,204
4,43,205
4,39,206
4,43,207
4,43,208
4,27,209
4,43,210
4,3,211
4,27,212
4,47,213
4,35,214
4,11,215
4,3,216
4,3,217
4,31,218
4,99,219
4,15,220
4,55,221
4,35,222
4,23,223
4,27,224
4,67,225
4,11,226
4,3,227
4,91,228
4,3,229
4,11,230
4,31,231
4,7,232
4,79,233
4,71,234
4,67,235
4,11,236
4,43,237
4,47,238
4,39,239
4,47,240
4,87,241
4,127,242
4,15,243
4,75,244
4,15,245
4,11,246
4,47,247
4,3,248
4,75,249
4,27,250
4,3,251
4,35,252
4,19,253
4,3,254
4,39,255
4,42,3
32435,4,1
4,75,2
4,47,3
4,31,4
4,3,5
4,27,6
4,7,7
4,31,8
4,67,9
4,87,10
4,31,11
4,3,12
4,11,13
4,27,14
4,99,15
4,27,16
4,23,17
4,11,18
4,51,19
4,3,20
4,11,21
4,43,22
4,35,23
4,63,24
4,39,25
4,3,26
4,87,27
4,11,28
4,59,29
4,31,30
4,23,31
4,19,32
4,31,33
4,75,34
4,3,35
4,19,36
4,23,37
4,39,38
4,51,39
4,59,40
4,23,41
4,7,42
4,71,43
4,55,44
4,31,45
4,11,46
4,55,47
4,3,48
4,63,49
4,71,50
4,3,51
4,43,52
4,27,53
4,67,54
4,31,55
4,59,56
4,35,57
4,19,58
4,63,59
4,27,60
4,43,61
4,11,62
4,3,63
4,31,64
4,39,65
4,67,66
4,63,67
4,7,68
4,11,69
4,27,70
4,7,71
4,91,72
4,35,73
4,55,74
4,35,75
4,19,76
4,59,77
4,35,78
4,3,79
4,31,80
4,3,81
4,27,82
4,35,83
4,3,84
4,27,85
4,15,86
4,55,87
4,35,88
4,39,89
4,3,90
4,19,91
4,99,92
4,27,93
4,51,94
4,75,95
4,91,96
4,15,97
4,3,98
4,51,99
4,15,100
4,59,101
4,3,102
4,23,103
4,27,104
4,43,105
4,87,106
4,67,107
4,3,108
4,7,109
4,75,110
4,11,111
4,35,112
4,87,113
4,31,114
4,91,115
4,19,116
4,43,117
4,59,118
4,51,119
4,7,120
4,107,121
4,111,122
4,51,123
4,3,124
4,19,125
4,31,126
4,3,127
4,95,128
4,15,129
4,3,130
4,19,131
4,15,132
4,35,133
4,35,134
4,11,135
4,23,136
4,19,137
4,27,138
4,63,139
4,27,140
4,47,141
4,31,142
4,27,143
4,87,144
4,3,145
4,119,146
4,3,147
4,55,148
4,3,149
4,31,150
4,79,151
4,39,152
4,67,153
4,15,154
4,19,155
4,23,156
4,11,157
4,55,158
4,3,159
4,11,160
4,31,161
4,15,162
4,31,163
4,19,164
4,3,165
4,71,166
4,43,167
4,19,168
4,3,169
4,67,170
4,7,171
4,55,172
4,3,173
4,39,174
4,99,175
4,79,176
4,51,177
4,63,178
4,43,179
4,35,180
4,75,181
4,15,182
4,35,183
4,31,184
4,75,185
4,3,186
4,3,187
4,71,188
4,51,189
4,3,190
4,87,191
4,3,192
4,51,193
4,31,194
4,51,195
4,43,196
4,3,197
4,55,198
4,43,199
4,19,200
4,19,201
4,39,202
4,15,203
4,3,204
4,63,205
4,71,206
4,27,207
4,15,208
4,23,209
4,87,210
4,51,211
4,111,212
4,39,213
4,15,214
4,67,215
4,43,216
4,19,217
4,35,218
4,55,219
4,35,220
4,3,221
4,131,222
4,31,223
4,3,224
4,59,225
4,35,226
4,23,227
4,35,228
4,55,229
4,7,230
4,75,231
4,39,232
4,11,233
4,71,234
4,31,235
4,91,236
4,51,237
4,7,238
4,91,239
4,31,240
4,11,241
4,55,242
4,51,243
4,39,244
4,79,245
4,47,246
4,47,247
4,19,248
4,11,249
4,3,250
4,11,251
4,3,252
4,35,253
4,7,254
4,23,255
4,14,4
42159,7,4
4,8,1
4,59,2
4,47,3
4,19,4
4,7,5
4,39,6
4,59,7
4,79,8
4,31,9
4,27,10
4,35,11
4,23,12
4,3,13
4,83,14
4,3,15
4,31,16
4,23,17
4,51,18
4,35,19
4,15,20
4,51,21
4,31,22
4,3,23
4,35,24
4,31,25
4,43,26
4,35,27
4,63,28
4,19,29
4,35,30
4,59,31
4,63,32
4,23,33
4,23,34
4,35,35
4,39,36
4,3,37
4,51,38
4,51,39
4,99,40
4,71,41
4,95,42
4,71,43
4,3,44
4,11,45
4,11,46
4,71,47
4,3,48
4,35,49
4,3,50
4,39,51
4,43,52
4,35,53
4,75,54
4,63,55
4,15,56
4,71,57
4,27,58
4,11,59
4,111,60
4,3,61
4,111,62
4,75,63
4,35,64
4,19,65
4,47,66
4,19,67
4,47,68
4,3,69
4,3,70
4,7,71
4,15,72
4,47,73
4,3,74
4,19,75
4,39,76
4,55,77
4,39,78
4,3,79
4,31,80
4,23,81
4,47,82
4,23,83
4,43,84
4,51,85
4,11,86
4,43,87
4,115,88
4,35,89
4,79,90
4,3,91
4,55,92
4,59,93
4,47,94
4,43,95
4,3,96
4,3,97
4,31,98
4,15,99
4,35,100
4,11,101
4,3,102
4,19,103
4,87,104
4,83,105
4,151,106
4,51,107
4,27,108
4,23,109
4,3,110
4,23,111
4,3,112
4,27,113
4,135,114
4,3,115
4,31,116
4,83,117
4,107,118
4,15,119
4,23,120
4,55,121
4,19,122
4,43,123
4,35,124
4,3,125
4,59,126
4,35,127
4,39,128
4,67,129
4,11,130
4,7,131
4,3,132
4,23,133
4,39,134
4,51,135
4,3,136
4,7,137
4,3,138
4,23,139
4,51,140
4,63,141
4,15,142
4,95,143
4,43,144
4,23,145
4,39,146
4,39,147
4,19,148
4,7,149
4,31,150
4,79,151
4,87,152
4,91,153
4,83,154
4,27,155
4,47,156
4,67,157
4,111,158
4,19,159
4,15,160
4,35,161
4,51,162
4,31,163
4,63,164
4,11,165
4,3,166
4,7,167
4,111,168
4,23,169
4,35,170
4,71,171
4,35,172
4,19,173
4,71,174
4,111,175
4,3,176
4,59,177
4,39,178
4,27,179
4,63,180
4,47,181
4,27,182
4,27,183
4,19,184
4,11,185
4,51,186
4,11,187
4,39,188
4,27,189
4,27,190
4,59,191
4,47,192
4,35,193
4,15,194
4,47,195
4,3,196
4,27,197
4,23,198
4,11,199
4,55,200
4,75,201
4,11,202
4,111,203
4,43,204
4,3,205
4,27,206
4,7,207
4,23,208
4,51,209
4,15,210
4,11,211
4,35,212
4,31,213
4,19,214
4,27,215
4,3,216
4,35,217
4,79,218
4,23,219
4,3,220
4,27,221
4,103,222
4,3,223
4,111,224
4,15,225
4,71,226
4,15,227
4,67,228
4,59,229
4,47,230
4,107,231
4,95,232
4,63,233
4,51,234
4,71,235
4,3,236
4,59,237
4,27,238
4,43,239
4,67,240
4,35,241
4,3,242
4,103,243
4,15,244
4,51,245
4,23,246
4,35,247
4,51,248
4,31,249
4,15,250
4,15,251
4,35,252
4,3,253
4,75,254
4,35,255
4,30,5
52387,7,5
4,88,1
4,7,2
4,55,3
4,39,4
4,43,5
4,51,6
4,91,7
4,67,8
4,23,9
4,39,10
4,87,11
4,19,12
4,31,13
4,75,14
4,111,15
4,71,16
4,23,17
4,55,18
4,99,19
4,15,20
4,19,21
4,75,22
4,7,23
4,3,24
4,51,25
4,11,26
4,15,27
4,31,28
4,3,29
4,3,30
4,15,31
4,23,32
4,11,33
4,7,34
4,47,35
4,71,36
4,3,37
4,51,38
4,27,39
4,27,40
4,63,41
4,91,42
4,87,43
4,15,44
4,23,45
4,3,46
4,11,47
4,7,48
4,35,49
4,43,50
4,91,51
4,3,52
4,23,53
4,31,54
4,55,55
4,27,56
4,23,57
4,71,58
4,67,59
4,79,60
4,7,61
4,7,62
4,3,63
4,47,64
4,3,65
4,47,66
4,19,67
4,91,68
4,39,69
4,7,70
4,51,71
4,51,72
4,75,73
4,63,74
4,63,75
4,3,76
4,7,77
4,7,78
4,19,79
4,39,80
4,43,81
4,35,82
4,27,83
4,87,84
4,3,85
4,3,86
4,71,87
4,3,88
4,59,89
4,11,90
4,47,91
4,51,92
4,15,93
4,71,94
4,3,95
4,23,96
4,15,97
4,3,98
4,47,99
4,7,100
4,59,101
4,15,102
4,103,103
4,11,104
4,71,105
4,47,106
4,43,107
4,19,108
4,67,109
4,131,110
4,47,111
4,3,112
4,27,113
4,27,114
4,31,115
4,39,116
4,43,117
4,63,118
4,43,119
4,31,120
4,31,121
4,79,122
4,59,123
4,39,124
4,51,125
4,67,126
4,15,127
4,27,128
4,19,129
4,95,130
4,19,131
4,27,132
4,23,133
4,3,134
4,39,135
4,11,136
4,3,137
4,3,138
4,7,139
4,39,140
4,83,141
4,47,142
4,39,143
4,23,144
4,27,145
4,55,146
4,19,147
4,35,148
4,19,149
4,3,150
4,35,151
4,3,152
4,27,153
4,35,154
4,67,155
4,23,156
4,75,157
4,83,158
4,3,159
4,39,160
4,63,161
4,31,162
4,63,163
4,3,164
4,59,165
4,27,166
4,3,167
4,3,168
4,39,169
4,3,170
4,27,171
4,35,172
4,87,173
4,63,174
4,47,175
4,67,176
4,3,177
4,55,178
4,47,179
4,3,180
4,23,181
4,51,182
4,47,183
4,55,184
4,3,185
4,3,186
4,23,187
4,35,188
4,107,189
4,3,190
4,3,191
4,3,192
4,59,193
4,27,194
4,39,195
4,51,196
4,127,197
4,51,198
4,47,199
4,3,200
4,51,201
4,95,202
4,23,203
4,75,204
4,23,205
4,35,206
4,47,207
4,51,208
4,11,209
4,75,210
4,51,211
4,71,212
4,3,213
4,43,214
4,87,215
4,35,216
4,63,217
4,23,218
4,7,219
4,3,220
4,43,221
4,19,222
4,19,223
4,7,224
4,15,225
4,43,226
4,11,227
4,71,228
4,23,229
4,31,230
4,43,231
4,7,232
4,55,233
4,35,234
4,59,235
4,39,236
4,23,237
4,27,238
4,51,239
4,31,240
4,3,241
4,3,242
4,11,243
4,91,244
4,39,245
4,31,246
4,123,247
4,51,248
4,7,249
4,19,250
4,31,251
4,67,252
4,71,253
4,3,254
4,15,255
4,118,6
62363,24,1
4,79,2
4,3,3
4,51,4
4,19,5
4,75,6
4,59,7
4,91,8
4,67,9
4,63,10
4,47,11
4,15,12
4,3,13
4,91,14
4,39,15
4,3,16
4,43,17
4,3,18
4,31,19
4,35,20
4,47,21
4,27,22
4,51,23
4,3,24
4,11,25
4,27,26
4,55,27
4,47,28
4,31,29
4,15,30
4,43,31
4,79,32
4,3,33
4,171,34
4,23,35
4,23,36
4,35,37
4,23,38
4,43,39
4,11,40
4,3,41
4,39,42
4,83,43
4,99,44
4,11,45
4,43,46
4,35,47
4,67,48
4,7,49
4,103,50
4,3,51
4,19,52
4,51,53
4,15,54
4,55,55
4,75,56
4,3,57
4,83,58
4,63,59
4,95,60
4,67,61
4,51,62
4,63,63
4,19,64
4,7,65
4,23,66
4,31,67
4,75,68
4,43,69
4,15,70
4,11,71
4,39,72
4,51,73
4,3,74
4,47,75
4,23,76
4,15,77
4,39,78
4,107,79
4,35,80
4,3,81
4,27,82
4,3,83
4,7,84
4,91,85
4,35,86
4,43,87
4,51,88
4,7,89
4,7,90
4,47,91
4,11,92
4,27,93
4,35,94
4,103,95
4,11,96
4,3,97
4,83,98
4,43,99
4,75,100
4,67,101
4,27,102
4,35,103
4,59,104
4,67,105
4,3,106
4,63,107
4,3,108
4,19,109
4,47,110
4,7,111
4,27,112
4,51,113
4,55,114
4,31,115
4,35,116
4,75,117
4,35,118
4,99,119
4,27,120
4,7,121
4,115,122
4,3,123
4,43,124
4,67,125
4,51,126
4,27,127
4,91,128
4,31,129
4,27,130
4,47,131
4,59,132
4,83,133
4,35,134
4,51,135
4,47,136
4,19,137
4,23,138
4,3,139
4,23,140
4,31,141
4,31,142
4,27,143
4,19,144
4,3,145
4,79,146
4,23,147
4,15,148
4,7,149
4,63,150
4,7,151
4,63,152
4,59,153
4,31,154
4,63,155
4,67,156
4,35,157
4,103,158
4,39,159
4,19,160
4,23,161
4,15,162
4,19,163
4,79,164
4,63,165
4,35,166
4,59,167
4,15,168
4,43,169
4,3,170
4,75,171
4,43,172
4,31,173
4,3,174
4,51,175
4,47,176
4,47,177
4,127,178
4,75,179
4,3,180
4,19,181
4,19,182
4,27,183
4,39,184
4,55,185
4,23,186
4,83,187
4,39,188
4,55,189
4,55,190
4,27,191
4,51,192
4,35,193
4,15,194
4,79,195
4,23,196
4,23,197
4,3,198
4,47,199
4,43,200
4,115,201
4,27,202
4,63,203
4,103,204
4,79,205
4,7,206
4,7,207
4,87,208
4,3,209
4,83,210
4,107,211
4,75,212
4,3,213
4,43,214
4,71,215
4,143,216
4,19,217
4,27,218
4,3,219
4,3,220
4,15,221
4,47,222
4,23,223
4,71,224
4,43,225
4,47,226
4,95,227
4,15,228
4,31,229
4,43,230
4,23,231
4,23,232
4,27,233
4,67,234
4,55,235
4,3,236
4,27,237
4,31,238
4,3,239
4,27,240
4,23,241
4,23,242
4,35,243
4,107,244
4,51,245
4,107,246
4,27,247
4,23,248
4,15,249
4,3,250
4,3,251
4,3,252
4,63,253
4,27,254
4,43,255
4,58,7
73071,72,1
4,3,2
4,47,3
4,3,4
4,3,5
4,59,6
4,19,7
4,7,8
4,3,9
4,3,10
4,55,11
4,55,12
4,79,13
4,43,14
4,35,15
4,3,16
4,15,17
4,23,18
4,31,19
4,47,20
4,51,21
4,27,22
4,63,23
4,59,24
4,47,25
4,43,26
4,31,27
4,19,28
4,35,29
4,59,30
4,11,31
4,3,32
4,47,33
4,35,34
4,63,35
4,3,36
4,47,37
4,3,38
4,23,39
4,31,40
4,51,41
4,71,42
4,55,43
4,59,44
4,51,45
4,15,46
4,63,47
4,31,48
4,75,49
4,3,50
4,63,51
4,23,52
4,19,53
4,15,54
4,71,55
4,55,56
4,31,57
4,3,58
4,71,59
4,3,60
4,23,61
4,3,62
4,67,63
4,31,64
4,35,65
4,35,66
4,75,67
4,31,68
4,63,69
4,47,70
4,15,71
4,31,72
4,55,73
4,3,74
4,19,75
4,31,76
4,43,77
4,3,78
4,67,79
4,47,80
4,43,81
4,23,82
4,43,83
4,51,84
4,51,85
4,111,86
4,59,87
4,11,88
4,11,89
4,19,90
4,27,91
4,51,92
4,23,93
4,63,94
4,79,95
4,55,96
4,3,97
4,3,98
4,43,99
4,3,100
4,35,101
4,35,102
4,15,103
4,11,104
4,35,105
4,11,106
4,3,107
4,55,108
4,103,109
4,3,110
4,3,111
4,3,112
4,7,113
4,35,114
4,35,115
4,99,116
4,67,117
4,91,118
4,31,119
4,155,120
4,47,121
4,31,122
4,79,123
4,23,124
4,51,125
4,35,126
4,27,127
4,27,128
4,3,129
4,63,130
4,31,131
4,23,132
4,47,133
4,35,134
4,107,135
4,47,136
4,23,137
4,67,138
4,3,139
4,55,140
4,19,141
4,87,142
4,7,143
4,39,144
4,35,145
4,31,146
4,35,147
4,67,148
4,55,149
4,35,150
4,35,151
4,31,152
4,43,153
4,27,154
4,35,155
4,47,156
4,3,157
4,35,158
4,35,159
4,51,160
4,35,161
4,47,162
4,55,163
4,87,164
4,3,165
4,31,166
4,67,167
4,11,168
4,23,169
4,31,170
4,23,171
4,3,172
4,23,173
4,55,174
4,27,175
4,71,176
4,3,177
4,59,178
4,35,179
4,59,180
4,3,181
4,31,182
4,107,183
4,71,184
4,3,185
4,55,186
4,23,187
4,3,188
4,127,189
4,19,190
4,63,191
4,87,192
4,51,193
4,35,194
4,3,195
4,27,196
4,3,197
4,3,198
4,79,199
4,19,200
4,3,201
4,119,202
4,3,203
4,35,204
4,3,205
4,55,206
4,47,207
4,31,208
4,35,209
4,55,210
4,67,211
4,55,212
4,67,213
4,3,214
4,19,215
4,107,216
4,39,217
4,39,218
4,71,219
4,19,220
4,55,221
4,99,222
4,3,223
4,47,224
4,3,225
4,19,226
4,39,227
4,3,228
4,63,229
4,59,230
4,35,231
4,35,232
4,19,233
4,31,234
4,39,235
4,55,236
4,71,237
4,3,238
4,7,239
4,3,240
4,27,241
4,31,242
4,35,243
4,59,244
4,31,245
4,3,246
4,55,247
4,11,248
4,11,249
4,15,250
4,35,251
4,3,252
4,55,253
4,3,254
4,7,255
82791,18,8
4,4,1
4,55,2
4,43,3
4,7,4
4,31,5
4,3,6
4,3,7
4,7,8
4,35,9
4,3,10
4,39,11
4,3,12
4,27,13
4,115,14
4,31,15
4,55,16
4,23,17
4,43,18
4,39,19
4,31,20
4,19,21
4,35,22
4,31,23
4,55,24
4,43,25
4,99,26
4,67,27
4,7,28
4,43,29
4,39,30
4,91,31
4,59,32
4,43,33
4,55,34
4,3,35
4,59,36
4,63,37
4,3,38
4,11,39
4,11,40
4,123,41
4,39,42
4,11,43
4,27,44
4,3,45
4,31,46
4,51,47
4,3,48
4,55,49
4,43,50
4,55,51
4,43,52
4,27,53
4,47,54
4,35,55
4,39,56
4,19,57
4,43,58
4,63,59
4,31,60
4,3,61
4,139,62
4,3,63
4,27,64
4,31,65
4,79,66
4,35,67
4,3,68
4,3,69
4,3,70
4,7,71
4,43,72
4,31,73
4,43,74
4,51,75
4,7,76
4,11,77
4,11,78
4,63,79
4,23,80
4,47,81
4,39,82
4,63,83
4,11,84
4,55,85
4,27,86
4,3,87
4,11,88
4,11,89
4,11,90
4,51,91
4,11,92
4,3,93
4,59,94
4,23,95
4,55,96
4,59,97
4,67,98
4,87,99
4,19,100
4,27,101
4,51,102
4,3,103
4,31,104
4,35,105
4,43,106
4,67,107
4,35,108
4,27,109
4,67,110
4,75,111
4,15,112
4,31,113
4,7,114
4,27,115
4,43,116
4,15,117
4,83,118
4,75,119
4,63,120
4,3,121
4,31,122
4,19,123
4,39,124
4,43,125
4,35,126
4,31,127
4,27,128
4,63,129
4,31,130
4,27,131
4,23,132
4,15,133
4,19,134
4,3,135
4,43,136
4,31,137
4,3,138
4,11,139
4,67,140
4,3,141
4,19,142
4,23,143
4,63,144
4,51,145
4,27,146
4,11,147
4,7,148
4,35,149
4,47,150
4,47,151
4,51,152
4,43,153
4,39,154
4,135,155
4,67,156
4,11,157
4,23,158
4,31,159
4,23,160
4,83,161
4,47,162
4,43,163
4,63,164
4,27,165
4,47,166
4,3,167
4,15,168
4,27,169
4,39,170
4,63,171
4,7,172
4,3,173
4,71,174
4,51,175
4,63,176
4,27,177
4,43,178
4,23,179
4,23,180
4,75,181
4,79,182
4,35,183
4,3,184
4,19,185
4,3,186
4,67,187
4,59,188
4,47,189
4,23,190
4,35,191
4,3,192
4,11,193
4,3,194
4,35,195
4,75,196
4,3,197
4,59,198
4,91,199
4,55,200
4,23,201
4,3,202
4,79,203
4,7,204
4,3,205
4,3,206
4,51,207
4,35,208
4,51,209
4,3,210
4,19,211
4,19,212
4,3,213
4,23,214
4,3,215
4,43,216
4,7,217
4,47,218
4,35,219
4,23,220
4,51,221
4,39,222
4,123,223
4,23,224
4,79,225
4,47,226
4,19,227
4,35,228
4,3,229
4,19,230
4,3,231
4,43,232
4,3,233
4,79,234
4,67,235
4,7,236
4,63,237
4,3,238
4,39,239
4,35,240
4,51,241
4,7,242
4,55,243
4,3,244
4,75,245
4,23,246
4,63,247
4,35,248
4,3,249
4,19,250
4,55,251
4,3,252
4,75,253
4,35,254
4,3,255
4,42,9
92095,7,9
4,60,1
4,51,2
4,67,3
4,3,4
4,23,5
4,123,6
4,55,7
4,99,8
4,19,9
4,35,10
4,19,11
4,59,12
4,83,13
4,35,14
4,23,15
4,43,16
4,35,17
4,31,18
4,23,19
4,75,20
4,3,21
4,83,22
4,27,23
4,35,24
4,19,25
4,27,26
4,3,27
4,31,28
4,19,29
4,95,30
4,19,31
4,55,32
4,75,33
4,7,34
4,43,35
4,19,36
4,35,37
4,35,38
4,23,39
4,31,40
4,19,41
4,43,42
4,47,43
4,59,44
4,75,45
4,39,46
4,55,47
4,19,48
4,35,49
4,71,50
4,3,51
4,71,52
4,59,53
4,3,54
4,11,55
4,19,56
4,15,57
4,3,58
4,11,59
4,27,60
4,35,61
4,51,62
4,55,63
4,15,64
4,55,65
4,3,66
4,59,67
4,103,68
4,3,69
4,23,70
4,51,71
4,15,72
4,31,73
4,43,74
4,19,75
4,71,76
4,43,77
4,43,78
4,47,79
4,27,80
4,3,81
4,87,82
4,99,83
4,55,84
4,3,85
4,43,86
4,31,87
4,55,88
4,7,89
4,67,90
4,3,91
4,119,92
4,19,93
4,3,94
4,27,95
4,31,96
4,39,97
4,27,98
4,15,99
4,3,100
4,3,101
4,39,102
4,71,103
4,63,104
4,35,105
4,7,106
4,31,107
4,43,108
4,19,109
4,47,110
4,51,111
4,91,112
4,35,113
4,11,114
4,7,115
4,91,116
4,11,117
4,39,118
4,3,119
4,43,120
4,23,121
4,71,122
4,51,123
4,55,124
4,59,125
4,59,126
4,47,127
4,43,128
4,15,129
4,35,130
4,3,131
4,35,132
4,35,133
4,35,134
4,27,135
4,47,136
4,31,137
4,27,138
4,7,139
4,27,140
4,15,141
4,19,142
4,3,143
4,87,144
4,23,145
4,23,146
4,3,147
4,51,148
4,7,149
4,55,150
4,51,151
4,63,152
4,19,153
4,15,154
4,55,155
4,91,156
4,39,157
4,43,158
4,79,159
4,95,160
4,63,161
4,71,162
4,15,163
4,55,164
4,123,165
4,23,166
4,55,167
4,43,168
4,39,169
4,3,170
4,43,171
4,39,172
4,3,173
4,3,174
4,7,175
4,19,176
4,55,177
4,35,178
4,131,179
4,3,180
4,51,181
4,3,182
4,55,183
4,35,184
4,55,185
4,27,186
4,99,187
4,27,188
4,79,189
4,63,190
4,99,191
4,31,192
4,55,193
4,35,194
4,59,195
4,67,196
4,83,197
4,75,198
4,39,199
4,59,200
4,3,201
4,35,202
4,31,203
4,63,204
4,83,205
4,71,206
4,39,207
4,7,208
4,55,209
4,51,210
4,95,211
4,7,212
4,31,213
4,3,214
4,39,215
4,47,216
4,11,217
4,79,218
4,31,219
4,23,220
4,3,221
4,75,222
4,35,223
4,55,224
4,3,225
4,3,226
4,27,227
4,99,228
4,23,229
4,15,230
4,35,231
4,31,232
4,71,233
4,51,234
4,3,235
4,3,236
4,11,237
4,27,238
4,35,239
4,35,240
4,35,241
4,51,242
4,59,243
4,63,244
4,27,245
4,31,246
4,51,247
4,35,248
4,23,249
4,35,250
4,59,251
4,23,252
4,3,253
4,3,254
4,27,255
4,78,10
102483,40,1
4,55,2
4,79,3
4,63,4
4,51,5
4,75,6
4,35,7
4,55,8
4,95,9
4,59,10
4,11,11
4,55,12
4,99,13
4,79,14
4,127,15
4,55,16
4,111,17
4,3,18
4,47,19
4,35,20
4,67,21
4,47,22
4,63,23
4,3,24
4,35,25
4,7,26
4,31,27
4,15,28
4,71,29
4,3,30
4,7,31
4,51,32
4,51,33
4,15,34
4,67,35
4,3,36
4,47,37
4,47,38
4,3,39
4,19,40
4,99,41
4,39,42
4,3,43
4,3,44
4,79,45
4,51,46
4,27,47
4,35,48
4,31,49
4,11,50
4,27,51
4,35,52
4,31,53
4,11,54
4,59,55
4,51,56
4,35,57
4,3,58
4,55,59
4,11,60
4,63,61
4,23,62
4,47,63
4,59,64
4,19,65
4,71,66
4,35,67
4,75,68
4,87,69
4,27,70
4,43,71
4,7,72
4,3,73
4,75,74
4,55,75
4,43,76
4,99,77
4,31,78
4,67,79
4,19,80
4,19,81
4,111,82
4,7,83
4,79,84
4,87,85
4,39,86
4,3,87
4,39,88
4,63,89
4,43,90
4,51,91
4,27,92
4,23,93
4,23,94
4,95,95
4,19,96
4,7,97
4,47,98
4,63,99
4,51,100
4,19,101
4,7,102
4,87,103
4,51,104
4,59,105
4,23,106
4,51,107
4,27,108
4,43,109
4,3,110
4,23,111
4,47,112
4,43,113
4,11,114
4,3,115
4,19,116
4,11,117
4,59,118
4,3,119
4,51,120
4,3,121
4,27,122
4,43,123
4,3,124
4,27,125
4,31,126
4,11,127
4,31,128
4,31,129
4,87,130
4,7,131
4,15,132
4,63,133
4,35,134
4,3,135
4,23,136
4,67,137
4,35,138
4,51,139
4,47,140
4,51,141
4,59,142
4,59,143
4,119,144
4,47,145
4,67,146
4,27,147
4,11,148
4,3,149
4,43,150
4,167,151
4,35,152
4,47,153
4,43,154
4,15,155
4,75,156
4,3,157
4,43,158
4,35,159
4,3,160
4,11,161
4,31,162
4,11,163
4,23,164
4,23,165
4,47,166
4,63,167
4,19,168
4,67,169
4,3,170
4,59,171
4,39,172
4,19,173
4,3,174
4,55,175
4,95,176
4,3,177
4,31,178
4,35,179
4,63,180
4,7,181
4,27,182
4,51,183
4,35,184
4,115,185
4,83,186
4,19,187
4,23,188
4,71,189
4,59,190
4,75,191
4,39,192
4,47,193
4,47,194
4,3,195
4,59,196
4,23,197
4,15,198
4,15,199
4,35,200
4,47,201
4,43,202
4,59,203
4,43,204
4,27,205
4,39,206
4,91,207
4,27,208
4,27,209
4,3,210
4,79,211
4,3,212
4,23,213
4,23,214
4,27,215
4,47,216
4,19,217
4,91,218
4,7,219
4,35,220
4,7,221
4,87,222
4,3,223
4,71,224
4,3,225
4,71,226
4,3,227
4,15,228
4,67,229
4,51,230
4,63,231
4,19,232
4,39,233
4,35,234
4,27,235
4,55,236
4,7,237
4,3,238
4,63,239
4,35,240
4,15,241
4,31,242
4,11,243
4,43,244
4,3,245
4,59,246
4,39,247
4,35,248
4,71,249
4,59,250
4,35,251
4,59,252
4,151,253
4,83,254
4,35,255
4,110,11
113207,116,1
4,11,2
4,19,3
4,27,4
4,35,5
4,51,6
4,39,7
4,39,8
4,43,9
4,3,10
4,51,11
4,3,12
4,59,13
4,39,14
4,75,15
4,79,16
4,23,17
4,19,18
4,67,19
4,7,20
4,31,21
4,55,22
4,83,23
4,19,24
4,71,25
4,3,26
4,55,27
4,79,28
4,3,29
4,35,30
4,11,31
4,7,32
4,11,33
4,71,34
4,15,35
4,51,36
4,19,37
4,3,38
4,27,39
4,31,40
4,3,41
4,7,42
4,55,43
4,43,44
4,43,45
4,23,46
4,31,47
4,19,48
4,15,49
4,31,50
4,63,51
4,27,52
4,31,53
4,59,54
4,51,55
4,35,56
4,31,57
4,67,58
4,51,59
4,27,60
4,3,61
4,35,62
4,3,63
4,47,64
4,19,65
4,79,66
4,35,67
4,31,68
4,87,69
4,3,70
4,23,71
4,7,72
4,3,73
4,27,74
4,39,75
4,35,76
4,75,77
4,23,78
4,51,79
4,3,80
4,35,81
4,27,82
4,27,83
4,47,84
4,67,85
4,3,86
4,63,87
4,23,88
4,55,89
4,39,90
4,7,91
4,43,92
4,59,93
4,51,94
4,47,95
4,35,96
4,7,97
4,15,98
4,11,99
4,7,100
4,31,101
4,23,102
4,71,103
4,63,104
4,3,105
4,35,106
4,7,107
4,11,108
4,55,109
4,39,110
4,31,111
4,3,112
4,31,113
4,51,114
4,19,115
4,3,116
4,3,117
4,47,118
4,27,119
4,19,120
4,55,121
4,51,122
4,51,123
4,67,124
4,27,125
4,31,126
4,7,127
4,79,128
4,75,129
4,35,130
4,23,131
4,31,132
4,35,133
4,15,134
4,39,135
4,71,136
4,23,137
4,55,138
4,35,139
4,95,140
4,35,141
4,35,142
4,63,143
4,19,144
4,43,145
4,67,146
4,27,147
4,11,148
4,39,149
4,19,150
4,3,151
4,59,152
4,35,153
4,31,154
4,91,155
4,43,156
4,19,157
4,47,158
4,51,159
4,51,160
4,31,161
4,83,162
4,31,163
4,39,164
4,19,165
4,55,166
4,3,167
4,91,168
4,3,169
4,15,170
4,23,171
4,79,172
4,55,173
4,3,174
4,27,175
4,71,176
4,23,177
4,47,178
4,3,179
4,43,180
4,47,181
4,11,182
4,3,183
4,31,184
4,19,185
4,63,186
4,23,187
4,19,188
4,23,189
4,7,190
4,15,191
4,19,192
4,23,193
4,3,194
4,79,195
4,39,196
4,47,197
4,23,198
4,43,199
4,31,200
4,107,201
4,75,202
4,39,203
4,19,204
4,15,205
4,31,206
4,3,207
4,3,208
4,47,209
4,55,210
4,43,211
4,71,212
4,3,213
4,31,214
4,7,215
4,7,216
4,83,217
4,15,218
4,39,219
4,31,220
4,59,221
4,55,222
4,19,223
4,23,224
4,87,225
4,31,226
4,27,227
4,43,228
4,31,229
4,123,230
4,31,231
4,23,232
4,59,233
4,31,234
4,3,235
4,39,236
4,43,237
4,3,238
4,35,239
4,7,240
4,11,241
4,51,242
4,63,243
4,11,244
4,35,245
4,15,246
4,39,247
4,47,248
4,35,249
4,3,250
4,83,251
4,11,252
4,39,253
4,15,254
4,87,255
4,10,12
122463,27,12
4,56,1
4,79,2
4,27,3
4,23,4
4,3,5
4,23,6
4,3,7
4,27,8
4,7,9
4,55,10
4,39,11
4,47,12
4,51,13
4,47,14
4,63,15
4,83,16
4,43,17
4,31,18
4,55,19
4,95,20
4,55,21
4,67,22
4,79,23
4,23,24
4,75,25
4,55,26
4,59,27
4,27,28
4,23,29
4,59,30
4,55,31
4,43,32
4,27,33
4,71,34
4,39,35
4,35,36
4,55,37
4,35,38
4,71,39
4,71,40
4,47,41
4,67,42
4,79,43
4,35,44
4,19,45
4,63,46
4,99,47
4,23,48
4,15,49
4,79,50
4,35,51
4,99,52
4,47,53
4,55,54
4,43,55
4,39,56
4,79,57
4,3,58
4,3,59
4,19,60
4,111,61
4,35,62
4,67,63
4,31,64
4,59,65
4,51,66
4,51,67
4,79,68
4,75,69
4,27,70
4,3,71
4,19,72
4,19,73
4,27,74
4,43,75
4,3,76
4,75,77
4,43,78
4,31,79
4,11,80
4,7,81
4,35,82
4,31,83
4,31,84
4,71,85
4,51,86
4,7,87
4,39,88
4,39,89
4,3,90
4,3,91
4,43,92
4,59,93
4,3,94
4,47,95
4,51,96
4,27,97
4,35,98
4,39,99
4,55,100
4,79,101
4,19,102
4,67,103
4,79,104
4,35,105
4,27,106
4,67,107
4,31,108
4,131,109
4,7,110
4,67,111
4,3,112
4,23,113
4,59,114
4,19,115
4,59,116
4,55,117
4,3,118
4,3,119
4,35,120
4,59,121
4,51,122
4,99,123
4,71,124
4,35,125
4,15,126
4,19,127
4,75,128
4,59,129
4,91,130
4,3,131
4,35,132
4,27,133
4,23,134
4,31,135
4,83,136
4,51,137
4,19,138
4,39,139
4,39,140
4,55,141
4,47,142
4,31,143
4,39,144
4,63,145
4,63,146
4,51,147
4,51,148
4,11,149
4,3,150
4,19,151
4,55,152
4,7,153
4,111,154
4,123,155
4,3,156
4,3,157
4,95,158
4,31,159
4,55,160
4,27,161
4,35,162
4,47,163
4,39,164
4,27,165
4,95,166
4,31,167
4,103,168
4,47,169
4,39,170
4,15,171
4,27,172
4,3,173
4,67,174
4,75,175
4,3,176
4,43,177
4,3,178
4,67,179
4,15,180
4,27,181
4,7,182
4,15,183
4,39,184
4,63,185
4,23,186
4,27,187
4,67,188
4,35,189
4,75,190
4,59,191
4,35,192
4,75,193
4,43,194
4,71,195
4,51,196
4,3,197
4,3,198
4,27,199
4,11,200
4,63,201
4,87,202
4,59,203
4,31,204
4,31,205
4,27,206
4,31,207
4,3,208
4,11,209
4,19,210
4,43,211
4,107,212
4,23,213
4,23,214
4,31,215
4,15,216
4,47,217
4,39,218
4,39,219
4,3,220
4,59,221
4,123,222
4,19,223
4,27,224
4,171,225
4,11,226
4,95,227
4,59,228
4,35,229
4,87,230
4,23,231
4,47,232
4,23,233
4,7,234
4,3,235
4,67,236
4,43,237
4,3,238
4,27,239
4,63,240
4,95,241
4,79,242
4,39,243
4,15,244
4,39,245
4,7,246
4,39,247
4,47,248
4,35,249
4,3,250
4,3,251
4,3,252
4,39,253
4,15,254
4,15,255
4,50,13
133607,39,13
11048,3,13
11024,3,13
4,12,3
4,19,4
4,3,5
4,31,6
4,27,7
4,3,8
4,3,9
4,43,10
4,23,11
4,39,12
4,3,13
4,47,14
4,19,15
4,7,16
4,23,17
4,71,18
4,79,19
4,19,20
4,3,21
4,7,22
4,47,23
4,71,24
4,59,25
4,39,26
4,19,27
4,31,28
4,7,29
4,3,30
4,43,31
4,39,32
4,95,33
4,47,34
4,27,35
4,31,36
4,27,37
4,91,38
4,35,39
4,23,40
4,95,41
4,47,42
4,27,43
4,15,44
4,71,45
4,75,46
4,63,47
4,7,48
4,3,49
4,123,50
4,59,51
4,143,52
4,87,53
4,31,54
4,11,55
4,15,56
4,3,57
4,23,58
4,15,59
4,11,60
4,55,61
4,35,62
4,3,63
4,23,64
4,51,65
4,23,66
4,91,67
4,47,68
4,43,69
4,11,70
4,63,71
4,27,72
4,103,73
4,15,74
4,31,75
4,31,76
4,31,77
4,35,78
4,31,79
4,23,80
4,47,81
4,55,82
4,47,83
4,63,84
4,23,85
4,31,86
4,35,87
4,39,88
4,95,89
4,3,90
4,3,91
4,39,92
4,27,93
4,3,94
4,63,95
4,51,96
4,39,97
4,75,98
4,27,99
4,71,100
4,51,101
4,11,102
4,3,103
4,23,104
4,55,105
4,19,106
4,55,107
4,55,108
4,51,109
4,15,110
4,31,111
4,31,112
4,23,113
4,87,114
4,67,115
4,59,116
4,27,117
4,31,118
4,27,119
4,59,120
4,51,121
4,3,122
4,31,123
4,67,124
4,15,125
4,15,126
4,59,127
4,3,128
4,111,129
4,51,130
4,35,131
4,87,132
4,95,133
4,47,134
4,47,135
4,3,136
4,7,137
4,19,138
4,23,139
4,31,140
4,143,141
4,3,142
4,11,143
4,27,144
4,3,145
4,23,146
4,19,147
4,47,148
4,3,149
4,31,150
4,51,151
4,11,152
4,59,153
4,35,154
4,23,155
4,87,156
4,39,157
4,47,158
4,3,159
4,43,160
4,39,161
4,3,162
4,47,163
4,103,164
4,167,165
4,63,166
4,71,167
4,3,168
4,35,169
4,31,170
4,131,171
4,43,172
4,91,173
4,67,174
4,43,175
4,11,176
4,7,177
4,71,178
4,43,179
4,51,180
4,35,181
4,59,182
4,23,183
4,51,184
4,3,185
4,55,186
4,23,187
4,87,188
4,3,189
4,59,190
4,11,191
4,47,192
4,83,193
4,27,194
4,15,195
4,75,196
4,71,197
4,39,198
4,83,199
4,71,200
4,3,201
4,3,202
4,75,203
4,15,204
4,55,205
4,23,206
4,27,207
4,27,208
4,39,209
4,7,210
4,35,211
4,3,212
4,3,213
4,31,214
4,3,215
4,35,216
4,39,217
4,15,218
4,63,219
4,59,220
4,23,221
4,31,222
4,3,223
4,31,224
4,43,225
4,23,226
4,47,227
4,31,228
4,43,229
4,19,230
4,3,231
4,71,232
4,35,233
4,35,234
4,3,235
4,79,236
4,11,237
4,47,238
4,43,239
4,3,240
4,39,241
4,3,242
4,19,243
4,3,244
4,39,245
4,59,246
4,3,247
4,3,248
4,27,249
4,23,250
4,19,251
4,35,252
4,23,253
4,15,254
4,59,255
143455,27,1
4,79,2
4,75,3
4,75,4
4,63,5
4,47,6
4,95,7
4,31,8
4,7,9
4,35,10
4,43,11
4,67,12
4,15,13
4,39,14
4,15,15
4,27,16
4,3,17
4,3,18
4,11,19
4,11,20
4,15,21
4,27,22
4,19,23
4,27,24
4,23,25
4,35,26
4,99,27
4,47,28
4,15,29
4,11,30
4,79,31
4,67,32
4,83,33
4,31,34
4,7,35
4,31,36
4,35,37
4,35,38
4,43,39
4,67,40
4,35,41
4,35,42
4,103,43
4,35,44
4,19,45
4,35,46
4,23,47
4,59,48
4,67,49
4,35,50
4,19,51
4,3,52
4,3,53
4,75,54
4,35,55
4,39,56
4,43,57
4,39,58
4,79,59
4,47,60
4,79,61
4,59,62
4,35,63
4,71,64
4,23,65
4,51,66
4,59,67
4,35,68
4,3,69
4,63,70
4,83,71
4,39,72
4,63,73
4,23,74
4,87,75
4,75,76
4,3,77
4,63,78
4,127,79
4,47,80
4,15,81
4,3,82
4,19,83
4,15,84
4,55,85
4,55,86
4,35,87
4,3,88
4,31,89
4,35,90
4,11,91
4,91,92
4,3,93
4,43,94
4,35,95
4,31,96
4,51,97
4,31,98
4,11,99
4,11,100
4,59,101
4,59,102
4,19,103
4,111,104
4,35,105
4,71,106
4,79,107
4,15,108
4,27,109
4,19,110
4,47,111
4,3,112
4,35,113
4,31,114
4,31,115
4,15,116
4,35,117
4,47,118
4,3,119
4,51,120
4,35,121
4,31,122
4,111,123
4,63,124
4,35,125
4,23,126
4,35,127
4,91,128
4,43,129
4,47,130
4,3,131
4,3,132
4,91,133
4,3,134
4,7,135
4,19,136
4,23,137
4,75,138
4,55,139
4,55,140
4,27,141
4,15,142
4,51,143
4,123,144
4,55,145
4,3,146
4,59,147
4,95,148
4,59,149
4,51,150
4,55,151
4,67,152
4,47,153
4,11,154
4,3,155
4,51,156
4,15,157
4,3,158
4,27,159
4,39,160
4,75,161
4,63,162
4,15,163
4,63,164
4,43,165
4,27,166
4,11,167
4,27,168
4,27,169
4,31,170
4,11,171
4,27,172
4,71,173
4,31,174
4,91,175
4,111,176
4,59,177
4,15,178
4,31,179
4,27,180
4,31,181
4,3,182
4,63,183
4,3,184
4,23,185
4,19,186
4,7,187
4,39,188
4,3,189
4,91,190
4,31,191
4,91,192
4,71,193
4,75,194
4,51,195
4,3,196
4,31,197
4,51,198
4,27,199
4,63,200
4,31,201
4,19,202
4,23,203
4,67,204
4,15,205
4,31,206
4,39,207
4,83,208
4,71,209
4,3,210
4,59,211
4,35,212
4,15,213
4,31,214
4,7,215
4,27,216
4,19,217
4,3,218
4,39,219
4,19,220
4,3,221
4,3,222
4,3,223
4,95,224
4,55,225
4,31,226
4,19,227
4,3,228
4,35,229
4,71,230
4,23,231
4,19,232
4,31,233
4,83,234
4,55,235
4,23,236
4,43,237
4,27,238
4,23,239
4,23,240
4,59,241
4,7,242
4,11,243
4,175,244
4,47,245
4,71,246
4,19,247
4,43,248
4,27,249
4,99,250
4,67,251
4,15,252
4,39,253
4,83,254
4,67,255
4,82,15
154079,40,1
4,59,2
4,55,3
4,67,4
4,11,5
4,59,6
4,3,7
4,7,8
4,11,9
4,3,10
4,19,11
4,27,12
4,111,13
4,63,14
4,75,15
4,11,16
4,131,17
4,75,18
4,107,19
4,63,20
4,23,21
4,19,22
4,43,23
4,15,24
4,3,25
4,31,26
4,71,27
4,43,28
4,23,29
4,155,30
4,15,31
4,55,32
4,3,33
4,35,34
4,3,35
4,111,36
4,79,37
4,79,38
4,55,39
4,63,40
4,35,41
4,59,42
4,79,43
4,31,44
4,3,45
4,19,46
4,59,47
4,39,48
4,3,49
4,27,50
4,67,51
4,55,52
4,51,53
4,47,54
4,7,55
4,3,56
4,75,57
4,63,58
4,75,59
4,27,60
4,95,61
4,39,62
4,27,63
4,51,64
4,43,65
4,27,66
4,3,67
4,7,68
4,43,69
4,27,70
4,11,71
4,67,72
4,27,73
4,59,74
4,27,75
4,27,76
4,75,77
4,55,78
4,71,79
4,35,80
4,31,81
4,67,82
4,43,83
4,23,84
4,39,85
4,39,86
4,63,87
4,27,88
4,3,89
4,27,90
4,99,91
4,63,92
4,59,93
4,3,94
4,43,95
4,35,96
4,47,97
4,35,98
4,43,99
4,31,100
4,79,101
4,35,102
4,23,103
4,119,104
4,15,105
4,31,106
4,67,107
4,3,108
4,15,109
4,59,110
4,47,111
4,87,112
4,59,113
4,63,114
4,39,115
4,63,116
4,35,117
4,47,118
4,47,119
4,79,120
4,63,121
4,23,122
4,183,123
4,19,124
4,71,125
4,31,126
4,31,127
4,3,128
4,7,129
4,3,130
4,99,131
4,91,132
4,75,133
4,75,134
4,15,135
4,23,136
4,87,137
4,11,138
4,11,139
4,99,140
4,31,141
4,23,142
4,19,143
4,59,144
4,27,145
4,3,146
4,43,147
4,7,148
4,15,149
4,95,150
4,23,151
4,27,152
4,15,153
4,47,154
4,23,155
4,87,156
4,27,157
4,67,158
4,3,159
4,43,160
4,19,161
4,23,162
4,47,163
4,3,164
4,27,165
4,15,166
4,19,167
4,59,168
4,3,169
4,19,170
4,55,171
4,27,172
4,75,173
4,83,174
4,31,175
4,3,176
4,31,177
4,3,178
4,23,179
4,23,180
4,35,181
4,15,182
4,79,183
4,87,184
4,71,185
4,59,186
4,31,187
4,71,188
4,47,189
4,47,190
4,43,191
4,115,192
4,55,193
4,95,194
4,87,195
4,3,196
4,47,197
4,123,198
4,19,199
4,39,200
4,35,201
4,27,202
4,35,203
4,83,204
4,59,205
4,35,206
4,67,207
4,43,208
4,83,209
4,75,210
4,3,211
4,27,212
4,131,213
4,15,214
4,15,215
4,35,216
4,67,217
4,39,218
4,11,219
4,3,220
4,51,221
4,39,222
4,75,223
4,51,224
4,67,225
4,3,226
4,27,227
4,3,228
4,67,229
4,15,230
4,39,231
4,51,232
4,55,233
4,3,234
4,11,235
4,119,236
4,39,237
4,23,238
4,47,239
4,87,240
4,83,241
4,51,242
4,19,243
4,71,244
4,27,245
4,3,246
4,63,247
4,23,248
4,3,249
4,47,250
4,55,251
4,11,252
4,15,253
4,103,254
4,43,255
4,14,16
165499,28,1
4,47,2
4,3,3
4,43,4
4,103,5
4,35,6
4,35,7
4,35,8
4,83,9
4,87,10
4,3,11
4,39,12
4,15,13
4,19,14
4,51,15
4,3,16
4,47,17
4,51,18
4,35,19
4,27,20
4,43,21
4,11,22
4,79,23
4,123,24
4,15,25
4,31,26
4,3,27
4,51,28
4,43,29
4,103,30
4,51,31
4,31,32
4,3,33
4,7,34
4,23,35
4,39,36
4,31,37
4,83,38
4,75,39
4,31,40
4,79,41
4,51,42
4,83,43
4,11,44
4,23,45
4,43,46
4,27,47
4,23,48
4,47,49
4,3,50
4,11,51
4,43,52
4,71,53
4,51,54
4,39,55
4,79,56
4,31,57
4,119,58
4,35,59
4,31,60
4,47,61
4,31,62
4,75,63
4,19,64
4,39,65
4,3,66
4,7,67
4,3,68
4,95,69
4,59,70
4,7,71
4,79,72
4,59,73
4,31,74
4,71,75
4,35,76
4,3,77
4,83,78
4,7,79
4,55,80
4,31,81
4,39,82
4,71,83
4,35,84
4,43,85
4,15,86
4,3,87
4,51,88
4,91,89
4,35,90
4,95,91
4,59,92
4,3,93
4,35,94
4,31,95
4,59,96
4,27,97
4,15,98
4,3,99
4,3,100
4,51,101
4,51,102
4,11,103
4,79,104
4,47,105
4,35,106
4,7,107
4,55,108
4,63,109
4,15,110
4,3,111
4,51,112
4,35,113
4,51,114
4,95,115
4,31,116
4,63,117
4,35,118
4,19,119
4,27,120
4,51,121
4,59,122
4,59,123
4,23,124
4,23,125
4,3,126
4,39,127
4,67,128
4,23,129
4,7,130
4,11,131
4,3,132
4,31,133
4,55,134
4,67,135
4,3,136
4,15,137
4,67,138
4,35,139
4,3,140
4,3,141
4,95,142
4,47,143
4,19,144
4,19,145
4,15,146
4,11,147
4,3,148
4,11,149
4,27,150
4,39,151
4,39,152
4,19,153
4,27,154
4,87,155
4,67,156
4,27,157
4,39,158
4,23,159
4,51,160
4,11,161
4,31,162
4,31,163
4,43,164
4,19,165
4,43,166
4,43,167
4,3,168
4,43,169
4,59,170
4,3,171
4,51,172
4,47,173
4,55,174
4,27,175
4,27,176
4,119,177
4,23,178
4,39,179
4,103,180
4,3,181
4,35,182
4,15,183
4,47,184
4,11,185
4,15,186
4,47,187
4,59,188
4,3,189
4,55,190
4,43,191
4,35,192
4,55,193
4,111,194
4,95,195
4,67,196
4,51,197
4,15,198
4,43,199
4,87,200
4,39,201
4,7,202
4,59,203
4,23,204
4,31,205
4,31,206
4,31,207
4,59,208
4,87,209
4,47,210
4,87,211
4,83,212
4,27,213
4,55,214
4,15,215
4,35,216
4,19,217
4,91,218
4,11,219
4,31,220
4,3,221
4,3,222
4,3,223
4,43,224
4,11,225
4,3,226
4,31,227
4,19,228
4,55,229
4,23,230
4,91,231
4,59,232
4,79,233
4,35,234
4,107,235
4,43,236
4,7,237
4,15,238
4,59,239
4,31,240
4,127,241
4,43,242
4,3,243
4,59,244
4,59,245
4,95,246
4,59,247
4,95,248
4,39,249
4,83,250
4,15,251
4,15,252
4,67,253
4,3,254
4,67,255
4,86,17
176195,19,17
4,16,1
4,35,2
4,43,3
4,23,4
4,51,5
4,67,6
4,59,7
4,87,8
4,3,9
4,87,10
4,27,11
4,15,12
4,7,13
4,47,14
4,83,15
4,35,16
4,79,17
4,91,18
4,59,19
4,55,20
4,75,21
4,35,22
4,19,23
4,35,24
4,47,25
4,19,26
4,11,27
4,39,28
4,71,29
4,27,30
4,59,31
4,55,32
4,31,33
4,11,34
4,11,35
4,31,36
4,3,37
4,19,38
4,35,39
4,55,40
4,55,41
4,3,42
4,75,43
4,3,44
4,23,45
4,23,46
4,7,47
4,3,48
4,35,49
4,3,50
4,87,51
4,51,52
4,47,53
4,3,54
4,27,55
4,3,56
4,75,57
4,15,58
4,63,59
4,3,60
4,35,61
4,23,62
4,11,63
4,55,64
4,15,65
4,71,66
4,23,67
4,15,68
4,55,69
4,39,70
4,3,71
4,39,72
4,87,73
4,55,74
4,19,75
4,23,76
4,27,77
4,7,78
4,39,79
4,51,80
4,19,81
4,11,82
4,51,83
4,43,84
4,103,85
4,27,86
4,11,87
4,11,88
4,47,89
4,23,90
4,19,91
4,11,92
4,87,93
4,7,94
4,43,95
4,115,96
4,31,97
4,67,98
4,39,99
4,107,100
4,15,101
4,19,102
4,31,103
4,27,104
4,3,105
4,59,106
4,51,107
4,63,108
4,43,109
4,111,110
4,27,111
4,31,112
4,47,113
4,31,114
4,3,115
4,83,116
4,43,117
4,31,118
4,59,119
4,35,120
4,87,121
4,3,122
4,51,123
4,35,124
4,39,125
4,79,126
4,7,127
4,51,128
4,3,129
4,27,130
4,55,131
4,3,132
4,63,133
4,71,134
4,51,135
4,3,136
4,43,137
4,11,138
4,19,139
4,55,140
4,63,141
4,39,142
4,67,143
4,27,144
4,55,145
4,3,146
4,15,147
4,63,148
4,11,149
4,23,150
4,43,151
4,19,152
4,27,153
4,15,154
4,7,155
4,23,156
4,19,157
4,43,158
4,23,159
4,27,160
4,71,161
4,47,162
4,87,163
4,27,164
4,3,165
4,35,166
4,35,167
4,11,168
4,27,169
4,27,170
4,27,171
4,3,172
4,35,173
4,43,174
4,75,175
4,35,176
4,59,177
4,27,178
4,3,179
4,3,180
4,63,181
4,15,182
4,59,183
4,63,184
4,3,185
4,35,186
4,47,187
4,59,188
4,31,189
4,55,190
4,15,191
4,19,192
4,47,193
4,75,194
4,15,195
4,51,196
4,35,197
4,3,198
4,27,199
4,27,200
4,23,201
4,7,202
4,47,203
4,27,204
4,35,205
4,15,206
4,35,207
4,7,208
4,35,209
4,135,210
4,35,211
4,35,212
4,23,213
4,47,214
4,35,215
4,11,216
4,39,217
4,47,218
4,3,219
4,3,220
4,43,221
4,35,222
4,15,223
4,39,224
4,3,225
4,71,226
4,27,227
4,3,228
4,43,229
4,31,230
4,63,231
4,27,232
4,31,233
4,19,234
4,19,235
4,35,236
4,27,237
4,3,238
4,7,239
4,3,240
4,39,241
4,19,242
4,47,243
4,15,244
4,19,245
4,3,246
4,19,247
4,59,248
4,19,249
4,119,250
4,59,251
4,31,252
4,107,253
4,51,254
4,67,255
4,6,18
185751,7,18
4,36,1
4,23,2
4,43,3
4,43,4
4,3,5
4,63,6
4,23,7
4,63,8
4,59,9
4,3,10
4,71,11
4,55,12
4,83,13
4,55,14
4,27,15
4,99,16
4,43,17
4,31,18
4,35,19
4,51,20
4,35,21
4,19,22
4,71,23
4,55,24
4,15,25
4,11,26
4,31,27
4,7,28
4,91,29
4,67,30
4,19,31
4,3,32
4,59,33
4,31,34
4,15,35
4,43,36
4,23,37
4,39,38
4,35,39
4,43,40
4,67,41
4,91,42
4,31,43
4,3,44
4,51,45
4,3,46
4,3,47
4,19,48
4,67,49
4,15,50
4,47,51
4,27,52
4,3,53
4,31,54
4,119,55
4,47,56
4,27,57
4,35,58
4,3,59
4,3,60
4,83,61
4,43,62
4,35,63
4,3,64
4,55,65
4,35,66
4,27,67
4,67,68
4,87,69
4,43,70
4,63,71
4,3,72
4,23,73
4,19,74
4,31,75
4,83,76
4,19,77
4,75,78
4,35,79
4,27,80
4,19,81
4,43,82
4,39,83
4,43,84
4,87,85
4,15,86
4,51,87
4,91,88
4,15,89
4,3,90
4,3,91
4,11,92
4,27,93
4,19,94
4,79,95
4,23,96
4,23,97
4,51,98
4,3,99
4,3,100
4,15,101
4,35,102
4,63,103
4,59,104
4,83,105
4,63,106
4,27,107
4,63,108
4,35,109
4,3,110
4,3,111
4,35,112
4,19,113
4,23,114
4,7,115
4,51,116
4,75,117
4,31,118
4,59,119
4,31,120
4,19,121
4,27,122
4,47,123
4,3,124
4,3,125
4,7,126
4,35,127
4,71,128
4,3,129
4,23,130
4,23,131
4,19,132
4,55,133
4,43,134
4,27,135
4,3,136
4,31,137
4,3,138
4,3,139
4,55,140
4,27,141
4,39,142
4,51,143
4,31,144
4,11,145
4,51,146
4,35,147
4,35,148
4,43,149
4,59,150
4,3,151
4,35,152
4,79,153
4,19,154
4,23,155
4,11,156
4,31,157
4,11,158
4,75,159
4,71,160
4,19,161
4,43,162
4,31,163
4,3,164
4,15,165
4,83,166
4,63,167
4,59,168
4,35,169
4,35,170
4,31,171
4,3,172
4,11,173
4,31,174
4,23,175
4,15,176
4,31,177
4,107,178
4,27,179
4,15,180
4,39,181
4,115,182
4,43,183
4,3,184
4,47,185
4,27,186
4,23,187
4,3,188
4,27,189
4,35,190
4,31,191
4,7,192
4,63,193
4,91,194
4,39,195
4,67,196
4,59,197
4,11,198
4,15,199
4,43,200
4,19,201
4,51,202
4,91,203
4,3,204
4,3,205
4,3,206
4,31,207
4,23,208
4,91,209
4,23,210
4,71,211
4,3,212
4,43,213
4,75,214
4,119,215
4,15,216
4,55,217
4,23,218
4,91,219
4,35,220
4,15,221
4,3,222
4,19,223
4,67,224
4,23,225
4,19,226
4,47,227
4,3,228
4,75,229
4,31,230
4,35,231
4,3,232
4,11,233
4,59,234
4,31,235
4,95,236
4,39,237
4,47,238
4,43,239
4,75,240
4,15,241
4,31,242
4,23,243
4,3,244
4,27,245
4,35,246
4,23,247
4,3,248
4,83,249
4,23,250
4,11,251
4,51,252
4,51,253
4,27,254
4,43,255
195371,58,19
4,16,1
4,23,2
4,71,3
4,47,4
4,3,5
4,47,6
4,23,7
4,115,8
4,31,9
4,55,10
4,59,11
4,55,12
4,35,13
4,63,14
4,31,15
4,23,16
4,75,17
4,71,18
4,3,19
4,27,20
4,63,21
4,3,22
4,71,23
4,23,24
4,3,25
4,39,26
4,3,27
4,51,28
4,27,29
4,63,30
4,3,31
4,31,32
4,91,33
4,3,34
4,47,35
4,31,36
4,3,37
4,3,38
4,3,39
4,59,40
4,51,41
4,3,42
4,23,43
4,103,44
4,99,45
4,63,46
4,3,47
4,3,48
4,123,49
4,71,50
4,7,51
4,23,52
4,59,53
4,31,54
4,35,55
4,139,56
4,75,57
4,35,58
4,3,59
4,47,60
4,55,61
4,7,62
4,23,63
4,19,64
4,3,65
4,35,66
4,99,67
4,23,68
4,75,69
4,3,70
4,31,71
4,75,72
4,43,73
4,79,74
4,75,75
4,3,76
4,3,77
4,59,78
4,27,79
4,15,80
4,39,81
4,7,82
4,11,83
4,27,84
4,7,85
4,23,86
4,79,87
4,51,88
4,3,89
4,63,90
4,31,91
4,39,92
4,83,93
4,31,94
4,19,95
4,19,96
4,3,97
4,43,98
4,19,99
4,55,100
4,23,101
4,7,102
4,35,103
4,43,104
4,3,105
4,11,106
4,71,107
4,55,108
4,27,109
4,39,110
4,31,111
4,3,112
4,7,113
4,7,114
4,35,115
4,47,116
4,19,117
4,115,118
4,75,119
4,87,120
4,31,121
4,71,122
4,43,123
4,35,124
4,11,125
4,27,126
4,55,127
4,15,128
4,19,129
4,91,130
4,19,131
4,83,132
4,3,133
4,107,134
4,39,135
4,35,136
4,11,137
4,3,138
4,79,139
4,63,140
4,27,141
4,99,142
4,11,143
4,23,144
4,23,145
4,3,146
4,15,147
4,55,148
4,31,149
4,3,150
4,35,151
4,95,152
4,23,153
4,15,154
4,43,155
4,63,156
4,15,157
4,19,158
4,39,159
4,3,160
4,43,161
4,35,162
4,3,163
4,3,164
4,3,165
4,27,166
4,3,167
4,79,168
4,27,169
4,75,170
4,55,171
4,43,172
4,59,173
4,67,174
4,23,175
4,47,176
4,55,177
4,35,178
4,95,179
4,39,180
4,47,181
4,75,182
4,7,183
4,3,184
4,31,185
4,11,186
4,19,187
4,3,188
4,107,189
4,11,190
4,35,191
4,67,192
4,3,193
4,67,194
4,59,195
4,39,196
4,39,197
4,23,198
4,59,199
4,67,200
4,51,201
4,15,202
4,167,203
4,55,204
4,15,205
4,7,206
4,55,207
4,35,208
4,35,209
4,23,210
4,63,211
4,83,212
4,35,213
4,31,214
4,23,215
4,3,216
4,43,217
4,35,218
4,115,219
4,35,220
4,55,221
4,31,222
4,3,223
4,123,224
4,3,225
4,47,226
4,91,227
4,3,228
4,99,229
4,91,230
4,3,231
4,31,232
4,119,233
4,59,234
4,11,235
4,71,236
4,19,237
4,63,238
4,71,239
4,3,240
4,55,241
4,7,242
4,3,243
4,67,244
4,35,245
4,11,246
4,63,247
4,71,248
4,3,249
4,19,250
4,19,251
4,79,252
4,7,253
4,15,254
4,87,255
4,22,20
205807,64,1
4,19,2
4,47,3
4,59,4
4,51,5
4,31,6
4,3,7
4,11,8
4,63,9
4,7,10
4,3,11
4,75,12
4,27,13
4,39,14
4,59,15
4,3,16
4,55,17
4,39,18
4,63,19
4,43,20
4,91,21
4,55,22
4,51,23
4,23,24
4,43,25
4,3,26
4,11,27
4,51,28
4,39,29
4,31,30
4,15,31
4,27,32
4,75,33
4,15,34
4,3,35
4,67,36
4,55,37
4,7,38
4,3,39
4,63,40
4,111,41
4,19,42
4,3,43
4,19,44
4,35,45
4,59,46
4,79,47
4,31,48
4,27,49
4,35,50
4,23,51
4,71,52
4,27,53
4,19,54
4,27,55
4,15,56
4,19,57
4,15,58
4,47,59
4,71,60
4,19,61
4,3,62
4,79,63
4,123,64
4,35,65
4,3,66
4,15,67
4,19,68
4,99,69
4,3,70
4,39,71
4,19,72
4,35,73
4,3,74
4,15,75
4,27,76
4,3,77
4,39,78
4,43,79
4,35,80
4,43,81
4,111,82
4,51,83
4,55,84
4,23,85
4,59,86
4,43,87
4,7,88
4,59,89
4,55,90
4,3,91
4,31,92
4,51,93
4,27,94
4,35,95
4,31,96
4,43,97
4,3,98
4,3,99
4,19,100
4,79,101
4,39,102
4,47,103
4,55,104
4,31,105
4,71,106
4,39,107
4,31,108
4,99,109
4,107,110
4,151,111
4,63,112
4,7,113
4,27,114
4,7,115
4,47,116
4,27,117
4,43,118
4,83,119
4,47,120
4,51,121
4,15,122
4,83,123
4,35,124
4,75,125
4,43,126
4,23,127
4,3,128
4,23,129
4,3,130
4,35,131
4,59,132
4,3,133
4,31,134
4,95,135
4,27,136
4,3,137
4,91,138
4,35,139
4,43,140
4,3,141
4,47,142
4,19,143
4,35,144
4,59,145
4,27,146
4,31,147
4,35,148
4,55,149
4,19,150
4,7,151
4,39,152
4,31,153
4,51,154
4,3,155
4,11,156
4,27,157
4,71,158
4,63,159
4,55,160
4,15,161
4,31,162
4,3,163
4,71,164
4,43,165
4,31,166
4,23,167
4,43,168
4,31,169
4,3,170
4,67,171
4,3,172
4,11,173
4,11,174
4,35,175
4,11,176
4,47,177
4,3,178
4,35,179
4,15,180
4,39,181
4,39,182
4,3,183
4,3,184
4,51,185
4,47,186
4,79,187
4,23,188
4,115,189
4,79,190
4,39,191
4,51,192
4,31,193
4,59,194
4,75,195
4,83,196
4,75,197
4,3,198
4,115,199
4,19,200
4,3,201
4,43,202
4,3,203
4,75,204
4,55,205
4,27,206
4,43,207
4,111,208
4,3,209
4,11,210
4,3,211
4,19,212
4,111,213
4,23,214
4,39,215
4,39,216
4,23,217
4,19,218
4,47,219
4,39,220
4,111,221
4,59,222
4,59,223
4,23,224
4,19,225
4,3,226
4,115,227
4,23,228
4,23,229
4,23,230
4,27,231
4,3,232
4,59,233
4,3,234
4,35,235
4,11,236
4,43,237
4,3,238
4,127,239
4,3,240
4,27,241
4,43,242
4,99,243
4,3,244
4,27,245
4,35,246
4,55,247
4,15,248
4,7,249
4,31,250
4,15,251
4,111,252
4,43,253
4,67,254
4,7,255
4,66,21
215931,31,21
4,48,1
4,3,2
4,15,3
4,59,4
4,39,5
4,3,6
4,3,7
4,27,8
4,31,9
4,31,10
4,23,11
4,39,12
4,99,13
4,71,14
4,3,15
4,3,16
4,59,17
4,3,18
4,43,19
4,27,20
4,63,21
4,31,22
4,27,23
4,15,24
4,31,25
4,27,26
4,3,27
4,135,28
4,7,29
4,15,30
4,15,31
4,39,32
4,3,33
4,75,34
4,3,35
4,55,36
4,27,37
4,59,38
4,19,39
4,75,40
4,47,41
4,103,42
4,47,43
4,35,44
4,79,45
4,87,46
4,95,47
4,35,48
4,35,49
4,47,50
4,147,51
4,39,52
4,27,53
4,55,54
4,11,55
4,47,56
4,3,57
4,23,58
4,83,59
4,19,60
4,19,61
4,43,62
4,3,63
4,11,64
4,3,65
4,35,66
4,19,67
4,43,68
4,19,69
4,95,70
4,11,71
4,39,72
4,99,73
4,23,74
4,7,75
4,39,76
4,131,77
4,3,78
4,3,79
4,55,80
4,43,81
4,51,82
4,63,83
4,19,84
4,31,85
4,47,86
4,79,87
4,27,88
4,31,89
4,27,90
4,3,91
4,19,92
4,7,93
4,19,94
4,59,95
4,15,96
4,35,97
4,31,98
4,35,99
4,3,100
4,7,101
4,47,102
4,55,103
4,103,104
4,43,105
4,3,106
4,23,107
4,7,108
4,51,109
4,39,110
4,3,111
4,3,112
4,31,113
4,95,114
4,91,115
4,7,116
4,51,117
4,47,118
4,31,119
4,59,120
4,43,121
4,7,122
4,3,123
4,3,124
4,3,125
4,3,126
4,15,127
4,103,128
4,87,129
4,71,130
4,35,131
4,39,132
4,27,133
4,71,134
4,99,135
4,55,136
4,47,137
4,27,138
4,39,139
4,3,140
4,3,141
4,27,142
4,15,143
4,23,144
4,51,145
4,15,146
4,3,147
4,3,148
4,3,149
4,47,150
4,63,151
4,11,152
4,35,153
4,47,154
4,39,155
4,55,156
4,63,157
4,3,158
4,19,159
4,7,160
4,15,161
4,39,162
4,23,163
4,7,164
4,35,165
4,47,166
4,19,167
4,7,168
4,3,169
4,47,170
4,3,171
4,83,172
4,27,173
4,39,174
4,55,175
4,3,176
4,15,177
4,107,178
4,111,179
4,11,180
4,27,181
4,39,182
4,47,183
4,43,184
4,3,185
4,71,186
4,51,187
4,63,188
4,31,189
4,27,190
4,35,191
4,31,192
4,31,193
4,55,194
4,27,195
4,55,196
4,35,197
4,35,198
4,27,199
4,59,200
4,75,201
4,11,202
4,43,203
4,19,204
4,43,205
4,123,206
4,47,207
4,15,208
4,27,209
4,35,210
4,59,211
4,63,212
4,55,213
4,27,214
4,59,215
4,7,216
4,47,217
4,67,218
4,59,219
4,35,220
4,3,221
4,3,222
4,35,223
4,35,224
4,15,225
4,15,226
4,63,227
4,3,228
4,3,229
4,67,230
4,95,231
4,23,232
4,31,233
4,27,234
4,59,235
4,31,236
4,35,237
4,27,238
4,3,239
4,23,240
4,75,241
4,31,242
4,79,243
4,31,244
4,59,245
4,131,246
4,55,247
4,43,248
4,31,249
4,51,250
4,11,251
4,87,252
4,35,253
4,63,254
4,39,255
225859,27,1
4,51,2
4,15,3
4,55,4
4,27,5
4,3,6
4,3,7
4,31,8
4,27,9
4,7,10
4,23,11
4,11,12
4,43,13
4,71,14
4,67,15
4,19,16
4,15,17
4,99,18
4,51,19
4,7,20
4,123,21
4,43,22
4,31,23
4,35,24
4,99,25
4,3,26
4,39,27
4,43,28
4,99,29
4,3,30
4,7,31
4,87,32
4,3,33
4,3,34
4,3,35
4,87,36
4,19,37
4,63,38
4,39,39
4,39,40
4,3,41
4,19,42
4,19,43
4,27,44
4,55,45
4,111,46
4,27,47
4,7,48
4,19,49
4,23,50
4,79,51
4,55,52
4,59,53
4,27,54
4,19,55
4,47,56
4,35,57
4,35,58
4,3,59
4,35,60
4,67,61
4,3,62
4,43,63
4,11,64
4,67,65
4,35,66
4,43,67
4,23,68
4,87,69
4,59,70
4,3,71
4,15,72
4,3,73
4,99,74
4,103,75
4,27,76
4,23,77
4,15,78
4,75,79
4,3,80
4,27,81
4,27,82
4,67,83
4,95,84
4,39,85
4,43,86
4,67,87
4,3,88
4,3,89
4,3,90
4,107,91
4,3,92
4,19,93
4,79,94
4,27,95
4,3,96
4,51,97
4,3,98
4,51,99
4,35,100
4,51,101
4,35,102
4,15,103
4,39,104
4,39,105
4,19,106
4,3,107
4,35,108
4,3,109
4,71,110
4,87,111
4,39,112
4,51,113
4,127,114
4,35,115
4,171,116
4,87,117
4,3,118
4,47,119
4,59,120
4,3,121
4,59,122
4,59,123
4,87,124
4,19,125
4,51,126
4,31,127
4,3,128
4,31,129
4,3,130
4,55,131
4,15,132
4,71,133
4,35,134
4,87,135
4,79,136
4,27,137
4,47,138
4,75,139
4,35,140
4,7,141
4,31,142
4,59,143
4,11,144
4,3,145
4,3,146
4,55,147
4,23,148
4,31,149
4,35,150
4,47,151
4,15,152
4,87,153
4,67,154
4,3,155
4,3,156
4,39,157
4,79,158
4,43,159
4,71,160
4,15,161
4,39,162
4,23,163
4,35,164
4,3,165
4,59,166
4,31,167
4,11,168
4,27,169
4,27,170
4,31,171
4,3,172
4,79,173
4,67,174
4,35,175
4,55,176
4,27,177
4,87,178
4,79,179
4,51,180
4,3,181
4,55,182
4,47,183
4,11,184
4,107,185
4,55,186
4,11,187
4,31,188
4,7,189
4,3,190
4,19,191
4,55,192
4,51,193
4,35,194
4,91,195
4,95,196
4,55,197
4,27,198
4,11,199
4,15,200
4,3,201
4,75,202
4,39,203
4,71,204
4,59,205
4,39,206
4,115,207
4,31,208
4,27,209
4,43,210
4,15,211
4,27,212
4,59,213
4,43,214
4,19,215
4,3,216
4,3,217
4,47,218
4,107,219
4,3,220
4,31,221
4,55,222
4,35,223
4,3,224
4,79,225
4,3,226
4,35,227
4,15,228
4,47,229
4,27,230
4,15,231
4,3,232
4,47,233
4,3,234
4,31,235
4,59,236
4,23,237
4,55,238
4,19,239
4,39,240
4,47,241
4,35,242
4,39,243
4,67,244
4,15,245
4,23,246
4,27,247
4,151,248
4,23,249
4,15,250
4,47,251
4,115,252
4,3,253
4,51,254
4,91,255
4,18,23
236215,40,1
4,3,2
4,15,3
4,39,4
4,59,5
4,83,6
4,115,7
4,3,8
4,3,9
4,3,10
4,79,11
4,3,12
4,3,13
4,55,14
4,55,15
4,71,16
4,3,17
4,3,18
4,3,19
4,55,20
4,3,21
4,63,22
4,11,23
4,63,24
4,31,25
4,59,26
4,19,27
4,59,28
4,15,29
4,35,30
4,19,31
4,31,32
4,55,33
4,31,34
4,59,35
4,31,36
4,43,37
4,27,38
4,43,39
4,7,40
4,3,41
4,3,42
4,63,43
4,23,44
4,51,45
4,51,46
4,95,47
4,67,48
4,67,49
4,3,50
4,59,51
4,23,52
4,15,53
4,27,54
4,27,55
4,39,56
4,39,57
4,39,58
4,79,59
4,11,60
4,3,61
4,31,62
4,3,63
4,59,64
4,59,65
4,35,66
4,15,67
4,27,68
4,83,69
4,59,70
4,51,71
4,3,72
4,83,73
4,39,74
4,7,75
4,39,76
4,51,77
4,3,78
4,71,79
4,27,80
4,27,81
4,27,82
4,55,83
4,7,84
4,15,85
4,11,86
4,23,87
4,67,88
4,159,89
4,55,90
4,7,91
4,75,92
4,51,93
4,23,94
4,27,95
4,15,96
4,39,97
4,59,98
4,39,99
4,19,100
4,59,101
4,3,102
4,67,103
4,47,104
4,3,105
4,71,106
4,39,107
4,3,108
4,23,109
4,3,110
4,27,111
4,15,112
4,71,113
4,7,114
4,31,115
4,127,116
4,35,117
4,7,118
4,51,119
4,63,120
4,51,121
4,43,122
4,67,123
4,27,124
4,75,125
4,3,126
4,31,127
4,11,128
4,75,129
4,47,130
4,27,131
4,3,132
4,47,133
4,43,134
4,19,135
4,27,136
4,3,137
4,59,138
4,3,139
4,7,140
4,39,141
4,23,142
4,35,143
4,7,144
4,3,145
4,35,146
4,3,147
4,107,148
4,19,149
4,3,150
4,11,151
4,3,152
4,39,153
4,27,154
4,55,155
4,23,156
4,3,157
4,27,158
4,3,159
4,63,160
4,31,161
4,27,162
4,39,163
4,47,164
4,15,165
4,23,166
4,27,167
4,27,168
4,27,169
4,67,170
4,23,171
4,19,172
4,47,173
4,47,174
4,75,175
4,63,176
4,23,177
4,43,178
4,47,179
4,3,180
4,51,181
4,35,182
4,3,183
4,47,184
4,3,185
4,131,186
4,3,187
4,27,188
4,67,189
4,119,190
4,51,191
4,55,192
4,87,193
4,63,194
4,35,195
4,51,196
4,3,197
4,19,198
4,3,199
4,23,200
4,131,201
4,35,202
4,19,203
4,35,204
4,39,205
4,59,206
4,27,207
4,59,208
4,35,209
4,3,210
4,7,211
4,39,212
4,79,213
4,43,214
4,3,215
4,39,216
4,47,217
4,39,218
4,83,219
4,51,220
4,15,221
4,31,222
4,87,223
4,3,224
4,35,225
4,27,226
4,55,227
4,59,228
4,27,229
4,59,230
4,59,231
4,7,232
4,31,233
4,31,234
4,71,235
4,47,236
4,75,237
4,11,238
4,31,239
4,19,240
4,3,241
4,95,242
4,59,243
4,83,244
4,39,245
4,75,246
4,15,247
4,35,248
4,3,249
4,3,250
4,95,251
4,51,252
4,3,253
4,75,254
4,7,255
4,58,24
246055,35,24
4,12,1
4,7,2
4,31,3
4,55,4
4,3,5
4,39,6
4,51,7
4,19,8
4,35,9
4,35,10
4,99,11
4,3,12
4,47,13
4,31,14
4,63,15
4,47,16
4,27,17
4,71,18
4,15,19
4,63,20
4,27,21
4,75,22
4,67,23
4,27,24
4,15,25
4,107,26
4,3,27
4,7,28
4,47,29
4,27,30
4,55,31
4,47,32
4,19,33
4,3,34
4,39,35
4,3,36
4,15,37
4,35,38
4,87,39
4,27,40
4,3,41
4,27,42
4,3,43
4,55,44
4,35,45
4,79,46
4,3,47
4,27,48
4,151,49
4,31,50
4,47,51
4,23,52
4,11,53
4,67,54
4,31,55
4,11,56
4,3,57
4,63,58
4,43,59
4,23,60
4,51,61
4,15,62
4,47,63
4,27,64
4,39,65
4,3,66
4,31,67
4,19,68
4,123,69
4,67,70
4,3,71
4,43,72
4,23,73
4,3,74
4,15,75
4,19,76
4,71,77
4,39,78
4,83,79
4,39,80
4,39,81
4,39,82
4,67,83
4,15,84
4,55,85
4,47,86
4,19,87
4,75,88
4,71,89
4,27,90
4,3,91
4,139,92
4,19,93
4,83,94
4,47,95
4,87,96
4,99,97
4,27,98
4,3,99
4,55,100
4,43,101
4,59,102
4,3,103
4,27,104
4,119,105
4,63,106
4,15,107
4,43,108
4,15,109
4,19,110
4,35,111
4,35,112
4,43,113
4,43,114
4,3,115
4,63,116
4,3,117
4,87,118
4,3,119
4,67,120
4,55,121
4,19,122
4,115,123
4,19,124
4,31,125
4,47,126
4,3,127
4,51,128
4,39,129
4,15,130
4,63,131
4,15,132
4,39,133
4,31,134
4,71,135
4,35,136
4,3,137
4,35,138
4,83,139
4,43,140
4,35,141
4,87,142
4,3,143
4,15,144
4,39,145
4,47,146
4,31,147
4,47,148
4,3,149
4,23,150
4,63,151
4,3,152
4,39,153
4,35,154
4,67,155
4,51,156
4,87,157
4,31,158
4,79,159
4,3,160
4,47,161
4,3,162
4,67,163
4,3,164
4,11,165
4,27,166
4,31,167
4,19,168
4,47,169
4,43,170
4,107,171
4,7,172
4,99,173
4,35,174
4,67,175
4,27,176
4,63,177
4,19,178
4,39,179
4,79,180
4,51,181
4,15,182
4,79,183
4,67,184
4,3,185
4,59,186
4,3,187
4,3,188
4,7,189
4,23,190
4,35,191
4,23,192
4,3,193
4,15,194
4,23,195
4,3,196
4,3,197
4,47,198
4,71,199
4,7,200
4,47,201
4,71,202
4,83,203
4,3,204
4,115,205
4,19,206
4,55,207
4,11,208
4,27,209
4,35,210
4,71,211
4,27,212
4,55,213
4,83,214
4,31,215
4,35,216
4,59,217
4,35,218
4,31,219
4,31,220
4,35,221
4,39,222
4,43,223
4,3,224
4,51,225
4,47,226
4,63,227
4,3,228
4,107,229
4,31,230
4,59,231
4,91,232
4,27,233
4,23,234
4,3,235
4,3,236
4,55,237
4,35,238
4,43,239
4,67,240
4,51,241
4,7,242
4,11,243
4,31,244
4,107,245
4,43,246
4,27,247
4,55,248
4,87,249
4,11,250
4,23,251
4,3,252
4,39,253
4,27,254
4,3,255
256355,6,25
4,52,1
4,15,2
4,11,3
4,71,4
4,31,5
4,11,6
4,3,7
4,67,8
4,59,9
4,31,10
4,43,11
4,3,12
4,47,13
4,11,14
4,35,15
4,27,16
4,71,17
4,15,18
4,15,19
4,55,20
4,15,21
4,55,22
4,3,23
4,23,24
4,75,25
4,51,26
4,103,27
4,43,28
4,43,29
4,23,30
4,43,31
4,47,32
4,3,33
4,31,34
4,63,35
4,23,36
4,3,37
4,63,38
4,83,39
4,31,40
4,15,41
4,43,42
4,27,43
4,67,44
4,31,45
4,3,46
4,43,47
4,35,48
4,23,49
4,23,50
4,35,51
4,63,52
4,79,53
4,7,54
4,55,55
4,3,56
4,63,57
4,11,58
4,47,59
4,27,60
4,47,61
4,19,62
4,63,63
4,19,64
4,35,65
4,39,66
4,91,67
4,7,68
4,15,69
4,75,70
4,3,71
4,51,72
4,27,73
4,59,74
4,31,75
4,15,76
4,39,77
4,59,78
4,83,79
4,27,80
4,71,81
4,83,82
4,19,83
4,31,84
4,55,85
4,3,86
4,3,87
4,3,88
4,27,89
4,15,90
4,15,91
4,3,92
4,7,93
4,19,94
4,51,95
4,19,96
4,11,97
4,11,98
4,47,99
4,67,100
4,55,101
4,3,102
4,31,103
4,47,104
4,15,105
4,3,106
4,35,107
4,35,108
4,15,109
4,23,110
4,15,111
4,47,112
4,3,113
4,27,114
4,15,115
4,63,116
4,11,117
4,3,118
4,83,119
4,3,120
4,23,121
4,63,122
4,31,123
4,115,124
4,11,125
4,27,126
4,91,127
4,39,128
4,3,129
4,59,130
4,11,131
4,95,132
4,31,133
4,59,134
4,3,135
4,23,136
4,63,137
4,43,138
4,3,139
4,63,140
4,11,141
4,35,142
4,67,143
4,47,144
4,51,145
4,23,146
4,15,147
4,79,148
4,27,149
4,11,150
4,51,151
4,3,152
4,11,153
4,19,154
4,87,155
4,3,156
4,47,157
4,27,158
4,47,159
4,23,160
4,3,161
4,67,162
4,27,163
4,63,164
4,91,165
4,35,166
4,19,167
4,43,168
4,3,169
4,67,170
4,71,171
4,27,172
4,51,173
4,15,174
4,31,175
4,31,176
4,3,177
4,27,178
4,63,179
4,35,180
4,47,181
4,27,182
4,23,183
4,27,184
4,31,185
4,43,186
4,59,187
4,7,188
4,63,189
4,23,190
4,71,191
4,7,192
4,35,193
4,39,194
4,31,195
4,15,196
4,3,197
4,59,198
4,31,199
4,39,200
4,11,201
4,19,202
4,31,203
4,27,204
4,47,205
4,103,206
4,71,207
4,123,208
4,15,209
4,7,210
4,51,211
4,75,212
4,11,213
4,23,214
4,67,215
4,51,216
4,35,217
4,23,218
4,27,219
4,31,220
4,15,221
4,119,222
4,59,223
4,3,224
4,3,225
4,7,226
4,39,227
4,35,228
4,51,229
4,51,230
4,47,231
4,51,232
4,51,233
4,23,234
4,11,235
4,87,236
4,3,237
4,3,238
4,75,239
4,51,240
4,7,241
4,23,242
4,63,243
4,67,244
4,31,245
4,27,246
4,3,247
4,15,248
4,27,249
4,19,250
4,55,251
4,11,252
4,31,253
4,43,254
4,23,255
4,30,26
265739,36,1
4,7,2
4,55,3
4,23,4
4,87,5
4,15,6
4,3,7
4,39,8
4,131,9
4,35,10
4,3,11
4,11,12
4,19,13
4,19,14
4,51,15
4,67,16
4,11,17
4,39,18
4,35,19
4,11,20
4,3,21
4,155,22
4,7,23
4,23,24
4,15,25
4,47,26
4,19,27
4,55,28
4,51,29
4,31,30
4,23,31
4,87,32
4,35,33
4,15,34
4,27,35
4,3,36
4,59,37
4,15,38
4,3,39
4,7,40
4,51,41
4,135,42
4,23,43
4,67,44
4,83,45
4,99,46
4,59,47
4,35,48
4,23,49
4,55,50
4,3,51
4,7,52
4,3,53
4,19,54
4,3,55
4,11,56
4,27,57
4,31,58
4,63,59
4,35,60
4,31,61
4,3,62
4,3,63
4,91,64
4,191,65
4,71,66
4,3,67
4,59,68
4,35,69
4,47,70
4,31,71
4,59,72
4,19,73
4,3,74
4,27,75
4,43,76
4,43,77
4,15,78
4,27,79
4,19,80
4,39,81
4,107,82
4,19,83
4,31,84
4,67,85
4,83,86
4,7,87
4,39,88
4,79,89
4,47,90
4,75,91
4,31,92
4,35,93
4,3,94
4,39,95
4,47,96
4,3,97
4,23,98
4,91,99
4,7,100
4,43,101
4,51,102
4,3,103
4,51,104
4,59,105
4,43,106
4,155,107
4,3,108
4,23,109
4,27,110
4,127,111
4,71,112
4,7,113
4,71,114
4,27,115
4,71,116
4,19,117
4,15,118
4,15,119
4,19,120
4,15,121
4,27,122
4,23,123
4,35,124
4,35,125
4,47,126
4,79,127
4,43,128
4,47,129
4,59,130
4,67,131
4,7,132
4,59,133
4,83,134
4,47,135
4,27,136
4,3,137
4,31,138
4,59,139
4,15,140
4,3,141
4,19,142
4,3,143
4,83,144
4,23,145
4,3,146
4,19,147
4,91,148
4,51,149
4,19,150
4,35,151
4,3,152
4,47,153
4,7,154
4,11,155
4,3,156
4,35,157
4,43,158
4,55,159
4,55,160
4,31,161
4,79,162
4,23,163
4,55,164
4,3,165
4,3,166
4,11,167
4,59,168
4,23,169
4,11,170
4,51,171
4,23,172
4,23,173
4,91,174
4,39,175
4,27,176
4,71,177
4,51,178
4,19,179
4,87,180
4,23,181
4,59,182
4,51,183
4,59,184
4,71,185
4,3,186
4,15,187
4,71,188
4,23,189
4,47,190
4,55,191
4,15,192
4,7,193
4,11,194
4,7,195
4,83,196
4,83,197
4,3,198
4,59,199
4,15,200
4,3,201
4,39,202
4,31,203
4,39,204
4,31,205
4,3,206
4,43,207
4,7,208
4,91,209
4,59,210
4,47,211
4,3,212
4,7,213
4,67,214
4,51,215
4,31,216
4,3,217
4,11,218
4,23,219
4,111,220
4,3,221
4,79,222
4,3,223
4,43,224
4,71,225
4,43,226
4,39,227
4,43,228
4,71,229
4,7,230
4,7,231
4,35,232
4,95,233
4,83,234
4,19,235
4,79,236
4,3,237
4,7,238
4,11,239
4,3,240
4,67,241
4,35,242
4,83,243
4,19,244
4,19,245
4,3,246
4,31,247
4,15,248
4,27,249
4,3,250
4,43,251
4,35,252
4,43,253
4,63,254
4,39,255
4,22,27
275707,23,27
4,44,1
4,83,2
4,19,3
4,83,4
4,43,5
4,79,6
4,19,7
4,31,8
4,3,9
4,47,10
4,67,11
4,43,12
4,43,13
4,67,14
4,39,15
4,31,16
4,95,17
4,63,18
4,43,19
4,23,20
4,75,21
4,3,22
4,87,23
4,47,24
4,79,25
4,55,26
4,3,27
4,15,28
4,63,29
4,31,30
4,39,31
4,3,32
4,35,33
4,79,34
4,79,35
4,19,36
4,3,37
4,47,38
4,15,39
4,3,40
4,55,41
4,19,42
4,63,43
4,99,44
4,27,45
4,31,46
4,59,47
4,23,48
4,35,49
4,27,50
4,19,51
4,59,52
4,47,53
4,63,54
4,23,55
4,39,56
4,7,57
4,63,58
4,31,59
4,15,60
4,31,61
4,3,62
4,83,63
4,3,64
4,75,65
4,59,66
4,7,67
4,15,68
4,15,69
4,3,70
4,11,71
4,7,72
4,3,73
4,3,74
4,71,75
4,3,76
4,103,77
4,35,78
4,27,79
4,91,80
4,95,81
4,3,82
4,47,83
4,87,84
4,31,85
4,75,86
4,99,87
4,3,88
4,27,89
4,91,90
4,59,91
4,15,92
4,27,93
4,159,94
4,31,95
4,15,96
4,3,97
4,51,98
4,75,99
4,43,100
4,15,101
4,19,102
4,71,103
4,47,104
4,15,105
4,107,106
4,27,107
4,23,108
4,47,109
4,31,110
4,31,111
4,47,112
4,23,113
4,23,114
4,35,115
4,63,116
4,55,117
4,27,118
4,39,119
4,67,120
4,103,121
4,19,122
4,55,123
4,23,124
4,43,125
4,67,126
4,87,127
4,19,128
4,23,129
4,19,130
4,59,131
4,35,132
4,35,133
4,59,134
4,15,135
4,3,136
4,35,137
4,31,138
4,3,139
4,47,140
4,3,141
4,27,142
4,127,143
4,39,144
4,11,145
4,7,146
4,39,147
4,3,148
4,23,149
4,3,150
4,59,151
4,83,152
4,43,153
4,11,154
4,7,155
4,3,156
4,19,157
4,19,158
4,27,159
4,3,160
4,3,161
4,15,162
4,47,163
4,3,164
4,31,165
4,31,166
4,3,167
4,91,168
4,15,169
4,23,170
4,59,171
4,59,172
4,51,173
4,19,174
4,11,175
4,11,176
4,3,177
4,43,178
4,63,179
4,7,180
4,3,181
4,43,182
4,3,183
4,27,184
4,75,185
4,31,186
4,11,187
4,23,188
4,47,189
4,47,190
4,23,191
4,19,192
4,55,193
4,19,194
4,63,195
4,59,196
4,3,197
4,47,198
4,95,199
4,43,200
4,59,201
4,19,202
4,51,203
4,35,204
4,11,205
4,67,206
4,67,207
4,3,208
4,3,209
4,3,210
4,103,211
4,47,212
4,79,213
4,87,214
4,47,215
4,19,216
4,51,217
4,27,218
4,47,219
4,3,220
4,3,221
4,3,222
4,51,223
4,47,224
4,3,225
4,19,226
4,51,227
4,111,228
4,3,229
4,35,230
4,39,231
4,23,232
4,43,233
4,59,234
4,11,235
4,23,236
4,55,237
4,3,238
4,63,239
4,19,240
4,87,241
4,19,242
4,71,243
4,31,244
4,11,245
4,35,246
4,31,247
4,3,248
4,55,249
4,31,250
4,3,251
4,79,252
4,87,253
4,35,254
4,31,255
4,58,28
285815,36,1
4,75,2
4,3,3
4,51,4
4,35,5
4,87,6
4,55,7
4,39,8
4,47,9
4,43,10
4,35,11
4,3,12
4,7,13
4,79,14
4,35,15
4,55,16
4,47,17
4,11,18
4,71,19
4,63,20
4,55,21
4,15,22
4,43,23
4,55,24
4,55,25
4,55,26
4,3,27
4,51,28
4,39,29
4,39,30
4,123,31
4,59,32
4,35,33
4,39,34
4,43,35
4,15,36
4,47,37
4,51,38
4,43,39
4,115,40
4,51,41
4,15,42
4,51,43
4,3,44
4,43,45
4,23,46
4,23,47
4,27,48
4,15,49
4,55,50
4,55,51
4,3,52
4,3,53
4,43,54
4,71,55
4,19,56
4,27,57
4,67,58
4,3,59
4,67,60
4,51,61
4,39,62
4,79,63
4,39,64
4,3,65
4,79,66
4,43,67
4,3,68
4,35,69
4,27,70
4,23,71
4,15,72
4,11,73
4,31,74
4,27,75
4,3,76
4,39,77
4,19,78
4,95,79
4,59,80
4,43,81
4,23,82
4,71,83
4,39,84
4,47,85
4,23,86
4,3,87
4,31,88
4,19,89
4,23,90
4,63,91
4,87,92
4,3,93
4,63,94
4,3,95
4,51,96
4,71,97
4,3,98
4,59,99
4,11,100
4,31,101
4,59,102
4,31,103
4,31,104
4,15,105
4,75,106
4,3,107
4,35,108
4,47,109
4,95,110
4,55,111
4,51,112
4,59,113
4,83,114
4,11,115
4,3,116
4,47,117
4,75,118
4,7,119
4,31,120
4,3,121
4,3,122
4,63,123
4,19,124
4,3,125
4,3,126
4,35,127
4,95,128
4,35,129
4,3,130
4,27,131
4,19,132
4,103,133
4,67,134
4,51,135
4,103,136
4,3,137
4,43,138
4,39,139
4,27,140
4,55,141
4,35,142
4,47,143
4,83,144
4,31,145
4,83,146
4,39,147
4,7,148
4,15,149
4,35,150
4,31,151
4,11,152
4,15,153
4,3,154
4,31,155
4,27,156
4,11,157
4,19,158
4,51,159
4,71,160
4,55,161
4,35,162
4,19,163
4,47,164
4,91,165
4,95,166
4,19,167
4,51,168
4,35,169
4,31,170
4,51,171
4,83,172
4,3,173
4,3,174
4,39,175
4,131,176
4,51,177
4,47,178
4,35,179
4,35,180
4,3,181
4,3,182
4,11,183
4,3,184
4,31,185
4,51,186
4,59,187
4,3,188
4,35,189
4,27,190
4,19,191
4,3,192
4,71,193
4,3,194
4,3,195
4,55,196
4,35,197
4,19,198
4,19,199
4,3,200
4,131,201
4,3,202
4,23,203
4,47,204
4,3,205
4,51,206
4,27,207
4,23,208
4,31,209
4,43,210
4,15,211
4,47,212
4,27,213
4,75,214
4,23,215
4,39,216
4,59,217
4,27,218
4,47,219
4,75,220
4,59,221
4,51,222
4,11,223
4,3,224
4,7,225
4,55,226
4,7,227
4,27,228
4,99,229
4,43,230
4,35,231
4,7,232
4,51,233
4,19,234
4,35,235
4,3,236
4,87,237
4,59,238
4,55,239
4,3,240
4,75,241
4,59,242
4,27,243
4,3,244
4,55,245
4,99,246
4,55,247
4,3,248
4,35,249
4,31,250
4,59,251
4,55,252
4,19,253
4,19,254
4,31,255
4,70,29
295923,64,1
4,3,2
4,31,3
4,151,4
4,11,5
4,31,6
4,91,7
4,59,8
4,103,9
4,59,10
4,55,11
4,55,12
4,3,13
4,35,14
4,47,15
4,63,16
4,3,17
4,51,18
4,15,19
4,3,20
4,83,21
4,59,22
4,3,23
4,35,24
4,3,25
4,3,26
4,15,27
4,127,28
4,27,29
4,3,30
4,3,31
4,63,32
4,35,33
4,91,34
4,43,35
4,43,36
4,55,37
4,99,38
4,43,39
4,39,40
4,7,41
4,35,42
4,23,43
4,43,44
4,31,45
4,79,46
4,47,47
4,7,48
4,123,49
4,23,50
4,35,51
4,11,52
4,7,53
4,39,54
4,3,55
4,87,56
4,27,57
4,47,58
4,47,59
4,67,60
4,23,61
4,11,62
4,3,63
4,39,64
4,3,65
4,59,66
4,3,67
4,67,68
4,31,69
4,3,70
4,39,71
4,15,72
4,15,73
4,23,74
4,31,75
4,35,76
4,55,77
4,87,78
4,39,79
4,23,80
4,43,81
4,19,82
4,83,83
4,31,84
4,23,85
4,7,86
4,43,87
4,7,88
4,15,89
4,3,90
4,3,91
4,47,92
4,11,93
4,27,94
4,19,95
4,71,96
4,31,97
4,51,98
4,3,99
4,35,100
4,7,101
4,27,102
4,11,103
4,35,104
4,51,105
4,3,106
4,31,107
4,51,108
4,7,109
4,19,110
4,87,111
4,39,112
4,39,113
4,51,114
4,15,115
4,3,116
4,3,117
4,79,118
4,7,119
4,3,120
4,43,121
4,55,122
4,3,123
4,35,124
4,43,125
4,19,126
4,7,127
4,47,128
4,67,129
4,67,130
4,23,131
4,19,132
4,3,133
4,75,134
4,3,135
4,15,136
4,35,137
4,11,138
4,19,139
4,31,140
4,87,141
4,87,142
4,59,143
4,35,144
4,27,145
4,63,146
4,75,147
4,51,148
4,39,149
4,47,150
4,31,151
4,31,152
4,23,153
4,83,154
4,31,155
4,3,156
4,3,157
4,31,158
4,55,159
4,7,160
4,55,161
4,11,162
4,151,163
4,35,164
4,19,165
4,63,166
4,7,167
4,63,168
4,91,169
4,3,170
4,31,171
4,27,172
4,31,173
4,55,174
4,67,175
4,35,176
4,3,177
4,43,178
4,27,179
4,31,180
4,47,181
4,15,182
4,15,183
4,107,184
4,3,185
4,39,186
4,3,187
4,43,188
4,115,189
4,3,190
4,39,191
4,75,192
4,47,193
4,31,194
4,11,195
4,55,196
4,63,197
4,31,198
4,47,199
4,35,200
4,55,201
4,27,202
4,51,203
4,15,204
4,15,205
4,91,206
4,39,207
4,115,208
4,79,209
4,19,210
4,59,211
4,27,212
4,27,213
4,47,214
4,39,215
4,35,216
4,47,217
4,59,218
4,39,219
4,15,220
4,23,221
4,35,222
4,39,223
4,67,224
4,7,225
4,15,226
4,11,227
4,31,228
4,3,229
4,15,230
4,91,231
4,87,232
4,27,233
4,31,234
4,59,235
4,79,236
4,3,237
4,23,238
4,67,239
4,7,240
4,47,241
4,19,242
4,51,243
4,15,244
4,51,245
4,23,246
4,31,247
4,3,248
4,27,249
4,55,250
4,3,251
4,3,252
4,7,253
4,83,254
4,3,255
4,70,30
305723,31,30
4,4,1
4,59,2
4,79,3
4,43,4
4,3,5
4,19,6
4,43,7
4,3,8
4,51,9
4,3,10
4,35,11
4,3,12
4,27,13
4,3,14
4,27,15
4,35,16
4,35,17
4,3,18
4,19,19
4,3,20
4,55,21
4,11,22
4,7,23
4,3,24
4,115,25
4,39,26
4,83,27
4,3,28
4,47,29
4,23,30
4,19,31
4,23,32
4,23,33
4,43,34
4,51,35
4,47,36
4,87,37
4,3,38
4,35,39
4,39,40
4,83,41
4,31,42
4,3,43
4,91,44
4,3,45
4,35,46
4,51,47
4,35,48
4,3,49
4,3,50
4,39,51
4,31,52
4,75,53
4,67,54
4,43,55
4,55,56
4,31,57
4,63,58
4,51,59
4,35,60
4,91,61
4,43,62
4,35,63
4,63,64
4,3,65
4,3,66
4,39,67
4,71,68
4,55,69
4,27,70
4,19,71
4,67,72
4,23,73
4,27,74
4,55,75
4,91,76
4,127,77
4,79,78
4,19,79
4,71,80
4,15,81
4,19,82
4,3,83
4,31,84
4,7,85
4,15,86
4,91,87
4,127,88
4,19,89
4,51,90
4,39,91
4,23,92
4,95,93
4,23,94
4,91,95
4,3,96
4,35,97
4,67,98
4,3,99
4,63,100
4,31,101
4,39,102
4,51,103
4,71,104
4,23,105
4,55,106
4,35,107
4,59,108
4,75,109
4,47,110
4,3,111
4,3,112
4,31,113
4,19,114
4,3,115
4,43,116
4,39,117
4,91,118
4,35,119
4,3,120
4,39,121
4,15,122
4,79,123
4,59,124
4,3,125
4,23,126
4,11,127
4,47,128
4,67,129
4,15,130
4,51,131
4,43,132
4,39,133
4,55,134
4,31,135
4,27,136
4,3,137
4,39,138
4,63,139
4,43,140
4,23,141
4,31,142
4,63,143
4,43,144
4,3,145
4,71,146
4,3,147
4,11,148
4,59,149
4,27,150
4,27,151
4,83,152
4,27,153
4,31,154
4,3,155
4,39,156
4,27,157
4,11,158
4,23,159
4,63,160
4,47,161
4,35,162
4,67,163
4,59,164
4,51,165
4,31,166
4,35,167
4,3,168
4,23,169
4,11,170
4,39,171
4,15,172
4,99,173
4,3,174
4,11,175
4,3,176
4,11,177
4,47,178
4,3,179
4,47,180
4,15,181
4,55,182
4,3,183
4,27,184
4,35,185
4,3,186
4,27,187
4,47,188
4,79,189
4,27,190
4,3,191
4,23,192
4,43,193
4,31,194
4,11,195
4,79,196
4,39,197
4,55,198
4,163,199
4,23,200
4,39,201
4,19,202
4,71,203
4,47,204
4,27,205
4,91,206
4,11,207
4,11,208
4,3,209
4,47,210
4,27,211
4,55,212
4,51,213
4,3,214
4,63,215
4,23,216
4,31,217
4,75,218
4,3,219
4,19,220
4,11,221
4,3,222
4,31,223
4,7,224
4,11,225
4,83,226
4,7,227
4,31,228
4,7,229
4,87,230
4,35,231
4,3,232
4,59,233
4,7,234
4,35,235
4,3,236
4,7,237
4,31,238
4,87,239
4,35,240
4,31,241
4,27,242
4,35,243
4,59,244
4,23,245
4,71,246
4,43,247
4,3,248
4,59,249
4,79,250
4,55,251
4,43,252
4,35,253
4,31,254
4,71,255
4,58,31
315475,20,1
4,47,2
4,63,3
4,23,4
4,67,5
4,51,6
4,47,7
4,95,8
4,27,9
4,19,10
4,83,11
4,27,12
4,23,13
4,59,14
4,79,15
4,3,16
4,127,17
4,19,18
4,19,19
4,43,20
4,35,21
4,11,22
4,15,23
4,43,24
4,35,25
4,3,26
4,79,27
4,111,28
4,59,29
4,3,30
4,35,31
4,47,32
4,11,33
4,67,34
4,43,35
4,51,36
4,59,37
4,71,38
4,71,39
4,79,40
4,91,41
4,27,42
4,35,43
4,11,44
4,59,45
4,23,46
4,79,47
4,119,48
4,3,49
4,43,50
4,27,51
4,43,52
4,35,53
4,59,54
4,35,55
4,11,56
4,3,57
4,59,58
4,3,59
4,3,60
4,51,61
4,27,62
4,39,63
4,75,64
4,67,65
4,79,66
4,27,67
4,19,68
4,51,69
4,3,70
4,23,71
4,47,72
4,3,73
4,67,74
4,19,75
4,3,76
4,75,77
4,55,78
4,39,79
4,35,80
4,7,81
4,47,82
4,35,83
4,23,84
4,3,85
4,75,86
4,59,87
4,15,88
4,55,89
4,3,90
4,51,91
4,71,92
4,19,93
4,51,94
4,59,95
4,3,96
4,31,97
4,79,98
4,59,99
4,55,100
4,3,101
4,59,102
4,43,103
4,43,104
4,35,105
4,55,106
4,83,107
4,35,108
4,67,109
4,23,110
4,35,111
4,35,112
4,19,113
4,35,114
4,11,115
4,55,116
4,7,117
4,35,118
4,3,119
4,27,120
4,51,121
4,3,122
4,119,123
4,3,124
4,67,125
4,3,126
4,47,127
4,19,128
4,23,129
4,3,130
4,43,131
4,3,132
4,19,133
4,35,134
4,87,135
4,39,136
4,35,137
4,47,138
4,43,139
4,15,140
4,87,141
4,19,142
4,55,143
4,39,144
4,119,145
4,19,146
4,47,147
4,35,148
4,79,149
4,71,150
4,35,151
4,31,152
4,3,153
4,55,154
4,47,155
4,3,156
4,35,157
4,67,158
4,15,159
4,11,160
4,51,161
4,47,162
4,67,163
4,111,164
4,3,165
4,35,166
4,15,167
4,107,168
4,55,169
4,39,170
4,35,171
4,31,172
4,19,173
4,31,174
4,143,175
4,43,176
4,35,177
4,3,178
4,67,179
4,3,180
4,3,181
4,19,182
4,55,183
4,15,184
4,23,185
4,27,186
4,15,187
4,31,188
4,3,189
4,59,190
4,27,191
4,31,192
4,27,193
4,27,194
4,19,195
4,43,196
4,31,197
4,75,198
4,35,199
4,47,200
4,35,201
4,19,202
4,47,203
4,47,204
4,59,205
4,99,206
4,51,207
4,35,208
4,11,209
4,103,210
4,43,211
4,91,212
4,31,213
4,39,214
4,71,215
4,59,216
4,39,217
4,39,218
4,87,219
4,35,220
4,31,221
4,3,222
4,39,223
4,39,224
4,43,225
4,55,226
4,59,227
4,71,228
4,3,229
4,27,230
4,47,231
4,47,232
4,27,233
4,63,234
4,35,235
4,35,236
4,39,237
4,23,238
4,39,239
4,3,240
4,3,241
4,31,242
4,87,243
4,23,244
4,75,245
4,23,246
4,11,247
4,47,248
4,23,249
4,79,250
4,91,251
4,63,252
4,71,253
4,3,254
4,23,255
4,28,0
