0,0,0
1,2,7
4,3,3
4,3,65
4,3,0
1,7,1
4,63,2
4,11,3
4,43,4
4,79,5
4,11,6
4,31,7
4,67,8
4,31,9
4,51,10
4,3,11
4,27,12
4,35,13
4,3,14
4,23,15
4,55,16
4,11,17
4,3,18
4,39,19
4,59,20
4,23,21
4,27,22
4,7,23
4,31,24
4,59,25
4,55,26
4,3,27
4,11,28
4,3,29
4,59,30
4,23,31
4,23,32
4,83,33
4,15,34
4,15,35
4,19,36
4,15,37
4,23,38
4,55,39
4,3,40
4,35,41
4,15,42
4,11,43
4,3,44
4,31,45
4,35,46
4,23,47
4,23,48
4,31,49
4,79,50
4,3,51
4,35,52
4,27,53
4,7,65
12,11,53
4,27,54
4,51,55
4,31,56
4,87,57
4,3,58
4,103,59
4,47,60
4,43,61
4,63,62
4,23,63
4,3,64
4,79,65
4,87,66
4,51,67
4,99,68
4,51,69
4,83,70
4,87,71
4,3,72
4,43,73
4,19,74
4,83,75
4,35,76
4,3,77
4,19,78
4,51,79
4,3,80
4,55,81
4,7,82
4,11,83
4,35,48
12,11,84
4,23,85
4,11,86
4,31,87
4,15,66
4,3,88
4,15,89
4,3,90
4,47,134
8,7,91
4,55,92
4,19,93
4,3,94
4,111,95
4,55,96
4,79,97
4,71,98
4,3,99
4,23,100
4,35,101
4,35,102
4,35,103
4,31,104
4,83,105
4,3,106
4,35,107
4,55,108
4,47,109
4,3,110
4,27,111
4,15,112
4,3,113
4,11,141
16,15,113
4,71,114
4,55,115
4,35,116
4,19,137
24,23,116
4,7,117
4,3,118
4,63,119
4,23,120
4,27,121
4,39,104
12,11,122
4,27,123
4,15,124
4,35,125
4,19,126
4,23,127
4,27,128
4,11,129
4,23,130
4,63,131
4,19,156
12,11,132
4,35,133
4,51,134
460,7,134
4,27,135
4,3,136
4,51,137
4,67,160
20,19,138
4,47,139
4,35,140
4,31,141
4,107,142
4,27,143
4,19,144
4,7,145
4,31,146
4,7,196
12,11,147
4,23,148
4,7,149
4,3,150
4,15,151
4,23,152
4,43,153
4,51,154
4,23,155
4,47,156
4,11,157
4,71,158
4,3,159
688,7,160
4,35,161
4,11,162
4,23,163
4,7,164
4,35,165
4,35,166
4,3,167
4,19,168
4,27,169
4,23,170
4,79,171
4,39,172
4,15,173
4,3,174
4,39,175
4,51,104
24,23,176
4,3,177
4,35,178
4,59,179
4,23,180
4,35,181
4,19,182
4,27,183
4,43,184
4,51,185
4,15,186
4,19,187
4,31,188
4,51,189
4,63,190
4,19,191
4,11,192
4,3,193
4,51,194
4,51,195
4,39,196
4,103,197
4,35,198
4,27,199
4,3,200
4,63,201
4,19,202
4,39,247
16,15,203
4,7,204
4,55,205
4,63,206
4,123,207
4,39,208
4,31,209
4,67,210
4,11,211
4,51,212
4,27,213
4,7,214
4,67,215
4,63,216
4,67,217
4,23,218
4,31,219
4,63,220
4,59,221
4,59,222
4,79,223
4,79,224
4,23,225
4,11,226
4,67,227
4,23,228
4,15,229
992,7,229
4,31,230
4,23,231
4,67,232
4,51,233
4,7,246
12,11,234
4,3,235
4,15,223
20,19,235
4,7,236
4,51,237
4,39,238
4,35,239
4,123,240
4,35,241
4,39,242
4,10,1
6884,4,242
4,23,243
4,11,244
4,7,245
4,71,246
4,39,247
4,83,248
4,31,249
4,51,250
4,27,251
4,11,252
4,71,253
4,35,254
4,3,255
9475,66,1
4,12,1
4,23,2
4,15,3
4,3,4
4,39,5
4,67,6
4,3,7
4,47,8
4,83,9
4,23,10
4,11,11
4,51,12
4,27,13
4,67,14
4,51,15
4,23,16
4,3,38
8,7,16
4,87,17
4,43,18
4,15,19
4,123,20
4,3,21
4,51,22
4,47,23
4,79,24
4,3,25
4,15,26
4,27,27
4,83,28
4,43,29
4,23,30
4,7,31
4,35,32
4,15,33
4,19,108
24,23,33
4,55,34
4,59,88
4,3,35
4,10,0
1688,3,1
16,11,1
4,8,36
4,95,37
4,43,38
4,3,39
4,35,40
4,11,41
4,19,42
4,27,43
4,83,44
4,35,45
4,70,0
2560,3,1
10072,3,1
4,20,47
4,51,48
4,3,49
4,15,50
4,19,51
4,3,52
4,31,53
4,19,54
4,59,55
4,27,56
4,43,79
32,31,57
4,47,58
4,19,59
4,3,60
4,19,103
24,23,61
4,3,62
4,11,63
4,63,64
4,3,65
4,47,66
4,19,67
4,31,68
4,31,69
4,31,70
4,11,71
4,7,72
4,23,73
4,27,74
4,99,75
4,3,76
4,3,77
4,11,78
4,43,79
4,71,80
4,31,81
4,23,82
4,19,83
4,35,84
4,87,85
4,3,86
4,11,87
4,55,88
4,99,162
24,23,89
4,31,90
4,31,91
4,51,92
4,7,93
4,51,94
4,31,95
4,7,96
4,35,97
4,15,98
4,59,99
4,39,100
4,63,101
4,55,102
4,67,103
4,39,104
4,51,105
4,51,106
4,43,107
2768,7,108
4,63,109
4,23,110
4,35,111
4,43,112
4,31,102
36,35,112
4,35,113
4,31,114
4,19,115
4,63,116
4,75,117
4,27,118
4,87,119
4,35,120
4,27,121
4,3,122
4,3,123
4,35,124
4,35,125
4,35,126
4,87,127
4,15,128
4,75,129
4,51,130
4,15,131
4,47,132
4,19,133
4,19,134
4,67,135
4,3,136
4,75,137
4,35,138
4,19,139
4,27,140
4,3,141
4,39,142
4,63,143
4,71,144
4,19,142
8,7,145
20,11,145
4,59,146
4,19,147
4,59,148
4,19,149
4,43,150
4,83,151
4,35,152
4,15,153
4,51,154
4,19,155
4,47,156
4,23,157
4,23,158
4,15,159
4,15,160
4,11,161
4,43,162
4,35,163
4,83,164
4,23,198
28,27,164
4,23,165
4,55,166
4,23,167
4,3,168
4,19,169
4,3,170
4,15,171
4,43,172
4,95,173
4,23,174
4,23,175
4,55,176
4,31,158
32,31,177
4,23,178
4,27,179
4,3,239
8,7,179
4,11,180
4,87,181
4,31,182
4,15,183
4,55,184
4,3,185
4,11,186
4,3,231
4,3,187
4,15,188
4,35,189
4,3,190
4,19,191
4,55,192
4,35,193
4,35,194
4,7,195
4,3,196
4,71,197
4,19,198
4,27,199
4,63,200
4,7,201
4,3,202
4,15,203
4,31,204
4,51,205
4,51,206
4,15,207
4,15,208
4,23,209
4,15,210
4,3,211
4,75,212
4,51,213
4,51,214
4,35,215
4,51,216
4,27,217
4,51,218
4,15,219
4,27,220
4,7,221
4,31,222
4,7,223
4,3,224
4,31,225
4,71,226
4,67,227
4,3,228
4,79,229
4,31,230
4,35,231
4,35,232
4,23,147
28,27,232
4,15,233
4,43,198
28,27,234
4,31,235
4,35,236
4,31,237
4,39,238
4,7,239
4,11,240
4,63,241
4,31,242
4,3,243
4,3,244
4,43,245
4,27,246
4,38,2
7880,4,246
4,15,247
4,3,248
4,43,249
4,23,250
4,11,251
4,35,252
4,3,253
4,19,254
4,3,255
4,22,2
18775,15,2
4,4,1
4,59,2
4,27,3
4,47,4
4,23,5
4,47,6
4,19,7
4,55,8
4,71,9
4,35,10
4,3,11
4,91,12
4,83,13
4,99,14
4,31,15
4,43,16
4,55,17
4,43,18
4,91,19
4,27,20
4,23,29
28,27,20
4,39,21
4,43,82
4,3,22
4,31,23
4,27,24
4,31,25
4,27,26
4,19,27
4,39,28
4,59,29
4,39,30
4,59,31
4,35,32
4,3,33
4,43,34
4,51,35
4,71,80
24,23,36
4,3,43
8,7,36
4,3,37
4,51,38
4,3,39
4,75,40
4,3,41
4,27,42
4,39,43
4,51,44
4,51,45
4,35,46
4,95,47
4,43,48
4,39,49
4,99,50
4,15,51
4,19,52
4,30,1
2724,3,2
36,31,2
4,48,53
4,35,54
4,87,55
4,79,56
4,55,57
4,51,58
4,3,59
4,7,134
12,11,59
4,3,60
4,31,61
4,35,62
4,39,63
4,7,64
4,3,65
4,31,66
4,31,67
4,83,68
4,11,46
16,15,68
4,31,69
4,11,70
4,75,71
4,23,72
4,27,73
4,71,74
4,3,75
4,83,76
4,47,77
4,3,78
4,31,79
4,99,80
4,59,81
4,75,82
4,79,83
4,31,84
4,3,85
4,15,81
20,19,85
4,35,86
4,11,87
4,43,88
4,43,89
4,3,90
4,31,91
4,3,92
4,3,93
4,23,94
4,63,95
4,111,96
4,47,97
4,63,98
4,59,99
4,3,100
4,27,101
4,3,102
4,15,103
4,23,104
4,7,105
4,75,56
76,75,106
4,71,107
4,11,108
4,11,95
16,15,108
4,19,109
4,59,110
4,79,111
4,59,112
4,11,79
16,15,112
4,23,113
4,11,114
4,23,115
4,31,116
4,23,117
4,55,118
4,19,119
4,43,120
4,67,121
4,27,122
4,15,123
4,23,124
4,19,125
4,3,126
4,23,127
4,39,128
4,23,129
4,15,130
4,3,131
4,51,132
4,63,133
4,55,135
4,51,136
4,39,182
24,23,137
4,39,138
4,11,139
4,31,140
4,71,141
4,23,142
4,11,143
4,7,144
4,19,72
24,23,144
4,3,145
4,47,146
4,3,147
4,67,148
4,35,149
4,87,150
4,43,151
4,51,152
4,19,128
20,19,153
4,19,115
12,11,154
4,31,155
4,11,156
4,3,157
4,59,158
4,91,159
4,7,117
12,11,159
4,83,160
4,91,161
4,19,162
4,15,163
4,3,164
4,51,165
4,11,166
4,3,167
4,35,120
8,15,167
4,11,168
4,31,169
4,47,170
4,35,171
4,43,172
4,23,173
4,3,174
4,31,175
4,15,176
4,23,177
4,23,178
4,71,179
4,3,180
4,39,181
4,79,182
4,63,183
4,27,184
4,3,185
4,3,186
4,3,187
4,55,188
4,63,189
4,7,190
4,55,191
4,15,192
4,3,193
4,47,118
40,39,194
4,19,195
4,35,196
4,47,197
4,75,198
4,19,199
4,35,200
4,111,201
4,27,202
4,51,203
4,43,204
4,99,205
4,7,206
4,3,207
4,47,208
4,27,209
4,71,210
4,39,211
4,47,212
4,67,213
4,59,214
4,39,221
12,11,215
4,3,216
4,27,217
4,59,218
4,11,219
4,55,220
4,39,221
4,91,222
4,54,3
7560,4,222
4,7,223
4,51,224
4,71,225
4,27,226
4,27,227
4,11,228
4,18,3
8144,4,228
4,7,229
4,51,230
4,11,231
4,30,3
8352,4,231
4,75,233
4,83,234
2156,7,234
4,103,235
4,71,236
4,19,237
4,31,238
4,63,239
4,3,240
4,7,241
4,63,242
4,79,243
4,3,244
4,35,245
4,75,246
4,23,247
4,51,248
4,15,249
4,3,250
4,35,251
4,55,252
4,3,253
4,51,254
4,35,255
4,34,3
29431,4,1
4,107,2
4,23,3
4,23,4
4,67,5
4,59,1
12,11,6
4,7,7
4,3,8
4,15,9
4,59,10
1780,7,10
4,11,5
12,11,11
4,15,23
20,19,11
4,7,12
4,67,13
4,51,14
4,23,15
4,3,16
4,15,17
4,83,18
4,7,20
12,11,18
4,3,19
20,7,20
4,50,2
928,3,3
20,12,21
4,119,22
4,51,23
4,95,24
4,79,25
4,47,26
2264,6,3
4,4,5
12,11,27
4,31,28
4,39,29
4,51,30
4,3,31
4,27,32
4,27,33
4,15,34
4,43,35
4,3,36
4,43,37
4,67,38
4,3,39
4,43,40
4,50,2
13044,3,3
24,16,41
4,27,42
4,55,43
4,23,44
4,3,45
4,79,46
4,7,47
4,19,48
4,43,49
4,51,50
4,51,51
4,63,52
4,23,53
4,59,54
4,23,55
4,19,56
4,31,57
4,59,58
4,23,71
16,15,59
4,3,60
4,51,61
4,55,62
4,27,63
4,11,64
4,3,65
4,3,66
4,3,67
4,131,68
4,19,69
4,11,70
348,7,71
4,119,72
4,131,73
4,39,135
8,7,74
4,103,75
4,67,76
4,27,77
4,87,78
4,59,79
4,31,80
4,47,81
4,59,82
4,31,83
4,27,84
4,7,85
4,3,86
4,15,87
4,59,88
4,27,89
4,3,90
4,23,91
4,23,92
4,19,93
4,27,94
4,35,42
40,39,94
4,35,95
4,55,96
4,19,97
4,3,98
4,71,99
4,3,100
4,27,101
4,35,102
4,47,103
4,43,104
4,7,105
4,23,106
4,15,107
4,3,108
4,43,109
4,55,110
4,35,111
4,3,112
4,35,113
4,35,114
4,23,115
4,27,68
4,3,116
4,3,117
4,67,118
4,23,119
4,67,120
4,15,121
4,59,122
4,67,119
20,19,123
4,51,124
4,27,125
4,3,126
4,27,134
12,11,127
4,11,128
4,3,129
4,11,130
4,67,131
4,19,132
4,7,208
12,11,132
4,7,133
4,35,134
4,83,135
4,23,136
4,3,137
4,23,138
4,103,139
4,63,140
4,59,141
4,15,142
4,23,143
4,23,144
4,31,145
4,27,146
4,63,147
4,3,148
4,43,149
4,7,150
4,15,151
4,3,152
4,75,153
4,31,154
4,3,155
4,87,156
4,51,157
4,63,158
4,47,159
4,47,160
4,19,161
4,35,162
4,83,163
4,111,164
4,3,165
4,11,166
4,11,108
16,15,166
4,35,167
4,15,168
4,3,169
4,55,170
4,15,223
20,19,170
4,47,171
4,15,172
4,23,173
4,3,174
4,7,175
4,67,176
4,3,177
4,31,178
4,11,179
4,51,180
4,35,181
4,7,182
4,59,183
4,19,229
24,23,183
4,99,184
4,59,185
4,39,186
4,83,187
4,47,188
4,15,240
20,19,188
4,3,189
4,23,250
28,27,189
4,15,190
4,15,191
4,27,192
4,47,193
4,31,194
4,15,195
4,43,196
4,15,197
4,15,198
4,71,199
4,47,200
4,39,201
4,51,202
4,43,203
4,87,204
4,127,205
4,3,206
4,35,253
40,39,206
4,19,207
4,43,208
4,27,209
4,11,210
4,63,211
4,3,212
4,35,213
4,15,214
4,7,215
4,11,216
4,3,217
4,51,218
4,55,219
4,83,220
4,67,221
4,27,222
4,7,223
4,31,224
4,27,225
4,27,226
4,27,227
4,47,228
4,79,229
4,91,230
4,111,231
4,11,232
4,3,233
4,30,4
8944,4,233
4,11,234
4,3,235
4,35,236
4,3,237
4,27,238
4,3,239
4,39,240
4,11,193
16,15,240
4,39,241
4,43,242
4,59,243
4,27,244
4,35,245
4,14,4
8636,4,245
4,23,246
4,59,247
4,3,248
4,11,249
4,31,250
4,19,251
4,95,252
4,11,217
16,15,252
4,35,253
4,31,254
4,27,255
39455,19,1
4,31,2
4,3,3
4,39,4
4,67,5
4,31,6
4,107,7
4,6,3
1408,3,4
12,8,210
12,10,4
4,8,8
4,51,9
4,31,10
4,27,11
4,43,12
4,19,13
4,43,14
4,15,15
4,79,16
4,3,17
4,51,18
4,3,19
4,71,20
4,51,21
4,19,22
4,15,23
4,15,24
4,51,25
4,19,26
4,3,27
4,63,28
4,63,29
4,39,91
44,43,30
4,39,31
4,3,32
4,35,33
4,7,34
4,67,35
4,15,36
4,19,37
4,11,19
8,7,38
4,43,39
4,3,40
4,15,41
4,119,42
4,15,43
4,3,44
4,7,45
4,23,46
4,43,47
4,31,48
4,79,49
4,43,50
4,3,51
4,71,70
20,19,52
4,55,53
4,83,54
4,67,55
4,79,56
4,39,57
4,19,58
4,35,59
4,39,60
4,39,61
4,27,44
12,11,62
4,27,63
4,35,64
4,51,65
4,59,66
4,11,67
4,31,68
4,11,69
4,55,70
4,83,71
4,11,72
4,19,73
4,31,74
4,39,75
4,3,76
4,51,77
4,35,78
4,35,79
4,47,113
12,11,80
4,15,81
4,31,82
4,59,83
4,59,84
4,35,85
4,47,86
4,31,87
4,35,88
4,35,19
4,3,89
4,51,90
2372,7,91
4,47,92
4,7,93
4,35,94
4,7,95
4,11,96
4,71,97
4,31,98
4,31,99
4,19,100
4,75,172
4,3,101
4,111,102
4,15,103
4,103,104
4,39,105
4,23,106
4,47,111
8,7,107
364,7,107
4,35,108
4,31,109
4,27,110
4,19,111
4,95,112
4,51,113
4,95,114
4,3,115
4,63,116
4,3,117
4,15,47
20,19,117
4,31,118
4,55,119
4,7,208
12,11,119
4,43,120
4,31,121
4,19,122
4,11,123
4,23,124
4,43,125
4,15,126
4,43,127
4,31,128
4,23,129
4,11,130
4,3,131
4,19,132
4,23,120
8,7,133
4,35,134
4,51,135
4,51,136
4,39,137
4,83,138
4,3,171
8,7,138
4,79,139
4,39,140
4,3,141
4,31,142
4,35,143
4,19,144
4,7,186
12,11,144
4,31,145
4,31,146
4,67,147
4,59,66
16,15,195
4,3,148
4,3,149
4,19,150
4,39,151
4,83,152
4,35,153
4,31,154
4,15,155
4,3,156
4,3,157
4,7,158
4,171,159
4,51,160
4,47,161
4,47,162
4,11,230
16,15,108
16,15,162
4,7,163
992,7,163
4,39,215
44,43,163
4,7,164
4,3,165
4,51,166
4,67,167
4,23,168
4,11,169
4,71,170
4,59,171
4,39,172
4,39,173
4,67,174
4,51,175
4,11,176
4,23,177
4,23,178
4,39,179
4,59,180
4,55,181
4,3,182
4,3,183
4,63,184
4,39,185
4,35,231
8,7,186
4,27,166
12,11,187
4,19,129
24,23,188
4,31,189
4,39,190
4,51,191
4,3,192
4,67,193
4,19,194
1892,7,195
4,15,196
4,23,197
4,15,198
4,19,199
4,27,200
4,19,201
4,3,202
4,11,203
4,27,204
4,39,205
608,7,205
4,11,206
4,7,207
4,31,208
4,35,209
4,59,222
64,63,209
4,11,210
4,99,211
4,3,212
4,75,213
4,31,214
4,15,215
4,19,253
24,23,215
4,3,216
4,31,217
4,3,218
4,43,219
4,3,220
4,27,221
4,18,5
7760,4,221
4,15,222
4,31,223
4,35,224
4,3,225
4,19,226
4,3,227
4,42,5
8764,4,227
4,3,228
4,67,229
4,51,230
4,67,231
4,43,232
4,55,233
4,95,234
4,55,235
4,31,236
4,47,179
16,15,237
4,27,238
4,7,239
4,19,240
4,63,241
4,63,242
4,75,243
4,3,244
4,63,245
4,55,246
4,35,247
4,23,248
4,31,249
4,3,250
4,107,251
4,119,252
4,31,253
4,39,254
4,51,255
49591,14,5
4,20,1
4,3,2
4,47,3
4,27,4
4,23,5
4,19,6
4,11,7
4,35,8
4,35,9
4,31,10
4,63,11
4,3,12
4,31,13
4,23,14
4,19,15
4,55,16
4,55,17
4,43,18
4,39,19
4,3,20
4,47,21
4,67,32
48,47,22
4,23,23
4,11,24
4,31,25
4,3,26
4,71,27
4,35,28
4,3,29
4,3,30
4,3,94
8,7,30
4,15,31
4,39,32
4,11,73
16,15,32
4,15,33
4,51,34
4,59,35
4,23,36
4,31,37
4,95,38
4,31,39
4,11,40
4,35,41
4,3,42
4,87,43
4,75,44
4,27,45
4,51,46
4,71,47
4,79,48
4,63,49
4,39,50
4,35,51
4,67,52
4,83,53
4,11,54
4,23,55
4,15,56
4,15,57
4,7,125
12,11,57
4,27,58
4,11,64
16,15,58
4,39,59
4,23,16
28,27,59
4,39,60
4,63,61
1428,7,61
4,3,62
4,3,63
232,7,65
4,31,66
4,3,67
4,31,68
4,59,69
4,7,15
12,11,69
4,19,70
4,35,71
4,31,72
4,55,73
4,79,74
4,55,75
4,47,76
4,27,77
4,31,78
4,7,79
4,59,80
4,107,81
4,31,82
4,3,83
4,31,84
4,39,85
4,51,86
4,19,87
4,107,88
4,11,89
4,71,90
4,3,91
4,79,92
4,23,93
4,51,94
4,87,95
4,39,96
4,99,97
4,47,98
4,3,99
4,87,48
32,31,100
4,43,101
4,71,102
4,47,103
4,59,104
4,63,105
4,7,106
4,59,107
4,31,108
4,19,109
4,35,110
4,7,111
4,39,112
4,3,113
4,3,114
4,47,115
4,47,116
4,47,117
4,79,118
4,51,119
4,31,120
4,107,80
16,15,121
4,23,122
4,39,123
4,27,124
4,19,125
4,67,126
4,51,127
4,67,128
4,59,117
4,3,129
4,15,130
4,31,131
4,43,132
4,3,175
8,7,133
4,51,134
4,71,135
4,43,136
4,43,137
4,47,138
4,3,139
4,23,140
4,35,141
4,3,142
4,3,143
4,39,166
24,23,144
4,31,145
4,51,146
4,95,135
64,63,147
4,67,148
4,127,149
4,11,150
4,71,151
4,31,116
24,23,152
4,39,153
4,35,144
28,27,154
4,95,155
4,3,156
4,27,157
4,43,158
4,27,159
4,23,185
8,7,160
4,123,161
4,11,162
4,99,163
4,35,164
4,7,116
12,11,164
4,47,165
4,23,166
4,39,177
44,43,166
4,31,167
4,31,168
4,75,169
4,35,170
4,43,171
4,31,172
4,55,173
4,3,174
4,31,175
4,79,116
36,35,176
4,35,177
4,15,178
4,71,179
4,7,180
4,91,181
4,39,182
4,71,183
4,43,184
4,75,185
4,35,196
16,15,186
4,35,187
4,3,188
4,15,189
4,3,190
4,3,191
4,139,192
4,3,193
4,43,194
4,63,195
336,7,197
4,95,198
4,3,199
4,23,134
4,3,200
4,3,201
4,67,202
4,67,203
4,3,204
4,47,205
4,55,206
4,3,207
4,71,208
4,87,209
4,71,210
4,15,211
4,3,212
4,39,213
4,83,214
4,11,215
4,103,216
4,71,217
4,35,218
4,27,219
4,11,220
4,47,221
4,3,222
4,15,223
4,87,224
4,79,225
4,51,226
4,51,227
4,7,228
4,3,229
4,47,230
4,67,231
4,11,232
4,19,233
4,19,234
4,34,6
9024,4,234
8,3,63
20,7,235
4,15,236
4,15,237
4,47,238
4,31,239
4,23,240
4,3,241
4,19,242
4,31,243
4,62,6
10292,4,243
4,39,244
4,19,245
4,3,246
4,47,247
4,15,248
4,15,249
4,35,250
4,99,251
4,39,252
4,31,253
4,63,254
4,35,255
4,35,208
40,39,255
4,6,6
60539,24,4
60571,34,6
4,28,1
4,23,2
4,11,3
4,31,4
4,14,5
1692,3,6
20,15,6
4,76,5
4,15,6
4,7,7
4,47,8
4,67,9
4,23,10
4,19,11
4,63,12
4,35,13
4,31,14
4,55,15
4,7,79
12,11,15
4,3,16
4,22,5
1408,3,6
28,23,6
11112,3,6
4,32,18
4,15,19
4,3,20
4,3,21
4,7,22
4,3,23
4,23,24
4,63,25
4,10,5
1248,3,6
16,11,6
4,8,26
4,27,27
4,23,28
4,11,29
4,51,30
4,51,31
4,35,32
4,63,33
4,7,34
4,19,35
4,30,5
2144,3,6
12,4,36
4,95,37
4,35,38
4,47,39
4,10,5
2888,3,6
16,11,6
11000,3,6
4,28,41
4,31,42
4,23,43
4,31,44
4,95,45
4,111,46
4,27,47
4,59,48
4,3,49
4,3,50
4,67,51
4,11,52
4,3,53
4,15,54
4,43,55
4,127,56
4,3,57
4,15,58
4,19,59
4,3,60
4,3,61
4,35,62
4,31,63
4,47,64
4,35,65
4,3,66
4,3,67
4,3,68
4,27,69
4,3,70
4,27,71
4,27,72
4,71,73
4,23,75
4,63,76
4,51,77
4,35,78
4,31,79
4,55,80
4,43,81
4,19,102
20,19,82
4,3,83
4,3,153
8,7,83
4,27,84
4,27,74
800,7,84
4,11,85
4,63,86
4,3,87
4,51,88
4,7,142
12,11,88
4,27,89
4,35,90
4,27,91
4,3,92
4,51,93
4,15,94
4,87,95
4,43,103
4,3,96
4,23,97
4,35,98
4,103,151
20,19,99
4,51,100
4,47,101
4,11,102
4,103,103
4,55,104
4,43,105
4,19,106
4,43,107
4,79,108
4,59,109
4,7,32
12,11,109
4,75,110
4,31,111
4,3,112
4,71,113
4,27,114
4,139,115
4,35,72
12,11,116
4,51,117
4,11,118
4,7,119
4,79,120
4,51,121
4,51,122
4,7,123
4,35,124
4,67,125
4,15,126
4,91,127
4,3,128
4,35,129
4,7,130
4,23,131
4,19,123
24,23,131
4,31,132
4,15,133
4,27,134
4,15,135
4,11,136
4,43,137
4,19,138
4,11,139
4,19,140
4,39,141
4,23,142
4,23,143
4,11,144
4,87,145
4,35,146
4,75,147
4,43,148
4,59,149
4,11,150
4,11,151
4,63,152
2936,7,153
4,23,154
4,7,126
12,11,154
4,7,155
4,15,196
20,19,155
4,3,156
4,75,157
4,83,158
4,47,159
4,11,160
4,123,161
4,55,162
4,3,163
4,11,192
16,15,163
4,27,164
4,19,165
4,119,166
4,3,167
4,15,168
4,35,169
4,39,170
4,27,171
4,23,203
24,23,172
4,27,173
4,15,174
4,55,175
4,55,185
4,3,176
4,47,177
4,7,178
4,23,179
4,47,180
4,3,181
4,3,182
4,35,183
4,59,184
4,39,185
4,95,186
4,11,187
4,23,188
4,35,189
4,75,190
4,31,191
4,31,192
4,23,193
4,31,194
4,31,195
1628,7,196
4,39,197
4,23,198
4,23,146
28,27,198
4,55,199
4,19,200
4,83,201
4,23,202
4,63,203
4,23,204
4,27,205
4,3,206
4,51,207
4,43,208
4,35,209
4,27,210
4,3,211
4,87,212
4,3,213
4,51,214
4,7,215
4,39,216
4,11,217
4,31,218
4,3,219
4,79,220
4,31,221
4,31,222
4,3,223
4,3,224
4,59,225
4,55,226
4,103,227
4,3,228
4,43,229
4,19,248
24,23,229
4,19,230
4,43,231
4,39,232
4,3,233
4,27,234
4,51,235
4,27,236
4,43,237
4,26,7
8944,4,237
4,11,238
4,31,239
4,7,235
12,11,239
4,39,240
4,91,241
4,7,242
4,43,243
4,3,244
4,107,245
4,27,246
4,55,247
764,7,248
4,7,249
4,3,250
4,43,251
4,11,252
4,31,253
4,3,254
4,87,255
4,14,7
70231,27,6
3184,3,7
16,8,1
4,11,2
4,75,3
4,35,4
4,59,5
4,63,6
4,35,7
4,7,89
4,3,8
4,99,9
4,71,10
4,91,11
4,27,12
4,3,13
4,35,14
4,3,15
4,87,16
4,39,17
4,7,18
4,31,19
4,7,20
4,3,21
4,47,22
4,47,23
4,63,24
4,15,25
4,47,26
4,3,27
4,35,28
4,7,29
4,35,30
4,31,31
4,3,32
4,35,33
4,87,34
4,79,35
4,30,6
1992,3,7
24,16,36
4,23,37
4,3,38
4,3,39
4,3,40
4,3,41
4,31,42
4,39,43
4,71,44
4,11,45
4,39,46
4,43,47
4,27,48
4,39,49
4,3,50
4,7,51
4,19,52
4,67,53
4,3,54
4,19,55
4,31,56
4,39,57
4,3,58
4,11,59
4,59,60
4,27,61
4,35,62
4,59,63
4,7,64
4,39,65
4,31,66
4,15,67
4,51,68
4,19,69
4,35,70
4,11,124
16,15,70
4,59,71
4,23,72
4,27,73
4,15,74
4,3,75
4,3,76
4,51,77
4,51,78
4,43,79
4,3,143
8,7,79
4,19,80
4,19,81
4,15,82
4,107,83
4,7,6
4,3,84
4,35,70
36,35,27
76,39,84
4,19,85
4,19,86
4,95,87
4,23,88
4,119,89
4,7,99
8,7,90
4,23,91
4,55,92
4,27,93
4,39,94
4,87,126
8,7,47
8,7,95
4,67,96
4,15,97
4,15,98
4,47,99
4,19,100
4,11,101
4,19,102
4,3,103
4,35,104
4,35,105
4,3,106
4,83,107
4,3,108
4,3,109
4,7,110
4,7,72
12,11,110
4,19,111
4,39,112
4,59,113
4,47,114
4,19,115
4,39,116
4,51,117
4,11,118
4,43,119
4,3,120
4,67,121
4,23,122
4,3,123
4,51,124
4,75,125
4,43,126
4,3,144
8,7,126
4,99,203
20,19,127
4,51,128
4,3,129
4,39,130
4,87,131
4,7,132
4,35,133
4,27,134
4,63,135
4,63,136
4,51,137
4,71,138
4,71,139
4,31,140
4,47,141
4,63,142
4,31,172
2744,7,143
4,51,144
4,143,145
4,31,146
4,19,147
4,15,148
4,39,149
4,3,150
4,15,151
4,15,140
20,19,151
876,7,151
4,71,152
4,19,153
4,19,154
4,3,155
4,27,156
4,39,157
4,47,158
4,23,159
4,51,124
16,15,160
4,27,161
4,35,162
4,23,163
4,31,164
4,27,165
4,67,166
4,59,167
4,15,168
4,83,169
4,31,170
4,7,171
4,23,172
4,47,173
4,39,174
4,67,175
4,31,176
4,19,211
24,23,176
4,27,177
4,15,178
4,3,179
4,43,180
4,43,181
4,15,182
4,27,183
4,3,184
4,15,243
20,19,185
4,11,186
4,51,187
4,23,188
4,43,189
4,7,190
4,39,191
4,15,192
4,19,193
4,87,194
4,19,195
4,67,196
4,63,197
4,55,198
4,39,199
4,23,200
4,51,201
4,3,202
3004,7,203
4,63,204
4,27,205
4,83,206
4,39,207
4,7,208
4,51,209
4,23,210
4,91,188
16,15,212
4,15,213
4,3,214
4,7,215
4,31,216
4,39,217
4,39,218
4,7,219
4,23,220
4,67,221
4,23,222
4,47,223
78587,3,15
8,6,7
4,28,224
4,15,147
20,19,224
4,71,225
4,23,226
4,15,227
4,83,228
4,11,229
4,55,230
4,3,231
4,15,163
8,6,8
364,4,231
4,11,232
4,55,233
4,11,234
4,23,164
16,15,235
4,55,236
4,51,237
4,19,238
4,75,239
4,3,240
4,55,241
4,67,242
4,63,243
4,51,244
4,11,245
4,91,246
4,47,247
4,31,248
4,26,8
8372,4,248
4,15,249
4,47,250
4,19,195
24,23,250
4,10,8
7884,4,250
4,23,251
4,39,252
4,11,253
4,31,254
4,15,255
80019,34,8
4,24,1
4,51,2
4,7,3
4,47,4
4,19,5
4,95,6
4,83,7
4,71,8
4,15,9
4,3,10
4,3,11
4,3,12
4,6,7
1932,3,8
8,4,247
20,10,8
4,36,13
4,39,14
4,83,15
4,19,16
4,47,17
4,43,18
4,119,19
4,3,20
4,11,21
4,55,22
4,3,23
4,71,24
4,7,25
4,23,26
4,63,27
4,35,28
4,63,29
4,23,30
4,83,31
4,7,32
4,35,33
4,7,25
4,3,34
4,23,35
4,35,36
4,47,37
4,31,38
4,3,39
4,51,40
4,59,41
4,50,7
2620,3,8
12,4,42
4,35,43
4,55,44
4,47,45
4,3,46
4,127,47
4,47,48
4,15,49
4,35,50
4,55,28
2332,6,8
16,8,51
4,31,52
4,75,53
4,51,54
4,23,132
12,11,55
4,47,56
4,59,57
4,83,58
4,55,59
4,35,50
36,35,60
4,47,50
24,23,61
4,59,62
4,7,63
4,79,64
4,3,65
4,3,66
4,3,67
4,3,68
4,35,69
4,47,70
4,3,71
4,31,72
4,3,73
4,35,74
4,59,75
4,35,76
4,7,77
4,3,78
4,31,79
4,3,80
4,47,81
4,91,82
4,35,83
4,47,84
4,59,85
4,27,86
4,55,61
24,23,87
4,7,88
4,11,89
4,47,90
4,63,91
4,51,92
4,35,93
4,3,94
4,15,95
4,31,96
4,111,97
4,19,153
4,3,98
4,59,99
4,3,100
4,107,101
4,31,102
4,71,103
4,51,134
28,27,104
4,27,105
4,23,106
4,71,107
4,51,108
4,19,109
4,23,110
4,11,111
4,35,112
4,83,113
4,3,114
4,31,106
36,35,114
4,19,115
4,71,116
4,19,117
4,11,118
4,43,119
4,7,120
4,23,121
4,23,74
28,27,121
1468,7,121
4,3,122
4,87,123
4,51,124
4,3,125
4,23,126
4,47,127
4,3,128
4,39,129
4,31,130
4,19,131
3032,7,132
4,95,133
4,15,134
4,47,135
4,3,136
4,3,137
4,7,138
4,11,139
4,59,140
4,15,141
4,99,142
4,31,126
36,35,143
4,43,144
4,59,145
4,35,146
4,59,147
4,11,148
4,23,149
4,31,150
4,51,151
4,15,75
20,19,151
4,11,152
4,11,153
4,63,154
4,7,155
4,67,156
4,43,157
4,39,158
4,19,159
4,31,160
4,19,161
4,3,162
4,63,163
4,23,164
4,63,165
4,35,166
432,7,166
4,79,167
4,47,168
4,23,118
16,15,169
4,19,170
4,35,171
4,7,117
12,11,171
4,15,172
4,3,173
4,31,174
4,59,175
4,43,176
4,87,177
4,31,178
4,35,179
4,27,180
4,15,181
4,11,182
4,15,183
4,31,184
4,83,185
4,95,186
4,15,173
20,19,186
4,63,187
4,35,188
4,31,189
4,15,112
16,15,190
4,47,237
12,11,191
4,51,192
4,35,193
4,3,194
4,35,195
4,87,196
4,55,197
4,55,198
4,43,199
4,99,200
4,91,201
4,47,202
4,11,203
4,55,204
4,39,205
4,79,206
4,63,207
4,31,144
20,19,208
4,39,209
4,19,210
4,87,211
4,59,212
4,71,213
4,19,214
4,31,215
4,39,216
4,7,217
4,11,218
4,3,219
4,3,220
4,63,221
4,35,222
4,3,223
4,87,224
4,67,225
4,47,226
4,67,227
4,43,254
40,39,228
4,83,229
4,47,230
4,3,231
4,3,232
4,18,9
8328,4,232
4,23,233
4,3,234
4,99,235
4,7,221
12,11,235
900,7,235
4,11,236
2124,7,237
4,59,238
4,19,239
4,3,240
4,10,9
8868,4,240
4,15,241
4,27,242
4,83,243
4,3,244
4,3,245
4,47,246
4,11,247
4,7,220
8,7,248
4,115,249
4,71,250
4,3,251
4,43,252
4,47,253
980,7,254
4,31,255
4,26,9
7572,4,255
12,7,0
4,31,1
4,51,2
4,19,3
4,71,4
4,71,5
4,35,6
4,35,7
4,22,8
524,3,9
28,23,9
4,24,3
12,11,8
4,59,9
4,3,10
4,35,11
4,67,12
4,23,13
4,79,14
4,23,15
4,23,16
4,3,67
8,7,16
4,55,17
4,63,18
4,99,19
4,3,20
4,99,21
4,19,22
4,3,23
4,43,24
4,11,25
4,62,8
2716,3,9
1792,3,9
4,84,27
4,51,28
4,47,29
4,79,30
4,75,31
4,35,32
4,43,33
4,63,34
4,63,35
4,23,36
4,39,37
4,11,38
4,3,39
4,7,40
4,3,41
4,75,42
4,31,43
4,11,44
4,83,45
4,43,46
4,3,47
4,27,48
4,27,49
4,75,50
4,39,51
4,75,52
4,23,53
4,47,54
4,63,55
4,47,56
4,15,57
4,15,58
4,27,59
4,39,87
12,11,60
4,107,61
4,3,62
4,3,63
4,3,64
4,19,101
24,23,64
4,7,65
4,43,66
4,39,67
4,23,68
4,47,69
4,23,70
4,51,71
4,59,72
4,63,73
4,39,74
4,39,75
4,51,76
4,55,77
4,51,78
4,3,79
4,47,80
4,83,81
4,51,82
4,3,83
4,91,84
4,47,85
4,27,86
4,91,87
4,99,88
4,47,89
4,63,90
4,3,91
4,95,92
4,3,93
4,91,94
4,87,95
4,23,96
4,71,97
4,47,98
4,47,99
4,23,100
4,59,101
4,15,102
4,19,103
4,31,104
4,47,105
4,31,106
4,19,107
4,51,108
4,15,109
4,3,159
8,7,109
4,15,110
4,3,111
4,11,112
4,27,113
4,55,114
4,59,115
4,15,116
4,35,117
4,31,118
4,47,119
4,107,120
4,79,121
4,27,122
4,27,123
4,3,124
4,103,125
4,15,126
4,51,127
4,71,128
4,23,129
4,47,130
4,67,131
4,3,132
4,31,133
4,23,134
4,19,135
4,35,136
4,27,137
4,31,138
4,87,139
4,55,140
4,11,141
4,3,142
4,27,143
4,67,144
4,79,145
4,23,146
4,39,147
4,11,148
4,7,98
12,11,148
4,23,149
4,51,150
4,7,151
4,91,152
4,43,153
4,39,154
4,31,155
4,15,156
4,27,157
4,23,158
4,75,159
4,43,160
4,19,161
4,35,162
4,3,163
4,11,96
16,15,163
4,3,164
4,47,165
4,11,166
4,95,167
4,95,168
4,15,169
4,111,170
4,63,171
4,83,172
4,107,173
4,31,174
4,43,175
4,23,202
24,23,176
4,31,177
4,3,178
4,59,179
4,95,180
4,39,181
4,75,182
4,83,183
4,35,184
4,39,185
4,23,186
4,27,187
4,3,188
4,19,189
4,3,190
4,39,200
44,43,191
4,35,192
4,11,193
4,26,10
8164,4,193
4,3,194
4,63,236
52,51,195
4,47,153
20,19,196
4,3,197
4,63,198
4,7,199
4,99,200
4,83,201
4,115,202
4,19,203
4,7,183
12,11,203
4,63,204
4,47,205
4,71,206
4,87,207
4,43,208
4,27,209
4,31,210
4,27,211
4,23,212
4,47,213
3164,7,213
4,19,214
4,19,246
24,23,214
4,35,215
4,83,216
4,7,217
4,7,218
4,31,219
4,3,220
4,119,221
4,43,222
4,3,223
4,75,241
20,19,246
8,7,224
4,43,225
4,19,226
4,71,227
4,31,228
4,7,229
4,23,190
28,27,229
4,7,230
4,67,231
4,3,232
4,7,233
4,67,234
4,19,235
4,15,236
4,47,237
4,3,238
4,71,239
4,55,240
4,43,241
4,83,242
4,63,243
4,23,183
4,3,244
4,11,252
16,15,244
4,47,245
4,67,246
4,39,247
4,43,248
4,34,10
8396,4,248
4,31,249
4,43,250
4,3,251
4,39,224
380,7,252
4,66,10
8768,4,252
4,11,253
4,59,254
4,47,224
52,51,254
4,47,255
4,18,10
102119,4,1
4,11,2
4,51,3
4,3,4
4,47,5
4,15,6
4,47,7
4,63,8
4,75,9
4,83,10
4,55,11
4,19,12
4,3,13
4,7,14
4,63,15
4,11,16
4,3,94
8,7,16
4,75,17
4,27,18
4,63,19
4,11,20
4,31,21
4,11,22
4,51,23
4,43,24
4,59,25
4,39,26
4,7,27
4,15,28
4,51,29
4,55,30
4,51,31
4,3,32
4,119,33
4,23,34
4,3,35
4,67,36
4,19,37
4,3,38
4,35,39
4,27,75
24,23,40
4,71,108
8,7,41
4,39,42
4,63,43
4,43,44
4,3,45
4,27,46
4,3,47
4,27,48
4,11,49
4,23,50
4,23,51
4,15,52
4,59,53
4,35,54
4,103,55
4,31,56
4,47,57
4,79,58
4,67,59
4,51,60
4,3,61
4,3,62
4,83,63
4,15,64
4,11,65
4,35,66
4,3,67
4,15,68
4,51,69
4,19,70
4,35,71
4,15,72
4,55,73
4,11,102
16,15,73
4,43,74
4,31,75
4,23,76
4,31,77
4,19,125
24,23,77
4,11,78
4,3,79
4,51,80
4,55,81
4,51,82
4,95,83
4,19,21
24,23,83
4,3,84
4,35,85
4,35,86
4,23,87
4,95,88
4,39,89
4,51,90
4,3,91
4,47,92
4,83,93
4,51,83
16,15,59
40,23,99
3188,7,94
4,11,143
20,19,94
4,47,95
4,15,96
4,39,97
4,15,98
4,23,99
4,7,100
4,19,101
4,23,102
4,43,103
4,7,104
4,27,105
4,43,167
4,3,106
4,39,172
44,43,106
4,15,107
4,19,108
4,39,109
4,55,110
4,67,111
4,35,112
4,35,113
4,55,114
4,43,115
4,31,116
4,35,117
4,3,118
4,51,119
4,91,120
4,71,121
4,7,122
4,71,123
4,35,124
4,35,125
4,75,126
4,35,127
4,43,128
4,47,129
4,47,130
4,3,131
4,87,132
3056,7,132
4,31,133
4,3,134
4,51,135
4,31,136
4,51,137
4,55,138
4,43,139
4,27,140
4,55,141
4,15,142
4,63,143
4,47,144
4,35,145
4,11,146
4,7,89
12,11,146
4,31,147
4,19,148
4,95,149
4,15,150
4,23,151
4,31,152
4,3,153
4,119,154
4,19,155
4,31,156
4,47,157
4,3,158
4,79,159
4,43,160
4,39,161
4,31,162
4,35,163
4,43,164
4,3,165
4,23,166
4,39,167
4,15,168
4,23,169
4,27,170
4,67,171
4,15,93
8,7,172
4,67,173
4,27,174
4,7,175
4,3,176
4,15,177
4,43,178
4,51,179
4,11,180
4,23,244
8,7,127
4,3,181
4,19,182
4,3,183
4,11,184
4,3,185
4,27,186
4,27,187
4,43,188
4,103,189
4,3,190
4,27,191
4,51,192
4,95,193
4,31,194
4,19,195
4,3,196
4,79,197
4,3,198
4,31,199
4,103,200
4,23,201
4,19,202
4,3,203
4,47,204
4,75,205
4,23,206
4,35,207
4,11,208
4,31,209
4,67,210
4,19,211
4,3,212
4,15,210
20,19,212
4,3,213
4,35,214
110379,6,10
8,3,10
4,84,215
4,31,216
4,27,217
4,3,218
4,31,219
4,27,220
4,107,221
4,51,222
4,71,223
4,83,224
4,59,225
4,63,226
4,103,227
4,47,228
4,7,229
4,3,230
4,19,231
4,67,232
4,31,233
4,59,234
4,23,235
4,31,236
4,67,237
4,31,238
4,3,239
4,11,240
4,71,241
4,43,242
4,51,243
4,27,244
4,15,245
4,55,246
4,47,247
4,15,248
4,3,249
4,3,250
4,51,251
4,19,252
4,11,253
4,63,254
4,63,255
4,38,11
112171,31,11
4,24,1
4,15,2
4,7,9
12,11,2
4,31,3
4,95,4
4,75,5
4,47,6
4,15,7
4,47,8
4,99,9
4,47,10
4,11,11
4,79,12
4,23,13
4,7,14
4,19,15
4,43,16
4,23,17
4,15,18
4,18,10
1664,3,11
24,19,11
4,16,19
4,99,20
4,3,21
4,27,22
4,87,23
4,71,24
4,55,25
4,59,26
4,19,27
4,3,28
4,67,29
4,35,30
4,79,31
4,19,32
4,67,33
4,19,34
4,27,25
4,3,35
4,3,36
4,27,19
32,31,36
4,23,37
4,11,38
4,3,39
4,19,40
4,3,41
4,23,42
4,47,43
4,55,44
4,39,45
4,71,46
4,3,80
8,7,46
4,59,47
4,3,48
4,19,49
4,11,50
4,27,51
4,87,52
4,19,71
24,23,52
4,11,53
4,31,54
4,83,55
4,3,56
4,39,57
4,39,58
4,7,8
4,3,59
4,67,60
4,35,61
4,43,62
4,99,63
4,71,82
4,3,64
4,63,65
4,3,66
4,43,67
4,31,68
4,23,69
4,3,70
4,79,71
4,31,72
4,3,73
4,27,74
4,87,75
4,15,76
4,7,77
4,3,78
4,7,44
12,11,78
4,19,79
4,75,80
4,99,86
8,7,81
4,7,82
4,27,133
32,31,82
4,27,83
4,63,84
4,35,43
24,23,85
4,7,86
4,83,87
4,7,88
4,19,89
4,15,90
4,7,91
4,79,92
4,39,93
4,15,94
4,11,95
4,15,80
20,19,95
4,15,96
4,15,97
4,47,98
4,19,99
4,67,100
4,131,101
4,107,102
4,55,103
4,127,104
4,39,105
4,39,106
4,19,107
4,47,108
4,47,109
4,19,110
4,19,177
16,15,111
4,83,132
16,15,112
4,3,113
4,71,114
4,75,115
4,7,116
4,3,117
4,23,125
16,15,118
4,67,119
4,27,120
4,15,121
4,7,122
4,47,123
4,11,124
4,23,138
12,11,125
4,55,126
4,3,127
4,39,128
4,59,129
4,43,130
4,59,86
24,23,131
4,63,132
2232,7,133
4,23,134
4,63,135
4,47,136
4,39,137
4,63,138
4,27,139
4,91,140
4,35,141
4,59,142
4,15,143
4,51,144
4,59,145
4,31,146
4,35,130
40,39,146
4,59,147
4,31,148
4,59,149
4,39,150
4,63,151
4,27,152
4,75,153
4,47,154
4,83,155
4,3,156
4,71,157
4,59,124
8,7,158
4,35,159
4,7,160
4,27,161
4,59,162
4,35,163
4,15,164
4,55,165
4,15,166
4,19,167
4,11,157
16,15,167
4,71,168
4,23,169
4,23,170
4,47,171
4,7,172
4,47,173
4,19,174
4,23,175
4,59,176
4,35,177
4,11,178
4,39,179
4,3,180
4,35,181
4,63,182
4,3,183
4,11,184
4,51,255
20,19,185
4,3,186
4,95,187
4,27,188
4,11,189
4,23,190
4,19,191
4,67,192
4,3,193
4,43,194
4,7,195
4,11,253
16,15,195
4,31,196
4,91,197
4,39,198
4,3,199
4,27,200
4,55,201
4,39,202
4,71,203
4,3,204
4,35,148
40,39,204
4,7,205
4,71,206
4,59,207
4,51,208
4,59,209
4,23,172
16,14,12
8260,4,209
4,15,210
4,27,200
8,7,211
4,27,212
4,35,213
4,55,214
4,123,215
4,19,216
4,75,255
20,19,217
4,55,218
4,3,219
4,55,220
4,3,221
4,35,222
4,75,223
4,35,224
4,3,225
4,47,226
4,19,227
4,7,228
4,19,229
4,63,230
4,23,245
28,27,230
4,51,231
4,3,232
4,23,233
4,15,234
4,31,235
4,31,236
4,23,187
28,27,236
4,19,237
4,23,186
8,7,238
4,83,239
4,83,240
4,19,241
4,43,242
4,95,243
4,31,251
28,27,244
4,39,245
4,63,246
4,19,247
1680,3,70
8,6,11
4,4,248
4,31,249
4,43,250
4,15,251
4,63,252
2604,7,254
4,11,255
4,82,12
123119,39,12
4,32,1
4,67,2
4,3,3
4,35,4
4,19,5
4,7,6
4,3,7
4,34,11
2648,3,12
40,35,12
4,16,8
4,3,9
4,51,10
4,35,11
4,15,21
20,19,11
4,7,12
4,11,13
4,11,14
4,27,15
4,15,65
20,19,15
4,47,16
4,19,17
4,43,18
4,87,19
4,39,20
4,71,21
4,67,22
4,39,23
4,27,24
4,11,25
4,23,26
4,15,27
4,35,28
4,35,29
4,31,30
4,35,31
4,67,32
4,7,33
4,19,34
4,35,35
4,75,36
4,15,37
4,63,38
4,3,39
4,19,40
4,3,41
4,27,42
4,3,43
4,19,44
4,35,45
4,75,46
4,91,0
44,43,47
4,47,48
4,3,49
4,47,50
4,7,51
4,3,52
4,15,53
4,3,54
4,27,55
4,55,56
4,75,57
4,11,115
16,15,57
4,11,58
4,67,59
4,11,60
4,3,61
4,31,62
4,47,63
4,75,64
4,55,65
4,83,66
4,31,67
4,59,68
4,35,69
4,7,70
4,23,71
4,39,72
4,39,73
4,35,74
4,35,75
4,67,76
4,3,77
4,11,78
4,71,79
4,3,80
4,55,81
4,55,82
4,11,83
4,3,84
4,55,85
4,55,86
4,31,87
4,67,88
4,11,89
4,3,156
8,7,89
4,47,90
4,11,91
4,35,92
4,71,93
4,3,94
4,79,95
4,43,96
4,3,97
4,67,112
16,15,98
4,23,99
4,39,100
4,87,101
4,35,102
4,31,103
4,47,104
4,19,105
4,39,63
16,15,106
4,55,107
4,19,108
4,23,109
4,43,110
4,91,111
600,7,112
4,7,113
4,19,114
4,115,115
4,75,116
4,23,117
3020,7,117
4,71,118
4,55,119
4,43,120
4,7,52
12,11,120
4,15,121
4,35,125
4,3,122
4,47,123
4,11,200
16,15,123
4,23,124
4,31,125
4,59,182
8,7,126
2936,7,126
4,31,127
4,39,128
4,63,129
4,71,130
4,67,131
4,3,132
4,51,133
4,87,134
4,23,135
4,47,136
4,43,137
4,23,138
4,27,139
4,71,140
4,19,106
24,23,140
4,31,141
4,3,142
4,35,221
4,3,143
4,27,144
4,31,145
4,27,146
4,11,147
4,43,148
4,35,213
24,23,149
4,71,150
4,19,151
4,27,152
4,47,153
4,7,154
4,39,155
4,43,156
4,91,157
4,3,158
4,63,159
4,3,160
4,51,161
4,43,162
4,3,163
4,15,164
4,3,165
4,71,166
4,71,167
4,31,168
4,39,169
4,19,145
16,15,170
4,91,171
4,3,172
4,15,173
4,27,174
4,23,175
4,35,176
4,51,177
4,11,178
4,59,179
4,11,180
4,67,181
4,23,182
4,23,136
28,27,182
4,19,183
4,67,156
28,27,184
4,39,185
4,35,186
4,11,187
4,59,188
4,15,189
4,19,190
4,79,191
4,67,136
24,23,192
4,83,193
4,27,194
4,31,195
4,27,196
4,83,203
8,7,197
4,35,198
136,7,198
4,11,199
4,23,200
4,71,201
4,27,202
4,67,204
4,31,205
4,35,206
4,59,207
4,27,208
4,87,209
4,3,219
8,7,209
4,15,210
4,3,211
4,35,174
20,19,212
2620,7,213
4,31,214
4,54,13
6944,4,214
4,3,215
4,43,216
4,43,217
4,3,218
4,35,219
4,91,220
4,11,221
4,59,222
4,43,154
4,3,223
4,87,224
4,111,225
4,27,226
4,43,227
4,67,228
4,31,229
4,63,230
4,59,231
4,31,232
4,35,233
4,75,234
4,23,235
4,31,236
4,3,237
4,19,238
4,51,239
4,87,240
4,15,241
4,14,13
1240,4,241
4,31,242
4,51,243
4,7,244
4,27,245
4,19,246
4,31,247
4,67,248
4,35,194
12,11,249
4,3,250
4,3,251
4,19,253
24,23,251
4,3,252
4,51,253
4,67,254
4,43,255
4,38,13
133559,7,13
4,40,1
4,3,2
4,15,3
4,39,26
20,19,4
4,15,5
4,43,6
4,7,22
4,3,7
4,3,8
4,35,9
4,35,10
4,35,11
4,51,12
4,35,13
4,27,14
4,31,15
4,3,16
4,43,17
4,23,18
4,27,19
4,31,20
4,71,21
472,7,22
4,55,23
4,59,24
4,35,25
4,27,41
748,7,26
4,83,27
4,51,28
4,3,29
4,35,30
4,79,31
4,35,32
4,47,33
4,19,34
4,75,35
4,19,36
4,3,37
4,23,38
4,3,39
4,47,40
4,35,41
4,59,42
4,75,43
4,27,44
4,59,45
4,111,46
4,55,47
4,27,48
4,131,49
4,27,50
4,35,51
4,35,52
4,31,53
4,75,54
4,3,55
4,3,56
4,35,57
4,3,58
4,15,59
4,31,60
4,31,61
4,39,62
4,55,63
4,35,64
4,31,65
4,79,66
4,39,67
4,39,68
4,3,69
4,35,70
4,95,71
4,3,72
4,23,49
12,11,73
4,3,74
4,63,75
4,35,76
4,35,77
4,83,103
24,23,78
4,23,79
4,3,80
4,3,81
4,3,82
4,15,83
4,55,84
4,3,85
4,39,86
4,15,20
20,19,86
4,67,87
4,35,88
4,55,89
4,67,90
4,99,91
4,95,92
4,59,93
4,3,94
4,39,95
4,7,96
4,15,97
4,119,98
4,47,99
4,79,100
4,35,101
4,47,102
4,19,132
24,23,102
4,55,103
4,19,104
4,67,105
4,3,106
4,35,107
4,35,108
4,7,109
4,3,110
4,31,111
4,23,112
4,27,113
4,23,114
4,43,115
4,15,189
20,19,115
4,23,116
4,23,117
4,55,118
4,31,191
12,11,119
4,43,120
4,23,121
4,3,122
4,55,123
4,3,124
4,3,125
4,31,126
4,3,137
8,7,126
4,15,127
4,19,128
4,27,129
4,103,130
4,15,131
4,15,132
4,31,133
4,35,134
4,35,135
4,31,136
4,11,137
4,71,138
4,47,106
24,23,139
4,15,140
4,59,141
4,47,142
4,19,143
4,27,144
4,27,145
4,47,146
4,31,147
4,59,148
4,39,149
4,63,150
4,47,151
4,43,152
4,7,153
4,55,154
4,55,155
4,19,156
4,71,157
4,51,158
4,23,159
4,3,160
4,19,161
4,35,162
4,39,163
4,19,164
4,31,165
4,3,166
4,3,180
4,3,167
4,7,168
4,19,169
4,63,170
4,11,171
4,11,172
4,3,173
4,7,174
4,63,175
4,43,176
4,3,177
4,63,178
4,87,179
4,27,180
4,35,181
4,27,182
4,3,183
2852,7,183
4,19,184
4,3,185
4,103,186
4,67,187
4,3,188
4,31,189
4,31,122
20,19,190
4,71,191
4,87,192
4,35,193
4,7,194
4,3,195
4,63,196
4,15,197
4,15,198
4,59,199
4,51,200
4,35,201
4,31,202
4,3,203
4,91,204
4,63,205
4,35,206
4,79,207
4,39,208
4,30,14
7520,4,151
32,23,209
4,3,210
4,31,211
4,71,212
4,59,213
4,27,214
4,71,215
4,11,216
4,63,217
4,3,218
4,19,219
4,31,220
4,23,221
4,23,222
4,35,223
4,27,224
4,43,225
4,3,226
4,15,227
608,3,35
8,3,228
4,3,229
4,71,230
4,3,231
4,3,232
4,47,233
4,11,234
4,46,14
7512,4,234
4,7,235
4,10,14
5616,4,235
4,15,236
4,3,237
4,10,14
7596,4,237
4,59,238
4,19,239
4,3,240
4,3,241
4,87,242
4,71,243
4,47,244
4,47,245
4,139,246
4,3,247
4,27,248
4,35,249
4,27,250
4,35,251
4,43,252
4,43,253
4,19,254
4,3,255
143175,26,14
4,11,13
428,3,14
32,24,1
4,55,2
4,39,3
4,15,4
4,19,5
4,35,58
8,7,6
4,7,7
4,91,8
4,95,9
4,35,24
20,19,10
4,95,11
4,43,83
24,23,12
4,63,13
4,39,14
4,47,15
4,31,19
8,7,16
2452,7,191
12,10,14
4,24,17
4,11,18
4,31,19
4,23,20
4,71,21
4,3,22
4,59,23
4,59,24
4,55,25
4,31,26
4,3,27
4,43,28
4,51,29
4,71,30
4,50,13
3072,4,30
4,11,31
4,3,32
4,39,106
16,15,33
4,19,34
4,75,35
4,67,36
4,11,37
4,39,38
4,35,39
4,3,40
4,7,41
4,39,42
4,7,43
4,59,44
4,115,45
4,19,46
24,23,45
32,11,46
4,39,47
4,55,48
4,35,49
4,59,50
4,27,51
4,15,52
4,75,53
4,59,54
4,47,55
4,3,56
4,95,57
4,55,17
2436,7,58
4,3,92
12,11,58
4,31,59
4,67,60
4,7,20
12,11,60
4,23,61
4,75,62
4,27,63
4,3,64
4,35,65
4,15,66
4,35,67
4,7,68
4,15,69
4,15,70
4,131,71
4,35,72
4,91,73
4,67,74
4,3,75
4,35,76
4,83,77
4,19,78
4,43,79
4,3,80
4,3,81
4,15,82
2980,7,83
4,19,34
28,27,84
4,35,85
4,23,86
4,3,87
4,31,88
4,31,89
4,11,90
4,75,91
4,19,92
4,51,93
4,59,94
4,35,95
4,3,96
4,75,97
4,27,98
4,7,99
4,7,90
12,11,99
4,11,100
4,31,101
4,11,150
8,7,102
4,15,170
20,19,102
4,43,103
4,35,104
4,51,54
8,7,105
4,55,106
4,43,107
4,47,108
4,11,119
16,15,108
4,7,109
4,15,110
4,3,111
4,15,112
4,35,113
4,3,114
4,15,115
4,11,116
4,31,117
4,23,118
4,23,119
4,47,120
4,35,121
4,15,122
4,71,123
4,39,124
4,39,125
4,19,126
4,3,127
4,71,128
4,31,129
4,63,130
4,7,131
4,3,132
4,39,133
4,3,134
4,23,135
4,23,145
28,27,135
4,39,136
4,23,137
4,79,138
4,39,139
4,43,140
4,19,141
4,7,54
12,11,141
4,59,142
4,19,188
12,11,143
4,7,144
4,23,145
4,3,146
4,3,147
4,67,148
4,15,149
4,75,150
4,111,151
4,19,152
4,79,153
4,35,154
4,35,155
4,71,156
4,23,157
4,43,158
4,79,159
4,3,160
4,87,161
4,11,162
4,43,163
4,35,164
4,47,232
12,11,165
4,7,166
4,71,167
4,23,168
4,75,169
2596,7,170
4,83,240
4,3,171
4,63,172
4,31,173
4,27,174
4,11,175
4,19,142
24,23,175
4,11,176
4,115,177
4,47,178
4,43,179
4,35,180
4,43,181
4,35,182
4,55,183
4,23,184
4,15,185
4,15,186
4,3,187
4,27,188
4,74,15
6800,4,188
4,11,211
12,11,189
4,26,15
6812,4,189
4,47,190
4,23,191
4,95,192
4,31,193
4,27,194
4,55,195
4,7,196
4,15,197
4,55,235
24,23,198
4,3,199
4,35,200
436,3,12
8,6,14
4,32,201
4,31,202
4,3,203
4,23,204
4,63,205
4,47,206
4,23,207
4,23,208
4,3,209
4,83,210
4,19,211
4,67,212
4,35,213
4,15,214
4,19,215
4,35,216
4,3,217
4,51,218
4,7,219
4,11,220
4,31,221
4,27,222
4,51,223
4,31,224
4,3,225
4,83,226
4,67,227
4,3,228
4,7,229
4,27,204
20,19,230
4,26,15
8536,4,230
4,7,231
2540,7,232
4,55,233
4,39,234
4,75,235
4,39,236
4,31,237
4,55,238
4,15,239
4,23,240
4,75,241
4,47,242
4,27,243
4,11,244
4,7,245
4,23,246
4,3,247
4,43,248
4,51,249
4,27,250
4,31,251
4,63,252
784,3,26
8,6,14
4,60,253
4,67,254
4,35,255
153263,19,1
4,3,2
4,55,3
4,59,4
4,27,5
4,14,14
912,3,15
20,15,15
4,36,6
4,15,7
4,3,8
4,7,9
4,63,10
1292,6,15
4,64,12
4,47,13
4,43,14
4,27,22
32,31,14
4,7,15
4,63,16
4,75,17
4,55,18
4,51,19
4,15,20
4,3,21
4,23,22
4,55,23
4,35,24
4,11,25
4,75,26
4,147,25
28,27,27
4,3,28
4,31,29
4,11,86
16,15,29
4,35,30
4,47,31
4,63,32
4,3,33
4,19,34
4,15,35
4,99,48
16,15,36
4,35,37
4,35,38
4,63,39
4,79,40
4,31,41
4,35,42
4,3,43
4,19,44
4,59,45
4,87,46
4,79,47
4,11,48
4,67,49
4,35,50
4,39,51
4,91,52
4,75,60
12,11,53
4,47,54
4,27,55
4,39,56
4,11,57
4,79,58
4,47,59
4,75,60
4,59,61
4,11,31
16,15,61
4,3,62
4,31,63
4,31,64
4,31,65
4,39,66
4,27,67
4,43,91
24,23,68
4,59,69
4,3,70
4,27,71
4,35,72
4,19,73
4,31,74
4,59,75
4,11,76
4,11,77
4,55,78
4,3,79
4,119,80
4,23,81
4,23,82
4,75,83
4,35,84
4,43,85
4,51,86
4,99,87
4,35,88
4,35,89
4,3,90
904,7,91
4,27,92
4,23,93
4,27,94
4,23,95
4,55,96
4,47,97
4,79,98
4,3,99
4,7,120
12,11,99
4,31,100
4,63,101
4,71,102
4,23,103
4,3,104
4,27,105
4,27,106
4,23,107
4,115,108
4,11,109
4,47,110
4,31,111
4,39,112
4,43,113
4,3,114
4,19,115
4,11,116
4,55,117
4,27,118
4,39,85
12,11,59
40,27,119
4,87,120
4,47,121
4,35,49
28,27,122
4,23,123
4,47,124
4,43,125
4,35,126
4,39,127
4,11,128
4,23,129
4,19,130
4,51,131
4,27,132
4,63,133
4,75,134
4,39,135
4,39,136
4,43,137
4,31,138
4,67,139
4,55,140
4,7,132
12,11,140
4,75,141
4,35,142
4,35,143
4,35,144
4,39,101
20,19,145
4,27,146
4,67,147
4,79,148
4,51,149
4,7,150
4,11,151
4,3,152
4,3,153
4,35,154
4,31,155
4,55,156
4,43,157
4,19,158
4,55,159
4,7,215
12,11,159
4,19,160
4,63,161
4,35,162
4,15,180
20,19,162
4,7,163
4,7,138
12,11,163
4,39,164
4,83,165
4,11,166
4,43,167
4,11,168
4,23,169
4,35,170
4,7,171
4,55,172
4,3,173
4,15,174
4,19,175
4,59,176
4,95,177
4,59,178
4,11,179
4,15,180
4,39,181
4,39,166
16,15,156
52,35,182
4,19,240
24,23,182
4,11,232
36,35,182
4,35,183
4,19,176
16,15,184
4,27,185
4,3,186
4,59,187
4,7,188
4,23,189
4,3,190
4,91,191
4,39,192
4,75,193
4,71,194
4,67,195
4,43,196
4,3,197
4,35,198
708,7,198
4,31,199
4,23,200
4,11,201
4,11,202
4,3,203
4,63,204
4,7,205
4,51,206
4,35,207
4,31,208
4,47,209
4,3,210
4,59,211
4,35,212
4,43,213
4,59,214
4,55,215
4,15,216
4,31,217
4,63,218
4,39,219
4,3,220
4,15,221
4,23,222
4,71,223
4,51,224
4,71,225
4,43,226
4,15,227
4,47,228
4,43,229
4,31,230
4,15,231
4,47,232
4,47,233
4,83,234
4,27,235
4,51,236
4,27,237
4,7,238
4,59,239
4,67,240
4,79,241
4,39,242
4,43,243
4,43,244
4,35,245
4,31,246
4,23,247
4,39,248
4,31,249
4,47,250
4,3,251
4,3,252
4,55,253
4,86,16
9680,4,253
4,19,254
4,55,255
4,58,16
163999,4,1
4,35,2
4,22,15
3112,3,16
28,23,16
4,24,3
4,23,4
4,3,5
4,3,6
4,7,7
4,3,8
4,51,9
4,39,10
4,123,11
4,7,12
4,39,13
4,35,14
4,7,17
12,11,14
4,7,15
4,43,16
4,63,17
4,47,18
4,55,19
4,39,20
4,43,21
4,67,22
4,15,23
4,51,75
20,19,24
4,7,25
4,7,26
4,23,27
4,39,28
4,19,29
4,19,54
12,11,30
4,27,31
4,3,90
8,7,32
4,87,33
4,7,34
4,31,35
4,15,36
4,83,37
4,11,38
4,67,2
32,31,39
4,19,40
4,51,41
4,3,42
4,27,43
4,31,44
4,47,45
4,11,46
4,107,47
4,7,48
4,39,49
4,7,50
4,35,51
4,7,52
4,55,53
4,35,54
4,59,55
4,3,56
4,43,57
4,27,58
4,23,59
4,23,60
4,19,61
4,51,62
4,83,63
4,15,64
4,51,65
4,47,66
4,83,67
4,3,68
4,3,69
4,71,70
4,3,114
8,7,70
4,71,71
4,51,72
4,7,73
4,47,74
4,15,75
4,95,76
4,99,77
4,31,78
4,3,130
8,7,78
4,3,79
4,51,80
4,3,81
4,71,82
4,79,83
4,103,84
4,27,85
4,3,86
4,39,87
4,39,88
4,7,89
4,71,90
4,3,154
8,7,90
4,51,170
20,19,91
4,55,92
4,83,93
4,99,94
4,51,95
4,15,96
4,11,97
4,67,98
4,47,99
4,27,100
4,67,101
4,3,102
4,59,103
4,39,104
4,15,105
4,27,106
4,63,107
4,23,108
4,27,109
4,7,110
4,19,111
4,3,112
4,31,113
4,31,114
4,19,115
4,31,116
4,3,117
4,11,118
4,27,82
24,23,119
4,91,120
4,27,121
4,3,122
4,31,123
4,47,124
4,103,125
4,3,126
4,7,100
12,11,126
4,39,127
4,31,128
4,39,129
4,11,130
4,43,131
4,3,132
4,35,133
4,43,134
4,11,135
4,67,136
4,103,137
4,19,138
4,15,139
4,23,140
4,43,141
4,139,195
4,3,142
4,39,143
4,27,144
4,99,145
4,19,146
4,47,147
4,55,137
16,15,148
4,3,149
4,39,150
4,55,151
4,31,152
4,7,153
2560,7,154
4,59,155
4,27,156
4,3,157
4,47,158
4,87,159
4,51,160
4,3,161
4,35,248
12,11,162
4,19,163
4,7,164
4,3,165
4,27,166
4,7,167
4,27,93
20,19,168
4,11,169
4,7,170
4,39,171
4,35,172
4,83,173
4,107,174
4,23,175
4,35,176
4,27,177
4,23,178
4,7,179
4,3,180
4,43,181
4,87,182
4,19,183
4,71,184
4,55,185
4,23,186
4,3,253
8,7,186
4,47,130
56,55,187
4,23,188
4,7,189
4,39,190
4,59,191
4,35,192
4,67,193
4,19,220
24,23,193
4,7,209
16,15,194
2048,7,195
4,3,196
4,3,197
4,23,198
4,3,199
4,51,200
4,55,201
4,7,202
4,67,203
4,3,204
4,107,205
4,23,206
4,91,207
4,3,208
4,15,209
4,23,210
4,63,211
4,15,212
4,19,213
4,27,128
20,19,214
4,3,215
4,3,216
4,39,217
4,99,218
4,3,219
4,79,220
4,67,221
4,11,222
4,23,223
4,47,224
4,51,225
4,39,226
4,3,227
4,39,228
4,75,229
4,23,230
4,23,231
4,3,232
4,7,233
4,43,234
4,3,235
4,3,236
4,35,237
4,23,238
4,51,239
4,55,240
4,59,241
4,47,242
4,27,243
4,19,184
16,15,244
4,11,245
4,55,246
4,27,247
4,79,248
4,71,249
4,67,250
4,47,251
4,19,252
4,27,209
32,31,252
4,7,253
4,43,254
4,75,255
4,74,17
174015,7,17
4,40,1
4,63,2
4,3,3
4,11,4
4,31,26
24,23,5
4,19,6
4,3,7
4,7,8
4,35,9
4,51,10
4,3,11
4,18,16
2336,3,17
24,19,17
4,64,12
4,15,13
4,15,14
4,23,15
4,3,16
4,31,17
4,107,18
4,35,19
4,23,20
4,35,21
4,31,22
4,35,23
4,31,24
4,79,25
4,59,26
4,23,27
4,59,28
4,23,29
4,55,30
4,35,31
4,50,16
1892,3,17
12,4,32
4,38,16
3000,3,17
28,20,33
4,15,34
4,15,35
4,3,36
4,11,37
4,67,38
4,7,39
4,35,40
4,15,41
4,3,42
4,7,30
12,11,42
4,15,43
4,15,72
20,19,43
4,7,106
28,27,43
4,3,99
16,15,44
4,23,45
4,23,46
4,10,16
2468,3,17
16,11,17
4,4,47
4,71,48
4,31,49
4,27,50
4,51,51
4,3,52
4,47,53
4,39,78
4,3,54
4,47,55
4,47,56
4,3,57
4,23,58
4,87,59
4,3,60
4,15,61
4,47,62
4,27,63
4,75,64
4,23,65
4,71,66
4,87,67
4,3,68
4,3,69
4,27,70
4,31,71
1076,7,72
4,87,73
4,42,16
3824,3,17
36,28,74
4,35,8
28,27,75
4,7,76
4,7,77
4,19,105
8,7,78
4,83,79
4,51,80
4,59,81
4,27,82
4,47,83
4,3,84
4,11,85
4,3,86
4,35,142
8,7,87
4,59,88
4,115,89
4,43,127
48,47,89
4,7,90
4,7,91
4,11,92
4,63,93
4,19,94
4,7,95
4,39,96
4,31,97
4,19,98
4,39,99
4,51,100
4,3,101
4,83,102
4,63,103
4,31,104
1104,7,105
4,51,106
4,71,107
4,19,108
4,51,109
4,27,64
32,31,109
4,23,110
4,19,74
24,23,110
4,79,111
4,51,112
4,87,113
4,3,114
4,11,115
4,19,116
2508,7,117
4,59,118
4,31,119
4,55,120
4,3,121
4,15,122
4,27,123
4,47,124
4,23,125
4,27,126
4,19,127
4,27,128
4,19,129
4,31,130
4,47,131
4,15,132
4,35,133
4,27,134
4,23,135
4,3,136
4,43,137
4,15,171
12,11,138
4,63,139
4,63,140
4,7,92
12,11,140
4,3,141
4,55,142
4,27,192
32,31,142
4,31,143
4,31,109
20,19,144
4,47,145
4,19,106
24,23,145
4,91,146
4,35,147
4,51,148
4,31,149
4,55,150
4,51,151
4,35,152
4,39,153
4,3,154
4,35,155
4,23,144
28,27,155
4,7,156
4,67,157
4,43,158
4,39,159
4,71,160
4,3,161
4,7,180
12,11,161
1272,7,161
4,55,162
4,11,163
4,35,164
4,83,165
4,7,166
4,67,167
4,35,168
4,63,169
4,43,170
4,35,171
4,39,172
4,59,173
4,23,174
4,55,175
4,31,176
4,31,219
32,31,177
4,55,178
4,67,179
4,31,180
4,63,181
4,7,182
4,71,183
4,3,184
4,39,185
4,67,186
4,15,187
4,3,188
4,27,189
4,43,190
4,55,191
4,19,192
4,23,193
4,11,194
4,47,195
4,23,196
4,35,197
4,75,198
4,3,199
4,30,18
7216,4,199
4,23,200
4,39,201
4,3,202
4,39,203
4,35,204
4,7,205
4,51,206
4,3,207
4,23,208
4,51,209
4,83,210
4,47,211
4,55,212
4,7,213
4,35,214
4,15,215
4,67,216
4,7,217
12,11,216
4,43,217
4,51,218
4,59,219
4,87,220
4,67,221
4,79,222
4,15,223
4,43,224
4,31,225
4,55,226
4,23,227
4,55,228
4,47,229
4,87,230
4,3,231
4,67,232
4,55,233
4,63,234
4,3,235
4,39,236
4,59,237
4,75,238
4,75,239
4,75,240
4,11,241
4,23,194
28,27,241
4,11,242
4,27,231
4,3,243
4,59,244
4,35,245
4,7,246
4,7,247
4,51,248
4,51,249
4,35,250
4,7,251
4,59,252
4,3,253
4,27,254
4,15,228
20,19,255
4,14,18
184331,20,1
4,47,2
4,111,3
4,35,4
4,71,5
4,11,6
4,39,7
4,7,8
4,63,9
4,15,10
4,11,11
4,11,12
4,59,13
4,23,14
4,27,15
4,15,16
4,31,17
4,55,18
4,7,19
4,59,20
4,23,21
4,11,22
4,15,23
4,3,24
4,19,25
4,23,26
4,51,20
16,15,27
4,51,28
4,51,29
4,31,30
4,15,31
4,27,32
4,3,33
4,71,34
4,7,35
4,71,36
4,47,37
4,31,38
4,3,39
4,15,40
4,35,41
4,59,42
4,39,43
4,15,2
8,7,44
4,3,45
4,3,46
4,11,47
4,47,48
4,3,49
4,83,50
4,35,51
4,3,52
4,55,53
4,75,54
4,7,139
12,11,54
4,19,55
4,11,56
4,39,57
4,63,58
4,15,59
4,27,60
4,39,61
4,35,62
4,3,113
8,7,62
4,87,63
4,59,64
4,47,65
1160,7,66
4,19,67
4,31,68
4,31,69
4,35,70
4,59,71
4,43,72
4,11,73
4,31,74
4,11,75
4,43,120
16,15,76
4,23,77
4,31,78
4,3,79
4,67,80
4,59,81
4,3,82
4,59,83
4,23,84
4,3,85
4,7,86
4,3,87
4,19,0
24,23,87
4,3,88
4,47,89
4,67,90
4,51,91
4,43,92
4,23,93
4,43,94
4,107,95
4,23,96
4,7,97
4,23,98
4,55,99
4,35,100
4,11,101
4,23,102
4,3,103
4,27,104
4,27,105
1528,7,105
4,27,20
32,31,105
4,23,106
4,71,107
4,7,108
4,39,109
4,23,110
4,35,111
4,47,112
4,51,113
4,23,114
4,27,115
4,67,116
4,11,117
4,23,118
4,19,119
4,27,120
4,51,121
4,39,122
4,51,123
4,3,124
4,35,125
4,55,126
4,103,127
4,15,128
4,3,129
4,19,130
4,3,131
4,71,132
4,27,133
4,3,134
4,11,135
4,55,136
4,27,137
4,3,138
4,35,139
4,27,140
4,51,141
4,23,142
4,19,143
4,27,144
4,27,145
4,91,146
4,7,99
12,11,146
4,39,147
4,11,57
8,7,148
4,3,149
4,35,150
4,55,151
4,31,152
4,55,153
4,59,154
4,87,155
4,23,156
4,35,126
8,7,157
4,27,158
4,47,159
4,7,160
4,31,161
4,143,162
4,47,163
4,27,164
4,51,165
4,35,166
4,39,167
4,39,168
4,115,169
4,27,170
4,11,171
4,39,172
4,59,173
4,51,174
4,19,175
4,23,176
4,31,177
4,47,243
28,27,178
4,59,179
4,71,180
4,23,181
4,147,182
4,31,183
4,43,184
4,71,185
4,23,186
4,11,187
4,15,192
20,19,187
4,11,188
4,27,189
4,91,190
4,3,191
160,7,192
4,27,193
4,27,194
4,119,195
4,35,196
4,23,197
4,63,198
4,35,199
4,3,200
4,11,201
4,3,202
4,43,203
4,23,204
4,43,205
4,63,206
4,31,207
4,27,167
32,31,207
4,3,208
4,59,209
4,7,210
4,31,211
4,27,212
4,23,213
4,35,214
4,35,141
4,3,215
4,7,216
4,91,217
4,23,218
4,67,219
4,59,220
4,51,221
4,51,178
20,19,222
4,63,223
4,91,224
4,23,225
4,3,226
4,47,156
16,15,227
4,47,228
4,3,229
4,3,230
4,15,251
20,19,231
4,91,232
4,11,233
4,15,167
16,15,234
4,19,235
4,35,236
4,7,237
4,27,238
4,11,167
4,3,239
4,27,240
896,7,240
4,31,241
4,50,19
8076,4,241
4,3,242
4,31,243
4,43,244
4,35,245
4,27,246
4,67,247
4,34,19
8508,4,247
4,47,248
4,67,249
4,51,250
4,79,251
4,63,252
4,7,253
4,19,254
4,59,255
4,42,19
194111,4,1
4,75,2
4,3,3
4,63,4
4,71,5
4,38,18
1192,3,19
16,8,82
12,11,66
64,35,6
4,35,7
4,39,8
4,67,9
4,67,10
4,83,11
4,15,12
4,55,13
4,27,14
4,35,15
4,31,16
4,7,17
4,15,18
4,19,19
4,3,20
4,55,21
4,3,22
4,115,23
4,3,24
4,51,25
4,59,26
4,23,27
4,23,28
4,27,49
8,7,29
4,35,30
4,43,31
4,71,32
4,11,33
4,39,34
4,31,35
4,15,36
4,43,37
4,35,38
4,51,30
44,43,39
4,39,40
4,55,41
4,43,42
4,59,43
4,23,44
4,35,45
4,3,46
4,47,47
4,27,104
32,31,47
4,11,48
4,10,18
2036,4,48
4,75,49
4,15,50
4,3,51
4,35,52
4,43,53
4,15,54
4,47,55
4,63,56
4,11,57
4,35,58
4,75,59
4,47,60
4,43,61
4,95,62
4,35,63
4,43,64
4,31,65
2484,7,66
4,55,67
4,35,68
4,47,69
4,39,70
4,27,71
4,47,72
4,7,131
12,11,73
4,15,60
12,11,74
4,35,75
4,51,76
4,31,77
4,23,78
4,27,79
4,43,115
48,47,79
4,7,80
4,75,91
4,3,81
4,23,82
4,79,83
4,11,84
4,3,85
4,115,86
4,55,87
4,27,88
4,31,89
4,7,90
4,27,91
4,27,92
4,55,93
4,15,94
4,87,114
28,27,95
4,31,96
4,39,97
4,3,98
4,23,99
4,3,100
4,3,101
4,35,102
4,79,103
4,23,104
4,7,105
4,59,106
4,7,107
4,31,108
4,23,109
4,35,110
4,135,111
4,27,112
4,35,113
4,59,114
4,55,115
4,19,168
24,23,115
4,23,116
4,59,117
4,23,118
4,123,119
4,43,120
4,31,121
4,67,122
4,55,123
4,11,124
4,19,125
4,55,126
4,3,127
4,27,128
4,7,161
12,11,129
4,55,130
4,11,131
4,39,158
32,31,132
4,23,133
4,43,134
4,27,135
4,19,136
4,11,137
4,19,138
4,27,139
4,103,140
4,47,199
20,19,141
4,123,142
4,7,143
4,15,144
4,15,145
4,7,146
4,43,147
4,15,148
4,115,149
4,51,150
4,35,151
4,35,152
4,3,153
4,15,154
4,47,155
4,19,156
4,83,202
48,47,157
4,55,158
4,35,159
4,31,233
20,19,160
4,27,161
4,39,162
4,11,225
8,7,163
4,55,164
4,27,165
4,23,166
4,63,167
4,47,168
4,55,169
4,19,170
4,43,171
4,35,172
2528,7,172
4,19,173
4,11,174
4,47,175
4,35,176
4,3,177
4,79,178
4,27,179
4,39,180
4,31,181
4,23,182
4,75,183
4,47,184
4,3,185
4,71,186
4,39,187
4,79,188
4,15,189
4,39,190
4,7,191
4,11,183
16,15,191
4,15,192
4,27,193
4,79,194
4,35,137
4,3,195
4,27,196
4,3,197
4,3,198
4,79,174
16,15,199
4,79,200
4,119,201
1900,7,202
4,71,203
4,51,204
4,83,205
4,27,206
4,3,207
4,19,208
4,51,209
4,19,210
4,27,211
4,163,212
4,43,213
4,75,214
4,23,215
4,47,216
4,11,217
16,15,216
4,87,217
4,67,218
4,11,219
4,11,220
4,35,221
2536,7,221
4,55,222
4,83,223
4,23,224
2768,7,225
4,75,226
700,7,226
4,15,227
4,27,228
4,27,229
4,3,230
4,59,231
4,23,232
3120,7,233
4,15,234
4,3,235
4,63,236
4,39,237
4,27,238
4,11,239
4,39,240
4,31,217
24,23,241
4,35,242
4,87,243
4,19,244
4,31,245
4,55,246
4,71,247
4,23,248
4,63,249
4,27,250
4,3,251
4,27,252
4,3,253
4,3,254
4,27,255
4,26,20
8688,4,255
204691,19,1
4,3,2
4,3,3
4,11,4
4,71,5
4,15,6
4,3,7
4,7,8
4,31,9
4,3,10
4,55,11
4,7,12
4,35,13
4,43,14
4,15,15
4,3,16
4,51,17
4,95,18
4,35,19
4,7,20
4,10,19
544,4,21
4,19,22
4,31,23
4,67,24
4,19,25
4,79,26
4,19,27
4,87,28
4,31,29
4,31,30
4,3,31
4,59,32
4,51,33
4,63,34
4,19,35
4,23,36
4,47,37
4,3,38
4,15,39
4,7,40
4,35,41
4,67,42
4,3,43
4,19,44
4,51,45
4,15,46
4,15,47
4,3,48
4,15,49
4,35,50
4,43,51
4,67,52
4,11,53
4,71,54
4,3,55
4,11,56
4,19,57
4,3,58
4,95,59
4,59,60
4,27,61
4,39,62
4,63,63
4,15,64
4,11,65
4,39,66
4,43,67
4,47,68
4,7,69
4,7,70
4,27,71
4,7,72
4,31,73
1964,7,73
4,43,74
4,95,75
4,43,76
4,63,77
4,27,78
4,43,22
16,15,79
4,31,80
4,31,81
4,27,59
16,15,82
4,63,83
4,87,84
4,11,67
8,7,62
24,15,84
4,23,85
4,39,86
4,39,111
24,23,87
4,59,88
4,3,89
4,55,90
4,3,91
4,55,92
4,43,93
4,11,94
4,63,95
4,19,68
24,23,95
4,23,96
4,35,97
2516,7,97
4,87,98
4,31,99
4,95,100
4,43,101
4,23,102
4,79,103
4,23,104
4,43,105
4,47,106
4,43,107
4,3,108
4,3,109
4,11,110
4,59,111
4,83,112
4,75,113
4,3,114
4,23,115
4,35,116
4,15,191
20,19,116
4,23,117
4,27,118
4,27,119
4,39,120
4,119,121
4,43,122
4,23,123
4,115,124
4,11,125
4,23,77
28,27,125
4,19,126
4,99,127
4,35,128
4,47,129
4,35,130
4,39,131
4,27,132
4,87,133
4,59,110
8,7,67
28,19,134
4,59,135
4,3,136
4,47,137
4,23,138
4,43,139
4,3,140
4,19,141
4,43,142
4,71,143
4,27,144
4,35,145
4,3,146
4,43,147
4,47,148
4,3,149
4,55,150
4,11,103
16,15,150
4,15,151
4,47,152
4,71,153
4,11,154
4,35,155
4,3,156
4,47,157
4,3,158
4,59,159
4,3,244
8,7,159
4,39,160
4,39,161
4,47,162
4,91,163
4,3,164
4,51,165
4,7,166
4,71,167
4,59,168
4,55,169
4,3,170
4,43,171
4,31,172
4,15,173
4,7,128
12,11,173
4,51,174
4,31,175
4,27,176
4,23,188
28,27,176
4,15,177
4,63,178
4,7,179
4,3,180
4,27,181
4,51,182
4,11,183
4,31,171
12,11,184
4,3,185
4,23,186
4,7,187
4,7,188
4,63,130
24,23,189
4,3,190
4,51,191
4,39,192
4,55,193
4,39,194
4,47,195
4,31,196
4,3,197
4,51,198
4,23,199
4,43,200
4,63,202
4,43,203
4,71,204
4,7,205
4,31,206
4,115,207
4,15,208
4,39,209
4,51,210
4,43,211
4,27,212
4,59,213
4,19,214
4,43,215
4,15,216
4,11,217
4,11,218
4,19,219
4,51,220
4,3,221
4,31,222
4,31,223
4,75,224
4,15,225
4,31,226
4,43,227
4,27,228
4,31,229
4,75,230
4,10,21
5916,4,230
4,31,231
4,19,232
4,31,233
4,63,234
4,51,235
4,35,236
4,31,237
4,15,238
4,3,239
4,39,240
4,75,241
4,31,242
4,3,243
4,11,244
4,27,245
4,3,246
4,3,247
4,7,248
4,27,249
4,31,250
4,23,251
4,51,252
4,59,253
4,31,254
4,7,255
4,6,21
214207,4,1
4,3,2
4,15,3
4,3,4
4,3,5
4,71,6
4,35,7
4,27,77
12,11,8
4,23,9
4,3,10
4,43,11
4,3,12
4,3,13
4,3,14
4,39,15
4,107,16
4,11,17
4,3,18
4,35,19
4,19,20
4,39,21
4,11,71
16,15,21
4,7,22
4,31,23
4,55,24
4,83,25
4,50,20
12524,3,21
24,16,26
4,51,27
4,39,28
4,11,29
4,47,30
4,39,31
4,3,32
4,67,33
4,55,34
4,23,35
4,3,36
4,39,37
4,43,38
4,27,39
4,35,40
4,83,41
4,35,42
4,3,43
4,23,44
4,35,45
4,47,46
4,51,47
4,47,48
4,43,49
4,3,50
4,47,51
4,35,52
4,50,20
3044,3,21
20,12,53
4,3,54
4,51,55
4,71,56
4,83,57
4,3,58
4,39,59
4,3,60
4,75,61
2916,6,21
4,56,63
4,55,64
4,43,65
4,15,66
4,119,67
4,63,68
4,11,69
4,55,70
4,15,71
4,51,72
4,23,73
4,19,74
4,19,75
4,27,76
2596,7,77
4,63,78
4,3,79
4,47,80
4,47,81
4,71,82
4,3,87
8,7,82
4,47,83
4,3,84
4,23,85
4,35,86
124,7,87
4,27,88
4,11,45
16,15,88
4,19,89
4,3,90
4,27,91
4,35,139
40,39,91
4,71,92
4,7,93
4,19,94
4,3,95
4,3,96
4,79,97
4,23,98
4,35,99
4,7,122
12,11,99
4,39,100
4,51,101
4,31,102
4,55,103
4,19,104
4,47,105
4,3,106
4,59,107
4,35,108
4,23,109
4,23,110
4,3,111
4,27,112
4,79,113
4,7,114
4,7,115
4,39,116
4,11,117
4,31,118
4,55,119
4,71,100
28,27,120
4,3,121
4,15,171
800,7,122
4,27,123
4,43,124
4,111,125
4,59,126
4,3,127
4,27,128
4,63,129
4,23,80
16,15,130
4,23,131
4,47,132
4,59,133
4,7,134
4,27,135
4,51,136
4,83,137
4,7,138
1796,7,139
4,15,65
16,15,140
4,3,141
4,3,142
4,35,183
40,39,142
4,15,143
4,35,144
4,15,145
4,67,146
4,67,147
4,11,148
4,47,149
4,87,174
4,3,150
4,35,151
4,87,152
4,35,153
4,23,154
4,55,74
20,19,155
4,83,156
4,23,157
4,15,158
4,15,159
4,39,160
4,19,130
4,3,161
4,3,227
8,7,161
4,19,162
4,11,163
4,35,164
4,39,119
16,15,208
12,11,165
4,39,166
4,3,167
4,39,168
4,19,159
24,23,168
4,11,169
4,3,170
4,43,171
4,11,239
16,15,171
4,11,172
4,79,173
4,23,174
4,71,175
4,35,176
4,3,177
4,71,178
4,11,205
16,15,178
4,35,195
12,11,179
4,7,180
4,31,181
4,3,232
8,7,181
4,43,182
4,11,183
4,55,184
4,3,185
4,35,186
4,83,223
36,35,187
4,3,188
4,59,189
4,31,190
4,63,191
4,71,192
4,27,193
4,39,194
4,19,195
4,79,196
4,75,197
4,35,238
16,15,198
4,3,199
4,55,200
4,3,201
4,3,202
4,11,203
4,3,204
4,15,205
4,27,206
4,31,207
4,35,208
4,95,209
4,51,210
4,39,211
4,19,212
4,19,213
4,39,214
4,23,215
4,51,216
4,55,217
4,11,218
4,55,219
4,47,220
4,87,221
4,35,222
4,35,223
4,6,22
7228,4,223
4,91,224
4,59,225
4,15,226
4,27,227
4,59,228
4,31,229
4,35,222
4,3,230
4,11,231
4,11,232
4,23,233
4,59,223
24,23,234
4,59,235
4,27,236
4,74,22
8692,4,236
4,15,237
1548,7,238
4,83,239
4,31,240
4,23,241
4,35,242
4,35,243
4,47,244
4,3,245
4,63,246
4,3,247
4,47,248
4,31,249
4,3,250
4,3,251
4,3,252
4,47,253
4,35,254
4,35,255
4,46,22
223939,11,22
4,112,1
4,42,21
2732,3,22
48,40,2
4,75,3
4,35,4
4,43,5
4,71,6
4,7,7
4,86,21
2896,3,22
12,4,8
4,55,9
4,15,10
4,3,11
4,39,12
4,75,13
4,23,14
4,59,15
4,23,16
4,39,17
4,3,18
4,47,19
4,19,20
4,27,21
4,55,22
4,31,23
4,43,24
4,27,25
4,51,26
4,23,27
4,19,28
4,87,29
4,63,30
4,35,31
4,31,65
28,27,32
4,83,33
4,23,34
4,15,35
4,35,113
8,7,36
4,35,37
4,23,38
4,27,39
4,51,40
4,31,41
4,19,42
4,3,59
4,3,43
4,55,44
4,31,45
4,31,46
4,27,47
4,14,21
2748,3,22
20,15,22
4,12,48
4,31,49
4,11,50
4,3,51
4,39,52
4,55,53
4,3,54
4,39,55
4,39,56
4,79,57
4,75,58
588,7,59
4,103,60
4,23,61
4,35,62
4,31,63
4,3,64
4,39,65
4,59,66
4,23,67
4,35,68
4,11,69
4,3,70
4,63,71
4,31,72
4,27,73
4,19,74
4,35,75
4,79,76
4,43,77
4,23,78
4,23,79
4,3,80
4,11,81
4,39,82
4,3,83
4,19,54
12,11,84
4,107,85
4,3,86
4,35,87
4,51,88
4,43,89
4,23,14
12,11,90
4,7,91
4,35,92
4,55,93
4,43,94
4,59,95
4,67,96
4,31,97
4,15,98
4,35,94
16,15,99
4,3,115
8,7,99
4,31,100
4,3,101
4,3,102
4,15,16
20,19,102
4,63,143
32,31,103
4,23,104
4,59,105
4,63,106
4,63,144
4,3,107
4,27,108
4,7,109
4,63,110
4,7,111
4,95,112
4,11,170
16,15,112
4,31,147
32,31,113
4,51,114
4,35,115
4,39,116
4,75,117
4,79,118
4,3,186
8,7,118
4,87,119
4,51,120
4,27,121
4,35,122
4,11,123
4,31,124
4,31,125
4,83,126
4,83,109
8,7,127
4,3,128
4,15,88
4,3,129
4,3,130
4,35,131
4,11,132
4,35,133
4,99,134
4,15,135
4,63,136
4,23,137
4,3,138
4,31,139
4,35,140
4,43,141
4,19,142
4,43,143
4,11,177
16,15,143
4,35,144
4,83,145
4,43,146
1476,7,147
4,35,148
4,47,149
4,3,150
4,15,151
4,51,152
4,7,211
12,11,152
4,67,153
4,27,154
4,35,155
4,15,156
4,71,157
4,15,158
4,31,159
4,35,160
4,27,161
4,19,162
4,43,163
4,15,164
4,31,165
4,39,166
4,35,167
4,3,168
4,35,169
4,35,170
4,83,171
4,55,172
4,3,173
4,27,174
4,3,175
4,103,176
1244,7,177
4,119,178
4,7,179
4,27,180
4,99,181
4,31,182
4,59,183
4,3,184
4,23,185
2600,7,186
4,87,187
4,3,188
4,123,189
4,23,190
4,23,191
4,3,192
4,31,193
4,7,194
4,99,195
4,11,196
4,11,197
4,59,198
4,67,199
4,51,200
4,31,201
4,7,202
4,35,203
4,59,204
4,39,222
16,15,205
4,35,206
4,63,207
4,47,165
52,51,207
4,3,208
4,11,250
16,15,208
4,27,209
4,3,210
4,27,211
4,87,212
4,19,213
4,51,214
4,59,215
4,14,23
7800,4,215
4,11,216
4,3,217
4,43,218
4,11,219
4,27,220
4,3,221
4,23,222
4,19,223
4,3,224
4,19,225
4,19,247
16,15,226
4,23,227
4,11,228
4,27,229
4,39,230
4,23,231
4,43,232
4,31,233
4,15,234
4,35,235
4,7,236
4,3,237
72,7,237
4,27,238
4,59,239
4,23,240
4,23,241
4,3,242
4,47,243
4,127,244
4,35,245
4,71,246
4,55,247
4,7,248
4,103,249
1396,7,250
4,71,251
4,39,252
4,15,199
20,19,252
4,27,253
4,7,254
4,15,255
234031,7,1
4,7,2
4,95,3
4,15,4
4,51,5
4,23,6
4,91,7
4,43,8
4,55,9
4,35,10
4,55,11
4,39,12
4,11,13
4,3,14
4,27,15
4,15,16
4,75,17
4,43,18
4,95,19
4,3,20
4,55,21
4,43,22
4,15,23
4,59,24
4,19,25
4,43,26
4,55,27
4,3,28
4,27,29
4,23,30
4,26,22
1280,3,23
16,8,31
4,66,22
3204,3,23
32,24,32
4,31,33
4,27,34
4,59,35
4,19,36
4,3,37
4,11,38
4,15,39
4,31,40
4,11,41
4,27,18
32,31,41
4,3,42
4,39,43
4,51,44
4,47,45
4,123,46
4,27,47
4,31,48
4,23,44
28,27,48
4,11,49
4,23,50
4,35,51
4,11,52
4,47,53
4,7,54
4,43,55
4,27,56
4,95,57
4,31,89
24,23,58
4,59,59
4,3,60
4,7,61
4,71,62
4,47,63
4,23,64
4,3,65
4,27,66
4,67,67
4,15,68
4,31,118
28,27,69
4,27,70
4,15,71
4,31,72
4,35,73
4,47,74
4,19,75
4,43,76
4,55,125
20,19,77
4,3,78
4,15,79
4,51,80
4,3,81
4,3,145
8,7,81
4,75,82
4,3,83
4,19,25
24,23,84
4,59,85
4,55,86
4,47,87
4,39,88
4,55,89
4,23,90
4,3,91
4,3,92
4,51,93
4,3,94
4,3,95
4,23,98
16,15,96
4,15,67
20,19,96
4,11,97
4,39,98
4,67,99
4,15,100
4,95,101
4,27,102
4,91,79
12,11,103
4,23,105
12,11,104
4,27,105
4,19,106
4,23,107
4,75,108
4,111,109
4,47,110
4,55,111
4,39,112
4,39,113
4,3,114
4,31,115
4,15,116
4,3,117
4,83,118
4,43,119
4,19,120
4,31,121
4,3,122
4,3,123
4,11,124
1764,7,125
4,79,126
4,39,125
12,11,127
4,23,128
4,31,129
4,79,130
4,35,131
4,31,132
4,43,133
4,31,134
4,7,135
4,15,136
4,31,137
4,19,138
4,15,139
4,27,140
4,59,141
4,11,142
4,15,79
20,19,142
4,23,143
4,35,144
4,75,145
4,31,146
4,83,147
4,23,148
4,51,149
4,7,150
4,67,151
4,51,152
4,55,153
4,87,154
4,23,155
4,23,156
4,27,157
4,27,158
4,55,159
4,79,160
4,23,161
4,3,162
4,3,163
4,119,164
4,35,165
4,3,166
4,43,167
4,79,168
4,55,169
4,3,170
4,83,171
4,35,172
4,71,173
4,55,174
4,39,175
4,19,176
4,31,177
4,3,178
4,31,179
4,7,180
4,63,181
4,55,182
4,3,183
4,3,184
4,35,185
4,51,186
4,67,187
4,11,142
4,3,188
4,19,189
4,39,190
4,35,191
4,79,192
4,59,193
4,27,132
4,3,194
4,87,195
4,63,196
4,43,197
4,23,198
4,35,199
4,23,200
4,79,201
4,3,202
4,3,203
4,3,204
4,43,205
4,71,206
4,19,207
4,43,208
4,15,138
12,11,209
4,7,210
4,51,211
4,15,212
4,35,213
4,23,214
4,23,215
4,99,216
4,19,217
4,31,218
4,103,219
4,55,220
4,19,221
4,35,172
16,15,222
4,35,223
4,46,24
8232,4,223
4,51,224
4,87,225
4,3,226
4,31,227
4,27,228
4,35,229
4,27,189
32,31,229
4,3,230
4,30,24
8988,4,230
4,27,231
4,3,232
4,43,176
12,11,233
4,10,24
6352,4,233
4,63,234
4,78,24
8264,4,234
4,19,235
4,27,236
4,55,237
4,51,238
4,91,239
4,3,240
4,95,241
4,63,245
4,3,242
4,31,243
4,3,244
4,51,245
4,39,246
4,39,205
4,3,247
4,71,248
4,35,249
4,19,250
4,39,251
4,19,252
4,19,253
4,67,254
4,23,255
4,34,24
244307,52,1
4,27,2
1264,6,24
4,68,4
4,3,5
4,35,6
4,47,7
4,63,20
4,3,8
4,43,9
4,3,56
8,7,9
4,27,16
36,35,10
4,59,11
4,23,12
4,39,13
4,35,14
4,3,15
4,31,16
4,35,17
4,23,18
4,50,23
952,3,24
52,44,19
4,31,20
40,7,21
4,91,22
564,7,22
4,83,23
4,47,24
4,23,25
4,15,26
2032,7,249
8,3,101
16,10,24
10312,3,24
10288,3,24
4,32,13
24,23,29
4,83,30
4,39,31
4,71,32
4,27,46
8,7,33
4,35,34
4,95,35
4,31,36
4,55,37
4,139,38
4,3,39
4,31,40
4,27,41
4,43,42
4,59,43
4,27,44
4,35,45
4,31,124
636,7,46
4,51,47
4,19,48
4,23,49
4,55,50
4,75,51
4,43,52
4,55,53
4,7,54
4,11,55
4,31,56
4,111,57
4,23,58
4,75,59
4,27,60
4,67,61
4,3,62
4,27,63
4,15,141
20,19,64
4,27,65
4,7,66
4,11,67
4,71,68
4,3,147
8,7,68
4,63,69
4,39,70
4,27,58
32,31,70
4,11,71
4,3,72
4,15,73
4,51,74
4,35,75
4,59,76
4,15,77
4,23,78
4,15,79
4,71,80
4,83,81
4,11,82
4,27,83
4,47,84
4,15,85
4,51,86
4,11,87
4,39,88
4,59,89
4,31,90
4,3,91
4,99,92
4,3,93
4,39,94
4,11,95
4,7,96
4,15,97
4,51,98
4,31,99
4,31,100
4,11,26
8,7,101
4,91,102
4,23,103
4,19,104
4,51,105
4,27,106
4,35,107
4,63,108
4,15,109
4,43,110
404,7,110
4,51,111
4,15,112
4,59,113
4,27,114
4,43,115
4,3,116
4,7,117
4,19,118
24,23,117
36,15,118
4,39,119
4,107,75
8,7,120
4,79,121
4,51,122
4,19,123
4,39,124
4,59,125
4,51,126
4,43,127
4,67,128
4,35,129
4,55,130
4,59,131
4,15,132
4,111,133
1688,7,133
4,27,134
4,3,135
4,19,136
4,23,137
4,3,138
4,95,139
4,43,140
4,39,141
4,67,142
4,23,143
4,43,144
4,27,145
4,31,146
4,31,147
4,39,148
4,35,149
4,7,150
4,95,151
4,35,152
4,35,153
4,63,154
4,59,155
4,15,156
4,35,157
4,39,158
4,83,159
4,19,160
4,7,187
12,11,160
4,11,161
4,43,162
4,51,163
4,35,164
4,3,165
4,35,166
4,19,167
4,83,168
4,39,169
4,19,170
4,11,203
16,15,170
4,31,171
4,3,172
4,27,173
4,11,174
4,27,127
20,19,175
4,23,176
4,59,177
4,63,178
4,15,179
4,27,180
4,91,181
4,39,182
4,3,183
4,19,184
4,19,185
4,23,186
4,51,187
4,87,188
4,7,189
4,3,190
4,55,191
4,31,192
4,51,193
4,19,194
4,35,195
4,35,196
4,47,197
4,47,198
4,35,199
4,51,200
4,63,201
4,51,202
4,19,203
4,15,204
4,23,205
4,7,206
4,51,207
4,51,208
4,23,209
4,130,25
6836,4,209
4,19,210
4,31,129
12,11,197
4,3,211
4,79,212
4,3,213
4,55,214
4,35,215
4,7,216
4,31,217
4,67,218
4,6,25
8356,4,218
4,119,219
4,3,220
4,31,221
4,27,222
4,18,25
7608,4,223
4,75,224
4,47,225
4,47,226
4,71,227
4,3,228
4,51,229
4,55,230
4,39,231
4,107,232
1892,7,232
4,3,233
4,75,234
4,31,235
4,55,238
4,3,236
4,15,237
24,7,238
4,7,239
4,55,240
4,23,241
4,31,242
4,23,243
4,15,244
4,3,245
4,23,246
4,3,247
4,23,248
4,47,249
4,15,250
4,59,251
2404,7,251
4,43,252
4,3,253
4,15,254
4,3,255
4,62,25
254583,4,1
4,99,2
4,43,3
4,35,4
4,55,5
4,59,6
4,31,7
4,119,8
4,3,9
4,46,24
2024,3,25
16,8,10
4,19,11
4,3,12
4,51,13
4,3,14
4,19,15
4,27,16
4,47,17
4,59,18
4,7,19
4,11,20
4,39,21
4,27,22
4,42,24
380,4,22
4,47,23
4,3,24
4,99,25
4,99,26
4,7,27
4,19,28
4,19,29
4,11,30
4,19,31
4,6,24
3264,3,25
12,7,25
4,12,32
4,3,33
4,47,34
2500,6,25
4,68,36
4,7,87
12,11,36
4,39,37
3208,6,25
4,40,39
4,87,40
4,27,41
4,11,42
4,31,77
4,3,43
4,3,44
4,31,45
4,51,46
4,43,47
4,3,48
4,35,49
4,19,50
4,107,51
4,15,52
4,3,53
4,3,54
4,71,55
4,23,56
4,23,57
4,23,58
4,31,59
4,87,60
4,3,61
4,75,62
4,67,63
4,15,64
4,23,65
4,111,66
4,43,67
4,67,68
4,19,69
4,11,70
4,15,71
4,3,72
4,3,73
4,39,74
4,27,14
32,31,74
4,7,102
28,27,75
4,27,76
4,39,77
4,23,78
4,47,79
4,7,80
4,39,81
4,67,82
4,67,83
4,19,84
4,59,85
4,3,86
4,63,87
4,59,88
4,51,89
4,79,90
4,91,91
4,3,92
4,3,93
4,31,94
4,7,95
4,63,89
32,31,96
4,31,97
4,3,98
4,3,99
4,79,100
4,51,101
4,39,102
4,27,103
4,87,104
4,51,105
4,15,106
4,15,107
4,23,109
8,7,129
36,27,107
4,59,108
4,83,109
4,67,110
4,23,111
4,51,112
4,19,113
4,3,114
4,59,115
4,51,116
4,7,117
4,35,118
4,19,119
4,51,120
4,3,121
4,91,122
4,47,123
4,75,124
4,35,125
4,19,77
24,23,125
4,11,126
4,11,127
4,95,128
4,7,129
4,19,130
4,43,131
4,15,132
4,55,133
4,43,134
4,51,135
4,3,136
4,75,137
4,91,105
12,11,138
4,11,139
4,39,140
4,15,141
4,3,142
4,11,182
16,15,142
4,31,143
4,3,148
8,7,190
8,7,143
4,47,144
4,35,145
4,31,146
4,75,147
212,7,148
4,19,149
4,19,150
4,15,151
4,35,152
4,55,153
4,95,154
4,55,155
4,7,156
4,31,157
4,51,158
4,23,159
4,63,160
4,31,161
4,31,162
4,83,163
4,35,164
4,39,165
4,27,166
4,31,167
4,79,168
4,3,169
4,7,170
4,75,171
4,19,172
4,35,173
4,35,174
4,35,175
4,63,176
4,3,177
4,47,178
4,23,179
4,59,109
24,23,180
4,3,181
1560,7,182
4,47,236
56,55,182
4,47,183
4,39,184
4,63,185
4,35,186
4,35,187
4,19,188
4,79,189
1936,7,190
4,15,191
4,35,192
4,11,193
4,11,194
4,35,195
4,19,146
24,23,195
4,95,196
4,23,197
4,11,198
4,43,199
4,23,200
4,19,201
4,103,202
4,67,203
4,39,204
4,91,205
4,23,206
4,95,219
12,11,207
4,3,208
4,3,209
4,55,210
4,59,211
4,7,212
4,55,213
4,75,214
4,123,215
4,11,224
16,15,215
4,59,216
4,3,217
4,111,218
4,31,219
4,27,220
4,3,221
4,15,222
4,71,223
348,7,224
4,83,225
4,27,254
12,11,226
4,47,227
4,55,228
4,67,229
4,39,230
4,39,231
4,11,232
4,51,233
4,35,234
4,67,235
4,19,236
4,59,237
4,23,175
28,27,237
4,27,238
4,46,26
8700,4,238
4,7,239
4,3,240
4,99,241
4,7,242
4,3,243
4,43,244
4,103,245
4,27,246
4,23,247
4,19,248
4,63,249
4,35,250
4,15,251
4,3,252
4,31,253
4,19,254
4,75,255
4,30,26
265207,7,26
4,36,1
4,35,2
4,51,3
4,47,4
4,59,5
1992,6,26
10548,3,26
4,48,7
4,3,8
4,55,9
4,27,43
32,31,9
4,19,10
4,39,11
4,55,12
4,51,13
4,15,14
4,55,15
4,31,16
4,47,17
4,19,18
4,95,19
4,3,20
4,6,25
1500,4,20
4,11,21
4,27,22
4,15,23
4,3,24
4,11,25
4,55,26
4,75,27
4,23,28
4,43,29
4,63,30
4,23,31
4,47,32
4,83,33
4,83,34
4,3,35
4,91,36
4,19,37
4,35,38
4,3,39
4,99,40
4,19,41
4,55,42
4,71,43
4,43,44
456,7,45
4,39,46
4,3,47
4,27,48
4,67,49
4,39,50
4,39,51
4,31,52
4,35,53
4,23,54
4,39,55
4,7,56
4,47,57
4,3,58
4,7,59
4,3,60
4,22,25
2868,3,26
28,20,61
4,11,62
4,19,63
4,15,64
4,3,65
4,95,66
4,91,67
4,3,68
4,39,74
44,43,68
4,15,69
4,23,28
28,27,69
4,19,70
4,3,71
4,19,72
4,43,73
4,55,74
4,27,149
32,31,74
4,7,75
4,71,76
4,39,77
4,3,78
4,39,79
4,3,80
4,15,81
4,3,82
4,87,83
4,91,84
4,99,85
4,23,86
4,35,87
4,63,88
4,47,89
4,51,90
4,15,142
20,19,90
4,67,91
4,79,92
4,67,93
4,31,94
4,71,95
4,23,96
4,31,97
4,3,98
4,3,99
4,51,100
4,75,101
4,79,102
4,99,103
4,35,104
4,3,105
4,23,106
4,23,107
4,55,108
4,43,109
4,67,110
4,31,111
4,99,112
4,59,113
4,31,114
4,31,115
4,3,116
4,3,117
4,47,118
4,27,119
4,3,120
4,7,127
12,11,120
4,15,121
4,51,122
4,71,123
4,23,124
4,51,125
4,23,126
4,31,188
36,35,126
4,39,127
4,31,128
4,35,129
4,15,130
4,79,131
4,11,132
4,31,133
4,55,134
4,43,135
4,3,136
4,43,137
4,39,138
4,91,139
4,11,140
4,3,141
4,27,142
4,63,143
4,47,144
4,31,145
4,31,146
4,3,147
4,31,148
4,27,149
4,31,150
4,87,151
4,91,152
4,35,153
4,47,209
52,51,153
4,3,154
4,39,155
4,3,156
4,39,157
4,27,158
4,3,159
4,63,160
4,67,161
4,51,162
4,19,163
4,51,164
4,31,165
4,39,166
4,11,167
4,3,168
4,3,249
8,7,168
4,19,169
4,35,170
4,31,171
4,95,172
4,27,173
4,19,209
24,23,173
4,7,174
4,19,175
4,35,176
4,43,177
4,75,178
4,63,179
4,35,180
4,39,181
4,15,182
4,3,183
4,3,184
4,55,185
4,47,186
4,75,187
4,35,188
4,19,189
4,55,190
4,3,191
4,39,192
4,23,193
4,7,194
4,19,195
4,43,196
4,43,197
4,63,198
4,23,199
4,3,200
4,3,201
4,23,202
4,3,203
4,27,204
4,27,205
4,31,253
12,11,206
4,59,207
4,27,243
16,15,208
4,31,209
4,67,210
4,11,211
4,19,212
4,23,213
4,23,214
4,43,215
4,3,216
4,11,217
4,59,218
4,7,219
4,47,220
4,39,221
4,15,222
4,11,223
4,59,150
28,27,224
4,27,225
4,59,226
4,51,227
4,27,228
4,23,229
4,31,230
4,79,231
4,15,232
4,51,233
4,50,27
7152,4,233
4,15,234
4,3,235
4,3,236
4,18,27
7812,4,236
4,3,237
4,47,238
4,83,239
4,3,240
4,3,241
4,63,242
4,51,243
4,27,244
4,3,245
4,27,246
4,15,178
20,19,246
4,27,247
4,7,248
4,19,249
4,127,250
4,35,251
4,43,252
4,19,253
4,67,254
4,27,255
4,6,27
275295,4,1
4,55,2
4,47,3
4,3,4
4,3,5
4,43,6
4,39,7
4,83,8
4,23,9
4,51,10
4,63,11
4,3,12
4,35,13
4,43,14
4,11,15
4,35,16
4,63,17
4,91,18
4,31,19
4,3,20
4,3,21
4,31,22
4,23,23
4,67,24
4,79,25
4,83,26
4,11,27
4,15,28
4,59,29
4,30,26
3132,3,27
16,8,30
4,11,31
4,47,32
4,43,33
4,23,34
4,83,35
4,71,36
4,23,37
4,11,38
4,3,39
4,51,40
4,23,41
4,11,42
4,47,43
4,99,44
4,31,45
4,43,46
4,3,47
4,3,48
4,79,49
4,23,50
4,59,51
4,19,52
4,31,41
4,3,53
4,51,54
4,51,55
4,27,56
4,3,57
4,31,58
4,27,59
4,3,60
4,19,61
4,39,62
4,23,63
4,3,64
4,3,65
4,19,66
4,31,67
4,39,68
4,3,69
4,67,70
4,3,71
4,43,72
4,3,73
4,7,74
4,67,75
4,51,76
4,39,77
4,55,78
4,51,79
4,27,80
4,3,81
4,43,82
4,87,83
4,3,159
4,3,84
4,43,85
4,63,86
4,63,87
4,75,88
4,19,89
4,19,90
4,23,91
4,59,92
4,27,93
4,7,94
4,55,95
4,7,96
4,15,97
4,47,98
4,51,99
4,7,100
4,131,101
4,43,102
4,3,103
4,3,104
4,31,105
4,35,106
4,19,111
12,11,107
4,31,108
4,27,109
4,27,110
4,47,111
4,79,112
4,39,113
4,39,154
4,3,114
4,75,115
4,11,191
8,7,116
4,31,117
4,3,118
4,3,119
4,47,120
4,3,121
4,19,122
4,31,123
4,23,124
4,43,125
4,75,126
4,59,127
4,63,151
32,31,128
4,51,129
4,47,130
4,3,131
4,91,132
4,23,133
4,19,134
4,27,135
4,79,77
16,15,136
4,7,137
4,103,138
4,3,139
4,59,140
4,3,141
4,39,142
4,31,143
4,43,144
4,3,145
4,11,213
8,7,121
24,15,145
4,47,146
4,39,147
4,55,148
4,31,149
4,59,154
8,7,150
4,15,151
4,27,152
4,51,153
4,35,154
4,31,155
4,19,156
4,3,157
4,27,158
4,43,159
4,27,160
4,23,161
4,39,162
4,23,163
4,7,164
4,51,165
4,31,166
4,39,167
4,43,168
4,55,169
4,35,170
4,47,171
4,3,172
4,47,173
4,51,174
4,31,182
16,15,175
4,7,176
4,23,177
4,63,178
4,55,179
4,19,180
4,83,181
4,15,182
4,39,183
4,23,100
16,15,184
4,35,185
4,3,186
4,59,187
4,59,188
4,35,189
4,3,190
4,111,191
4,35,192
4,35,193
4,15,194
4,23,195
4,91,196
4,19,197
4,27,198
4,3,199
4,99,200
4,47,201
4,3,202
4,3,203
4,3,204
4,35,205
4,15,206
4,11,207
4,47,208
4,79,209
4,39,210
4,79,211
4,87,212
4,75,213
4,79,214
4,11,215
4,99,216
4,23,217
4,23,218
4,11,190
16,15,218
1284,7,218
4,23,219
4,31,220
4,39,221
4,11,222
4,35,223
4,51,224
4,55,225
4,3,226
4,107,227
4,39,228
4,15,229
4,7,230
4,35,231
4,31,209
12,10,28
6924,4,231
4,43,232
4,3,233
4,7,234
4,31,235
4,87,236
4,47,170
20,19,237
4,39,238
4,39,239
4,43,240
4,15,241
4,31,242
4,39,243
4,35,244
4,35,245
4,27,246
4,23,247
4,3,248
4,7,249
4,39,250
4,71,251
4,67,252
4,43,253
4,11,254
4,43,255
4,50,28
285059,4,1
4,19,2
4,3,3
4,3,4
4,15,5
4,55,6
4,47,7
4,55,8
4,83,9
4,67,10
4,7,11
4,43,12
4,3,13
4,26,27
2080,3,28
32,27,28
4,28,14
4,67,15
4,67,16
4,23,17
4,55,18
4,15,19
4,39,20
4,46,27
936,3,28
52,47,28
4,68,21
4,71,22
4,3,23
4,51,24
4,11,25
4,51,26
4,7,27
4,31,28
4,51,29
4,55,30
4,95,31
4,15,32
4,7,33
4,43,34
4,31,35
4,51,36
4,19,37
4,75,38
4,14,27
2080,3,28
20,15,28
4,28,39
4,63,40
4,43,41
4,31,42
4,35,43
4,15,70
20,19,44
4,11,45
4,39,46
4,23,47
4,39,48
4,35,49
4,10,27
2540,3,28
16,11,28
4,16,50
4,63,51
4,26,27
2540,3,28
32,27,28
9964,3,28
4,104,53
4,39,54
4,23,55
4,39,56
4,15,57
4,67,58
4,3,59
4,35,60
4,51,61
4,23,62
4,75,63
4,71,64
4,83,65
4,35,66
4,3,67
4,3,68
4,3,69
4,63,70
4,139,71
4,15,72
4,3,73
4,79,74
4,35,75
4,7,76
4,55,77
4,43,78
4,47,159
4,3,79
4,7,80
4,27,81
4,27,82
4,7,83
4,3,84
4,3,85
4,3,86
4,31,87
4,3,88
4,19,89
4,35,90
4,3,91
4,39,92
4,111,76
12,11,93
4,39,94
4,35,95
4,27,96
4,39,97
4,3,98
4,23,99
4,19,100
4,59,101
4,95,102
4,75,103
4,3,104
4,27,105
4,23,106
4,51,107
4,43,108
4,51,109
4,19,110
4,43,111
4,23,112
4,43,113
4,63,114
4,15,115
4,3,116
4,35,117
4,27,118
4,67,119
4,31,102
32,31,120
4,7,121
4,59,122
4,91,123
4,55,86
48,47,124
4,3,182
8,7,124
4,3,125
4,11,126
4,3,127
4,75,128
4,11,129
4,35,130
4,51,131
4,15,78
20,19,131
4,39,132
4,67,133
4,3,134
4,19,135
4,19,136
4,67,137
4,31,138
4,59,139
4,43,140
4,27,141
4,31,142
4,27,143
4,27,144
4,79,145
4,3,146
4,3,147
4,39,160
12,11,148
4,35,149
4,55,150
4,31,180
4,3,151
4,19,140
24,23,152
4,39,153
4,43,154
4,71,155
4,79,156
4,51,157
4,11,158
4,43,159
4,55,160
4,43,161
4,43,162
4,39,163
4,3,164
4,55,165
4,19,166
4,15,167
4,11,168
4,23,169
4,31,170
4,27,171
4,3,172
4,83,173
4,7,174
4,11,175
4,19,176
4,75,177
4,7,178
4,31,179
4,51,180
4,31,181
4,11,182
4,31,101
32,31,183
4,35,184
4,31,185
4,11,230
16,15,185
4,27,186
4,27,117
20,19,187
4,11,188
4,71,189
4,43,190
4,7,191
4,47,192
4,19,193
4,83,194
4,23,195
4,35,196
4,3,197
4,27,198
4,39,199
4,107,200
4,59,201
4,11,202
4,47,203
4,63,204
4,11,205
4,3,206
4,43,207
4,91,208
4,23,209
4,47,210
4,71,211
4,31,162
12,11,212
4,30,29
8108,4,212
4,15,213
4,111,214
4,10,29
8596,4,214
4,15,215
4,75,216
4,71,217
4,23,218
4,67,219
4,15,147
20,19,219
4,11,220
4,3,221
4,55,222
4,43,223
4,3,224
4,3,225
4,27,226
4,3,227
4,11,228
4,23,229
4,47,230
4,51,231
4,31,232
624,3,17
8,6,28
4,84,233
4,23,234
4,62,29
8140,4,234
4,51,235
4,39,236
4,59,237
4,3,238
4,35,239
4,19,240
4,47,241
4,27,242
4,27,243
4,63,244
4,10,29
7720,4,244
4,23,245
4,11,246
4,19,247
4,43,248
4,35,249
4,27,250
4,39,251
4,79,252
4,59,253
4,51,254
4,47,255
4,42,29
295339,36,1
4,71,2
4,83,3
4,95,4
4,3,5
4,15,6
4,79,7
4,67,8
4,35,9
4,7,10
4,35,11
4,11,12
4,15,13
4,31,14
4,91,15
4,22,28
2040,3,29
28,23,29
4,16,16
4,95,17
4,67,18
4,3,19
4,31,20
4,3,21
4,67,22
4,27,23
4,31,24
4,59,25
4,55,26
4,67,27
4,55,28
4,67,29
4,27,30
4,7,31
4,31,32
4,19,97
24,23,32
4,59,33
4,27,34
4,3,35
4,67,36
4,11,37
4,3,38
4,15,39
4,6,28
2956,3,29
12,7,29
4,20,40
4,35,41
4,11,96
16,15,42
4,59,43
4,31,44
4,79,45
4,111,46
4,15,3
16,15,47
4,27,48
4,35,49
4,47,50
4,67,51
4,35,52
4,3,53
4,27,54
4,39,55
4,19,56
4,99,57
4,39,58
4,55,59
4,35,60
4,59,61
4,71,62
4,31,63
4,3,64
4,7,65
4,7,66
4,43,67
4,47,68
4,27,69
4,27,39
32,31,69
4,75,70
4,23,71
4,75,44
20,19,72
4,39,73
4,55,74
4,139,75
4,23,76
4,43,77
4,87,78
4,71,79
4,51,80
4,3,81
4,3,82
4,27,83
4,119,84
4,11,85
4,59,86
4,23,87
4,55,88
4,27,89
4,11,90
4,63,91
4,19,92
4,47,93
4,59,94
4,35,95
4,43,96
4,131,97
4,47,98
4,95,99
4,39,100
4,3,101
4,59,102
4,43,103
4,51,104
4,15,105
4,3,106
4,27,107
4,35,108
4,27,109
4,19,110
4,7,111
4,35,112
4,55,113
4,31,154
16,15,114
4,3,115
4,3,116
4,63,117
4,23,118
4,31,119
4,39,120
4,55,121
4,47,122
4,3,123
4,3,124
4,71,125
4,19,126
4,39,179
44,43,127
4,31,128
4,51,129
4,7,130
4,7,131
4,31,132
4,27,126
16,15,133
4,55,134
4,11,135
4,47,136
4,67,137
4,27,138
4,35,139
4,31,140
4,51,83
16,15,141
4,151,142
4,39,143
4,39,144
4,15,145
4,23,146
4,123,147
4,15,148
4,31,149
4,75,150
4,67,151
4,67,152
4,67,153
1724,7,154
4,11,155
4,59,156
4,3,157
4,31,158
4,75,159
4,31,160
4,79,161
4,43,162
4,39,207
24,23,163
4,11,164
4,27,165
4,71,166
4,59,167
4,59,168
4,79,169
4,127,162
4,3,170
4,27,171
4,3,172
4,35,173
4,27,174
4,3,175
4,47,176
4,15,177
4,35,178
4,27,179
4,59,180
4,7,227
12,11,180
4,7,181
4,63,221
56,55,182
4,51,183
4,27,184
4,3,185
4,51,186
4,35,187
4,7,246
12,11,188
4,35,189
4,43,190
4,19,191
4,47,192
4,23,193
4,23,194
4,3,195
4,3,196
4,43,197
4,155,126
28,27,198
4,39,199
4,3,200
4,27,201
4,11,202
4,31,203
4,75,204
4,47,205
4,47,206
4,63,207
4,43,208
4,63,209
4,39,210
4,3,211
4,87,212
4,19,213
4,55,214
4,19,215
4,3,216
4,43,217
4,87,218
4,63,219
4,39,220
4,35,221
4,75,222
4,75,223
4,35,224
4,59,155
20,19,225
4,27,226
4,19,227
4,31,228
4,35,229
4,91,230
4,11,231
4,83,232
4,11,233
4,67,234
4,11,235
4,22,30
9300,4,235
4,11,236
4,47,237
4,51,238
4,43,167
8,7,239
4,83,240
4,3,241
4,75,242
4,51,243
4,110,30
9680,4,243
4,11,244
4,75,245
4,55,246
4,35,247
4,43,248
4,27,249
4,3,250
4,3,251
4,23,252
4,31,253
4,3,254
4,59,255
4,15,206
20,19,255
4,34,30
306639,27,30
4,4,1
4,15,2
4,3,3
4,123,4
4,47,5
4,83,6
4,19,7
4,31,8
4,59,9
4,47,50
52,51,9
4,23,10
4,26,29
1464,3,30
16,8,11
4,47,12
4,71,13
4,67,14
4,31,15
4,47,16
4,35,17
4,59,18
4,39,19
4,39,20
4,10,29
3188,3,30
16,11,30
4,12,21
4,87,22
4,63,23
4,83,24
4,43,25
4,51,26
4,27,27
4,42,29
2428,4,27
2472,6,30
20,4,6
4,3,28
4,15,29
4,38,29
1916,3,30
28,20,30
4,99,31
4,55,32
4,35,33
4,75,34
4,23,35
4,47,36
4,15,37
4,3,38
4,31,39
4,79,40
4,55,41
4,15,79
20,19,41
4,3,42
4,43,43
4,3,44
4,87,5
4,3,45
4,63,46
4,71,47
4,39,48
4,7,49
4,63,50
4,75,51
4,3,52
4,39,53
4,51,54
4,83,55
4,35,56
4,47,57
4,35,58
4,51,59
4,35,130
16,15,60
4,3,61
4,27,62
4,59,63
4,11,64
4,111,65
4,63,66
4,19,67
4,55,68
4,11,69
4,51,100
16,15,70
4,107,71
4,15,72
4,31,73
4,47,74
4,35,75
4,23,76
4,83,77
4,23,78
4,31,79
4,67,80
4,15,33
12,11,81
4,15,82
4,43,83
4,19,84
4,35,85
4,35,86
4,31,87
4,3,88
4,55,89
4,43,90
4,3,91
4,11,92
4,11,93
4,27,94
4,55,95
4,31,96
4,3,97
4,15,98
4,27,99
4,55,100
4,39,64
24,23,101
4,35,102
4,51,103
4,55,104
4,15,105
4,39,106
4,3,107
4,111,108
4,31,173
36,35,108
4,19,109
4,11,110
4,59,98
60,59,111
4,19,112
4,99,113
4,23,114
4,27,120
20,19,115
4,3,116
4,35,117
4,83,118
4,47,119
196,7,120
4,35,121
4,63,122
4,27,146
32,31,122
4,23,123
4,7,124
4,67,125
4,51,126
4,7,87
8,7,127
4,31,128
4,35,129
4,55,131
4,3,132
4,15,133
4,55,134
4,47,135
4,51,136
4,43,137
4,3,138
4,3,139
4,11,140
4,3,141
4,3,142
4,15,143
4,123,144
4,63,145
4,11,146
4,67,147
4,43,105
32,31,148
4,31,149
4,3,150
4,63,151
4,3,152
4,55,153
4,11,154
4,39,123
44,43,154
4,23,155
4,91,156
4,19,157
4,3,158
4,59,159
4,47,160
4,47,161
4,27,162
4,55,163
4,3,164
4,119,165
4,3,166
4,27,107
16,15,118
12,11,167
4,3,168
4,3,169
4,35,170
4,7,171
4,31,172
4,35,173
4,43,174
4,3,175
4,27,176
4,3,177
4,31,178
4,51,179
4,39,113
8,7,180
4,43,181
4,31,182
4,19,183
4,47,184
4,11,185
4,3,186
4,39,162
8,7,187
4,35,188
4,3,226
8,7,188
4,31,189
4,19,190
4,31,191
4,23,116
20,19,192
4,27,193
4,59,194
4,47,195
4,51,196
4,11,197
4,87,198
4,47,199
4,27,200
4,23,201
4,3,202
4,71,203
4,27,204
4,15,159
20,19,205
4,107,206
4,31,207
4,59,208
4,15,209
4,3,210
4,83,211
4,3,212
4,31,213
4,111,214
4,83,215
4,15,216
4,11,217
4,27,218
4,55,219
4,51,220
4,43,221
4,15,222
4,35,223
4,47,224
4,3,225
1516,7,226
4,11,227
4,7,228
4,23,229
4,47,230
4,31,231
4,23,232
4,51,233
4,31,234
4,31,235
4,3,236
4,39,237
4,83,238
4,43,239
4,3,240
4,3,241
4,31,242
4,35,243
4,23,244
4,35,245
4,59,246
4,3,247
4,75,248
4,51,249
4,3,250
4,3,251
4,15,252
4,35,253
4,55,254
4,19,255
4,30,31
316971,16,1
4,63,2
4,63,3
4,3,4
4,19,5
4,23,6
4,39,7
4,15,8
4,3,9
4,31,10
4,51,11
4,27,12
4,19,13
4,3,14
4,6,30
2428,3,31
12,7,31
4,64,15
4,59,16
4,3,17
4,11,18
4,71,19
4,31,20
4,35,21
4,71,22
4,43,23
4,3,24
4,3,25
4,51,26
4,7,27
4,79,28
4,27,29
4,71,30
4,67,31
4,3,32
4,27,33
4,7,80
4,3,34
4,19,35
4,3,36
4,7,37
4,19,38
4,11,39
4,11,40
4,27,41
4,27,42
4,11,43
4,3,44
4,35,45
4,3,46
4,47,47
1948,6,31
8,3,31
4,8,48
4,71,49
4,15,50
4,31,51
4,7,48
12,11,51
4,55,52
4,35,53
4,71,54
4,3,55
4,59,56
4,79,57
4,87,58
4,15,59
4,63,60
4,27,61
4,55,62
4,27,63
4,19,64
4,31,65
4,43,66
4,31,67
4,51,68
4,51,69
4,79,70
4,63,71
4,31,72
4,51,73
4,3,74
4,3,75
4,3,76
4,3,77
4,71,78
4,23,79
4,59,80
4,27,81
4,11,47
16,15,81
4,27,82
4,51,83
4,23,84
4,43,85
4,31,153
32,31,86
4,11,87
4,11,88
4,47,89
4,19,90
4,55,91
4,43,92
4,31,93
4,47,94
4,3,95
4,95,96
4,23,168
8,7,97
4,3,98
4,19,99
4,3,100
4,39,101
4,31,106
12,11,102
4,43,103
4,63,104
4,75,105
4,71,106
4,83,107
4,19,108
4,55,109
4,15,110
4,19,111
4,3,112
4,87,113
4,59,114
4,59,115
4,63,199
40,39,116
4,19,117
4,107,118
4,71,119
4,31,120
4,19,121
4,19,122
4,79,123
4,19,124
4,3,125
4,7,126
4,35,127
4,39,128
4,19,129
4,39,130
4,3,131
4,43,132
4,3,133
4,19,134
4,23,135
4,31,136
4,23,137
4,87,138
4,3,139
4,7,140
4,23,141
4,27,142
4,115,143
4,51,144
4,3,145
4,27,146
4,35,147
4,15,148
4,15,149
4,27,150
4,31,151
4,19,201
12,11,152
4,19,153
4,11,154
4,3,155
4,19,156
4,15,157
4,7,204
12,11,157
4,15,158
4,43,170
16,15,159
4,43,160
4,35,161
4,27,162
4,35,163
1304,7,163
4,87,164
4,39,165
4,7,166
4,35,167
4,59,168
4,91,169
4,27,170
4,3,171
4,15,172
4,63,173
4,59,174
4,19,175
4,3,176
4,27,152
32,31,176
4,31,177
4,47,178
4,55,179
4,11,180
4,23,181
4,35,182
4,19,183
4,31,184
4,11,185
4,23,186
4,43,187
800,7,188
4,3,189
4,39,190
4,103,191
4,43,192
4,27,193
4,63,194
4,47,195
4,31,196
4,31,197
4,11,198
4,59,199
4,11,200
4,63,201
4,43,202
4,19,203
4,59,204
4,43,205
4,3,206
4,39,207
4,67,208
4,67,209
4,79,170
4,3,210
4,19,211
4,59,212
4,3,213
4,39,209
36,35,214
4,3,215
4,3,216
4,27,217
4,43,237
12,11,218
4,43,219
4,91,220
4,3,221
4,43,222
4,47,223
4,15,224
4,15,225
4,31,226
4,7,227
4,51,228
4,83,229
4,75,230
4,107,231
4,23,232
4,55,190
16,15,233
4,31,234
4,23,235
4,43,236
4,103,237
4,31,238
4,39,239
4,99,240
4,43,241
4,11,242
4,91,243
4,11,244
4,23,245
4,11,246
4,67,247
4,43,248
4,151,249
4,3,250
4,3,251
4,3,252
4,3,253
4,3,254
4,83,255
4,47,206
8,4,0
