0,0,0
1,1,13
0,0,184
4,2,8
0,0,203
4,2,1
0,0,93
4,2,12
0,0,36
4,2,25
0,0,94
4,2,11
16,3,4
0,0,130
4,2,0
0,0,107
3,2,24
0,0,177
4,2,5
0,0,190
4,2,7
29,1,0
1,1,15
0,0,160
4,2,9
0,0,35
32,3,78
56,3,36
4,2,16
0,0,192
60,3,179
28,3,56
16,3,44
4,2,6
0,0,33
12,3,11
4,2,3
4,3,9
0,0,175
4,2,19
9,1,0
1,1,18
36,3,5
0,0,45
92,3,1
4,2,23
0,0,116
68,3,138
28,3,123
4,2,14
0,0,235
52,3,158
64,3,96
104,3,148
76,6,24
0,0,27
4,2,2
0,0,187
96,3,178
48,3,177
16,3,75
64,3,164
44,3,45
68,3,108
4,3,197
152,3,169
52,3,114
4,3,63
4,2,17
0,0,88
44,3,51
120,3,107
76,3,189
72,3,92
72,3,46
60,3,244
4,2,10
0,0,62
24,3,169
80,3,151
24,3,125
4,3,207
24,3,113
124,3,234
28,3,177
76,3,191
12,3,248
80,3,94
40,3,50
80,3,107
12,3,238
4,2,21
116,3,5
0,0,143
16,3,214
276,3,247
12,3,162
48,3,51
140,3,42
16,3,196
192,3,21
40,3,61
80,3,47
28,3,175
236,3,63
100,3,222
164,3,1
24,3,51
36,3,134
132,3,238
28,3,208
160,3,154
72,3,46
164,3,145
12,3,246
40,3,190
16,3,70
40,3,210
176,3,97
16,3,169
44,3,65
4,2,20
104,3,0
92,3,5
40,3,0
292,3,1
0,0,156
4,2,27
0,0,233
56,3,171
336,3,40
24,3,141
36,3,124
108,3,216
104,3,252
184,3,63
24,3,130
40,3,31
48,3,228
40,3,44
16,3,159
8,3,182
160,3,122
232,3,15
12,3,38
4,2,28
385,1,0
24,2,133
224,3,201
192,3,226
132,3,127
60,3,216
116,3,20
60,3,42
136,3,190
8,3,4
48,3,238
36,3,193
156,3,187
20,3,82
104,3,186
244,3,77
8,3,54
112,3,145
456,3,4
128,3,121
28,3,166
140,3,9
92,3,77
76,3,3
8,3,170
20,3,18
132,3,28
4,3,222
88,3,39
432,3,202
12,3,74
328,3,78
224,3,58
84,3,173
100,3,140
12,3,166
212,3,28
84,3,170
16,3,209
204,6,7
0,0,205
32,3,176
48,3,30
3,2,29
32,3,6
0,0,255
24,3,15
44,3,218
552,6,5
0,0,147
12,3,157
56,3,197
8,3,148
56,3,64
44,3,255
4,3,87
16,3,189
4,2,22
316,3,4
0,0,60
8,3,82
20,3,157
80,3,214
8,3,164
4,3,35
156,3,48
4,3,16
360,6,19
484,3,14
0,0,106
4,3,131
48,3,113
100,3,43
92,3,39
656,3,47
272,3,78
88,3,177
80,3,209
44,3,166
12,3,109
124,3,86
12,3,18
88,3,197
148,3,173
4,3,84
240,3,230
456,6,3
9,1,0
68,2,115
56,3,61
292,3,205
816,3,117
188,3,54
36,3,144
256,3,95
20,3,9
88,3,41
96,3,212
144,3,96
24,3,40
144,3,0
1,23,1
4,23,2
4,7,3
4,3,4
4,55,5
4,23,6
4,83,7
4,51,8
4,15,9
4,35,10
4,63,11
4,15,12
4,27,13
4,15,14
4,47,15
4,15,16
4,11,17
4,19,18
4,7,19
4,131,20
4,31,21
4,19,22
4,31,23
4,123,24
4,83,25
4,35,26
4,31,27
1340,7,28
4,39,29
4,6,4
700,4,30
4,23,31
4,7,32
4,103,33
4,3,34
4,27,35
4,43,36
4,99,37
4,35,38
4,63,39
4,39,40
4,39,41
4,19,42
4,91,43
4,39,44
4,23,45
4,15,46
4,75,47
4,63,48
4,31,49
4,7,50
4,15,51
4,31,52
4,3,53
4,51,54
4,35,55
4,3,56
4,23,57
4,95,58
4,63,59
4,23,60
4,55,61
4,51,62
4,6,29
0,0,91
12,10,0
4,24,63
4,63,64
4,27,65
4,7,66
4,27,67
4,39,68
4,51,69
4,83,70
4,55,71
4,35,72
4,3,73
4,63,74
4,47,75
4,3,76
4,75,77
4,10,31
608,4,77
4,23,78
4,3,79
4,43,80
4,87,81
4,43,82
4,103,83
4,3,84
4,31,85
4,87,86
4,55,87
4,19,88
4,3,89
4,23,90
4,35,91
4,11,92
4,59,93
4,3,94
4,23,95
4,27,96
4,135,97
4,63,98
4,27,99
4,19,100
4,39,101
4,34,6
2972,4,101
4,55,102
4,43,103
4,15,104
4,19,105
4,19,106
4,19,107
4,95,108
4,39,109
4,123,110
4,75,111
4,3,112
4,35,113
4,59,114
4,3,115
4,103,116
4,23,117
4,43,118
4,71,119
4,34,20
4896,4,119
4,7,120
4,47,121
4,147,122
4,35,123
4,27,124
5924,7,125
4,103,126
4,39,127
4,3,128
4,19,129
4,15,130
4,3,131
4,6,29
1504,4,131
4,22,5
6132,3,0
20,12,132
4,3,133
4,27,134
4,19,135
4,55,136
4,11,137
4,63,138
4,83,139
4,43,140
4,39,142
4,35,143
4,43,144
4,23,145
4,39,146
4,87,147
4,23,148
4,83,149
4,75,150
4,67,151
4,11,152
4,3,153
4,27,154
4,39,155
4,39,156
4,15,157
4,42,11
0,0,188
24,19,158
4,3,159
4,63,160
4,91,161
4,19,162
4,39,163
4,39,164
6507,3,9
6984,7,164
4,10,29
1380,4,164
4,39,165
4,71,166
4,55,167
4,7,168
4,55,169
4,3,170
4,55,171
4,11,172
4,39,173
4,3,174
4,15,175
4,83,176
4,35,177
4,39,178
4,31,179
4,23,180
4,35,181
4,3,182
4,15,183
4,31,184
4,91,185
4,79,186
4,111,187
4,27,188
4,47,189
4,91,190
4,3,191
4,15,192
4,35,193
4,51,194
4,3,195
4,11,196
4,47,197
4,35,198
4,91,199
4,75,200
4,31,201
4,15,202
4,51,203
4,31,204
4,31,205
4,31,206
4,79,207
4,51,208
4,27,209
4,3,210
4,3,211
8663,3,180
8,6,0
4,36,212
4,11,213
4,3,214
4,55,215
4,3,216
4,23,217
4,55,218
4,55,219
4,31,220
4,7,221
4,39,222
4,51,223
4,75,224
4,31,225
4,63,226
4,3,227
4,43,228
4,67,229
4,55,230
4,3,231
4,67,232
4,15,233
4,23,234
4,19,235
4,59,236
4,11,237
4,35,238
4,3,239
4,99,240
4,71,241
4,23,242
4,39,243
4,55,244
4,63,245
4,39,246
4,107,247
4,35,248
4,39,249
4,7,250
4,23,251
4,27,252
4,79,253
4,3,254
4,51,255
4,86,1
10519,4,1
4,63,2
4,27,3
4,27,4
4,51,5
4,18,30
828,3,1
12,4,6
4,7,7
4,31,8
4,7,9
4,3,10
4,15,11
4,7,12
4,91,13
4,67,14
4,51,15
4,55,16
4,3,17
4,59,18
4,3,19
4,31,20
4,55,21
4,19,22
4,15,23
4,19,24
4,62,18
180,4,25
4,23,26
4,35,27
4,59,28
4,3,29
4,3,30
4,19,31
4,55,32
4,58,2
892,4,33
4,75,34
4,119,35
4,47,36
4,31,37
4,35,38
4,27,39
4,3,40
4,35,41
4,27,42
4,3,43
4,3,44
4,71,45
4,23,46
4,31,47
4,15,48
4,27,49
4,43,50
4,95,51
4,31,52
4,39,53
4,22,26
2900,3,1
12,4,54
4,35,55
4,59,56
4,23,57
4,51,58
4,27,59
4,87,60
4,3,61
4,19,62
4,35,63
4,7,64
4,91,65
4,75,66
4,3,67
4,71,68
4,35,69
4,15,70
4,27,71
4,18,15
7940,3,1
24,19,1
4,40,72
4,51,73
4,87,74
4,39,75
4,3,76
4,47,77
4,47,78
4,43,79
4,31,80
4,11,81
4,3,82
4,15,83
4,23,84
4,67,85
4,63,86
4,35,87
4,31,88
4,3,89
4,11,90
4,31,91
4,51,92
4,27,93
4,83,94
4,99,95
4,59,96
4,83,97
4,79,98
4,43,99
4,27,100
4,35,101
4,51,102
4,47,103
4,55,104
4,79,105
4,43,106
4,55,107
4,39,108
4,27,109
4,31,110
4,99,111
4,67,112
4,55,113
4,55,114
4,39,115
4,3,116
4,59,117
4,71,118
4,51,119
4,31,120
4,43,121
4,51,122
4,39,123
4,10,8
3636,4,123
4,19,124
4,43,125
4,3,126
14731,3,76
8,6,1
4,32,127
4,3,128
4,19,129
4,27,130
4,103,131
4,63,132
4,87,133
4,35,134
4,103,135
4,3,136
4,75,137
4,23,138
4,3,139
4,11,140
4,19,141
4,27,142
4,23,143
4,3,144
4,55,145
4,39,146
4,35,147
4,51,148
4,3,149
4,35,150
4,15,151
4,75,152
4,18,17
8632,3,1
24,19,1
4,68,153
4,3,154
4,3,155
4,75,156
4,35,157
4,59,158
4,35,159
4,3,160
4,67,161
4,39,162
4,27,163
4,55,164
4,3,165
4,3,166
4,27,167
4,42,31
492,4,167
4,3,168
4,47,169
4,11,170
4,3,171
4,19,172
4,39,173
4,27,174
4,75,175
4,3,176
4,35,177
4,75,178
4,3,179
4,7,180
4,43,181
4,71,182
4,35,183
4,31,184
4,26,15
9440,3,1
32,27,1
10308,4,106
20,15,185
4,123,186
4,43,187
4,35,188
4,19,189
4,31,190
4,98,22
1480,4,191
4,3,192
4,23,193
4,23,194
4,47,195
4,115,196
4,31,197
4,7,198
4,79,199
4,15,200
4,27,201
4,47,202
4,31,203
4,63,204
4,3,205
4,35,206
4,23,207
4,59,208
4,63,209
4,99,210
4,23,211
4,27,212
4,19,213
4,11,214
4,10,17
76,4,214
4,31,215
4,55,216
4,71,217
4,23,218
2088,3,226
8,6,1
4,4,219
4,7,220
4,75,221
4,3,222
4,75,223
4,51,224
4,3,225
4,3,226
4,39,227
4,27,228
4,51,229
4,51,230
4,70,14
9044,4,230
4,35,231
4,35,232
4,35,233
4,51,234
4,14,8
6456,4,234
4,47,235
4,3,236
4,15,237
4,19,238
4,3,239
4,71,240
4,31,241
4,7,242
4,3,243
4,51,244
4,83,245
4,35,246
4,15,247
4,30,8
3228,4,247
4,55,248
4,19,249
4,67,250
4,147,251
4,23,252
4,35,253
4,3,254
4,27,255
4,30,2
20867,8,1
4,18,23
1548,3,2
24,19,2
4,8,2
4,11,3
4,3,4
4,94,26
9552,3,2
16,8,5
4,35,6
4,3,7
4,59,8
4,75,9
4,31,10
4,23,11
4,15,12
4,43,13
4,19,14
4,3,15
4,15,16
4,23,17
4,23,18
4,47,19
4,63,20
4,31,21
4,31,22
4,35,23
4,11,24
4,47,25
4,3,26
4,39,27
4,115,28
4,15,29
4,15,30
4,35,31
4,51,32
4,51,33
4,31,34
4,35,35
4,19,36
4,3,37
4,87,38
4,63,39
4,63,40
4,83,41
4,71,42
4,91,43
4,30,10
14288,4,71
40,34,2
4,80,44
4,31,45
4,59,46
4,3,47
4,19,48
4,3,49
4,39,50
4,39,51
4,39,52
4,27,53
4,27,54
4,35,55
4,11,56
4,55,57
4,43,58
4,39,59
4,51,60
4,3,61
4,3,62
4,143,63
4,7,64
4,39,65
4,31,66
4,115,67
4,35,68
4,75,69
4,87,70
4,59,71
4,43,72
4,15,73
4,15,74
4,3,75
4,31,76
4,75,77
4,31,78
4,67,79
4,59,80
4,39,81
4,43,82
4,15,83
4,3,84
4,39,85
4,3,86
4,51,87
4,95,88
4,15,89
4,3,90
4,3,91
4,107,92
4,67,93
4,23,94
4,51,95
4,3,96
4,11,97
4,87,98
4,47,99
4,47,100
4,35,101
4,11,102
4,47,103
4,59,104
4,3,105
4,3,106
4,39,107
4,51,108
4,3,109
4,23,110
4,3,111
4,67,112
4,75,113
4,59,114
4,71,115
4,22,23
6012,3,2
28,23,2
4,8,116
4,63,117
4,6,5
2520,4,117
4,51,118
4,67,119
4,27,120
4,15,121
4,63,122
4,3,123
4,3,124
4,39,125
4,15,126
4,79,127
4,27,128
4,3,129
4,27,130
4,3,131
4,39,132
4,11,133
4,67,134
4,31,135
4,127,136
4,3,137
4,71,138
4,3,139
4,63,140
4,3,141
4,3,142
4,59,143
4,59,144
4,11,145
4,3,146
4,47,147
4,87,148
4,51,149
4,23,150
4,10,31
1068,4,150
4,51,151
4,59,152
4,30,10
5512,4,152
4,31,153
4,7,154
4,51,155
4,31,156
4,59,157
4,59,158
4,71,159
4,15,160
4,3,161
4,7,162
4,27,163
4,51,164
4,71,165
4,27,166
4,35,167
4,35,168
4,31,169
4,51,170
4,75,171
4,47,172
4,11,173
4,15,174
4,3,175
4,39,176
4,39,177
4,103,178
4,79,179
4,31,180
4,35,181
4,71,182
4,27,183
4,11,184
4,11,185
4,11,186
29164,6,2
4,84,188
4,31,189
4,39,190
4,47,191
4,31,192
4,31,193
4,26,22
3200,4,193
4,55,194
4,59,195
4,31,196
4,95,197
4,19,198
4,3,199
4,71,200
4,3,201
4,3,202
4,3,203
4,11,204
4,59,205
4,43,206
4,47,207
4,87,208
4,27,209
4,71,210
4,23,211
4,19,212
4,11,213
4,43,214
4,27,215
4,43,216
4,19,217
4,7,218
4,47,219
4,43,220
4,39,221
4,23,222
4,59,223
4,55,224
4,27,225
4,51,226
4,27,227
4,3,228
4,31,229
4,11,230
4,31,231
4,19,232
4,31,233
4,103,234
4,43,235
4,87,236
4,31,237
4,83,238
4,26,29
996,4,238
4,19,239
4,47,240
4,63,241
4,67,242
4,19,243
4,47,244
4,39,245
4,23,246
4,47,247
4,3,248
4,55,249
4,27,250
4,3,251
4,43,252
4,55,253
4,15,254
4,15,255
4,78,3
31175,7,3
4,44,1
4,103,2
4,47,3
4,19,4
4,19,5
4,3,6
4,27,7
4,75,8
4,59,9
4,31,10
4,71,11
4,91,12
4,95,13
4,11,14
4,23,15
4,27,16
4,47,17
4,47,18
4,51,19
4,55,20
4,35,21
4,43,22
4,71,23
4,19,24
4,51,25
4,3,26
4,19,27
4,67,28
4,55,29
4,75,30
4,47,31
4,3,32
4,19,33
4,31,34
4,67,35
4,11,36
4,27,37
4,30,14
8120,3,3
36,31,3
4,68,38
4,15,39
4,71,40
4,27,41
4,75,42
33304,6,3
4,36,44
4,39,45
4,3,46
4,23,47
4,23,48
4,19,49
4,43,50
4,71,51
4,103,52
4,99,53
4,47,54
4,51,55
4,7,56
4,31,57
4,27,58
4,71,59
4,15,60
4,31,61
4,15,62
4,47,63
4,87,64
4,35,65
4,55,66
4,59,67
4,55,68
4,31,69
4,47,70
4,3,71
4,11,72
4,35,73
4,23,74
4,43,75
4,115,76
4,39,77
4,83,78
4,99,79
4,55,80
4,63,81
4,39,82
4,7,83
4,11,84
4,3,85
4,3,86
4,51,87
4,83,88
4,35,89
4,63,90
4,51,91
4,3,92
4,27,93
4,103,94
4,3,95
4,55,96
4,31,97
4,3,98
4,63,99
4,35,100
4,47,101
4,11,102
4,3,103
4,23,104
4,31,105
4,47,106
4,31,107
4,19,108
4,51,109
4,11,110
4,11,111
4,27,112
4,15,113
4,27,114
4,43,115
4,91,116
4,26,24
7108,3,3
32,27,3
4,4,117
4,59,118
4,7,119
4,43,120
4,27,121
4,63,122
4,55,123
4,79,124
4,3,125
4,19,126
4,27,127
4,35,128
4,31,129
4,55,130
4,3,131
4,27,132
4,19,133
4,19,134
4,59,135
4,67,136
4,15,137
4,35,138
4,15,139
4,27,140
4,63,141
4,23,142
4,47,143
4,43,144
4,59,145
4,51,146
4,83,147
4,91,148
4,75,149
4,75,150
4,43,151
4,51,152
4,15,153
4,3,154
4,3,155
4,31,156
4,23,157
4,31,158
4,3,159
4,87,160
4,43,161
4,39,162
4,19,163
4,47,164
4,3,165
4,3,166
4,3,167
4,35,168
4,35,169
4,83,170
4,115,171
4,31,172
4,31,173
4,31,174
4,19,175
4,3,176
4,19,177
4,23,178
4,39,179
4,31,180
4,55,181
4,39,182
4,3,183
4,14,17
2768,4,183
4,3,184
4,47,185
4,51,186
4,71,187
4,39,188
4,3,189
4,3,190
4,15,191
4,39,192
4,14,18
1392,4,192
4,19,193
4,3,194
4,47,195
4,135,196
4,27,197
4,51,198
4,39,199
4,23,200
4,3,201
4,35,202
4,19,203
4,3,204
4,11,205
4,27,206
4,39,207
4,3,208
4,95,209
4,51,210
4,3,240
4,3,211
4,119,212
4,19,213
4,7,214
4,59,215
40156,6,3
4,64,217
4,39,218
4,67,219
4,11,220
4,63,221
4,23,222
4,27,223
4,43,224
4,83,225
4,35,226
4,55,227
4,27,228
4,91,229
4,95,230
4,19,231
4,50,1
1684,4,231
4,7,232
4,11,233
4,3,234
4,11,235
4,63,236
4,31,237
4,3,238
4,35,239
4,59,240
4,11,241
4,15,242
4,10,12
7060,4,243
4,59,244
4,43,245
4,39,246
4,87,247
4,55,248
4,35,249
4,19,250
4,27,251
4,107,252
4,15,253
4,47,254
4,38,18
8768,4,254
4,75,255
4,42,4
41635,28,1
4,11,2
4,63,3
4,75,4
4,35,5
4,19,6
4,79,7
4,47,8
4,47,9
4,78,9
8504,3,4
24,16,10
4,67,11
4,83,12
4,55,13
4,31,14
880,3,203
8,6,4
4,12,15
4,19,16
4,35,17
4,71,18
4,63,19
4,23,20
4,47,21
4,51,22
4,31,23
4,71,24
4,43,25
4,35,26
4,39,27
4,39,28
4,55,29
4,39,30
4,7,31
4,23,32
4,23,33
4,19,34
4,50,23
3752,3,4
1708,3,4
4,36,36
4,3,37
4,15,38
4,47,39
4,3,40
4,3,41
4,27,42
4,23,43
4,3,44
4,7,45
4,27,46
4,59,47
4,15,48
4,103,49
4,15,50
4,31,51
4,67,52
4,43,53
4,47,54
4,63,55
4,39,56
4,67,57
4,27,58
4,67,59
44336,6,4
4,12,61
4,63,62
4,87,63
4,23,64
4,3,65
4,87,66
4,11,67
4,79,68
4,23,69
4,39,70
4,83,71
4,6,22
2084,4,71
4,15,72
4,7,73
4,59,74
4,31,75
4,55,76
4,3,77
4,15,78
4,51,79
4,27,80
4,11,81
45336,6,4
4,67,0
188,4,83
4,15,84
4,55,85
4,63,86
4,15,87
4,47,88
4,75,89
4,103,90
4,35,91
4,6,15
45812,4,91
4,31,92
4,43,93
4,55,94
4,55,95
4,47,96
4,3,97
4,23,98
4,51,99
4,51,100
4,87,101
4,23,102
4,27,103
4,51,104
4,3,105
4,35,106
4,67,107
4,11,108
4,19,109
4,19,110
4,23,111
4,55,112
4,111,113
4,7,114
4,71,115
4,35,116
4,3,117
4,31,118
4,71,119
4,83,120
4,79,121
4,26,29
3628,4,121
4,3,122
4,63,123
4,43,124
4,51,125
4,31,126
4,35,127
4,43,128
4,59,129
4,51,130
4,27,131
4,27,132
4,19,133
4,43,134
4,51,135
4,3,136
4,63,137
4,47,138
4,27,139
4,15,140
4,11,141
4,55,142
4,23,143
4,39,144
4,14,13
6932,3,4
20,15,4
4,24,145
4,19,146
4,27,147
4,59,148
4,26,15
5388,4,148
4,39,149
4,15,150
4,11,151
4,31,152
3284,3,133
8,6,4
4,52,153
4,123,154
4,55,155
4,55,156
4,27,157
4,7,158
4,47,159
4,3,160
4,7,161
4,71,162
4,51,163
4,3,164
4,3,165
4,31,166
4,51,167
4,55,168
4,59,169
4,23,170
4,35,171
4,54,7
120,4,171
4,15,172
4,63,173
4,31,174
4,31,175
4,11,176
4,3,177
4,19,178
4,11,179
4,43,180
4,3,181
4,7,182
4,35,183
4,3,184
4,31,185
4,19,186
4,3,187
4,79,188
4,59,189
4,75,190
4,59,191
4,15,192
4,55,193
4,7,194
4,3,195
4,55,196
4,3,197
4,55,198
4,15,199
4,99,200
4,35,201
4,90,29
5432,4,201
4,19,202
4,15,203
4,15,204
4,39,205
4,23,206
4,15,207
4,7,208
4,3,209
4,35,210
4,63,211
4,51,212
4,107,213
4,27,214
4,19,215
4,35,216
4,15,217
4,79,218
4,7,219
4,71,220
4,35,221
4,3,222
4,71,223
4,59,224
4,83,225
4,39,226
4,35,227
4,51,228
4,27,229
4,71,230
4,3,231
4,59,232
4,7,233
4,11,234
4,15,235
4,35,236
4,55,237
4,31,238
4,39,239
4,55,240
4,31,241
4,55,242
4,103,243
4,3,244
4,31,245
4,31,246
4,71,247
4,11,248
4,27,249
4,31,250
4,59,251
4,35,252
4,3,253
4,95,254
4,35,255
4,58,5
51951,27,5
4,8,1
4,71,2
4,55,3
4,43,4
4,3,5
4,47,6
4,34,2
3592,3,5
40,32,7
4,23,8
4,43,9
4,51,10
4,47,11
4,19,12
4,27,13
4,15,14
4,19,15
4,15,16
4,7,17
4,23,18
4,39,19
4,3,20
4,31,21
4,27,22
4,7,23
4,67,24
4,39,25
4,35,26
4,3,27
4,31,28
4,27,29
4,27,30
4,31,31
4,3,32
4,3,33
4,19,34
4,75,35
4,51,36
4,43,37
4,59,38
4,67,39
4,75,40
4,3,41
4,35,42
4,19,43
4,27,44
4,39,45
4,139,46
4,47,47
4,3,48
4,67,49
4,71,50
4,87,51
4,3,52
4,27,53
4,11,54
4,55,55
4,103,56
4,19,57
4,27,58
4,19,59
4,47,60
4,35,61
4,39,62
4,10,24
6448,3,5
16,11,5
4,12,63
4,58,8
7136,3,5
10164,3,5
10080,3,5
4,64,66
4,7,67
4,47,68
4,87,69
4,47,70
4,63,71
4,15,72
4,3,73
4,15,74
4,35,75
4,107,76
4,75,77
4,39,78
4,75,79
4,35,80
4,27,81
4,31,82
4,3,83
4,51,84
4,47,85
4,34,31
88,4,85
4,3,86
4,71,87
4,35,88
4,59,89
4,27,90
4,31,91
4,3,92
4,71,93
4,35,94
4,87,95
4,55,96
4,59,97
4,47,98
4,35,99
4,35,100
4,23,101
4,35,102
4,35,103
4,83,104
4,7,105
4,27,129
32,31,106
4,3,107
4,15,108
4,27,109
4,7,110
4,47,111
4,47,112
4,7,113
4,47,114
4,19,115
4,87,116
4,31,117
4,79,118
4,43,119
4,19,120
4,27,121
4,127,122
4,95,123
4,107,124
4,71,125
4,43,126
4,23,127
4,3,128
4,7,130
4,31,131
4,23,132
4,7,133
4,3,134
4,31,135
4,7,136
4,83,137
4,43,138
4,67,139
4,31,140
4,23,141
4,19,142
4,62,26
1512,4,142
4,7,143
4,43,144
4,47,145
4,135,146
58276,6,5
4,48,148
4,23,149
4,83,150
4,3,151
4,23,152
4,31,153
4,22,20
6456,3,5
28,20,154
4,3,155
4,59,156
4,87,157
4,51,158
4,55,159
4,39,160
4,39,161
59268,6,5
4,20,163
4,51,164
4,7,165
4,51,166
4,3,167
4,3,168
4,27,169
4,11,170
4,31,171
4,11,172
4,31,173
4,39,174
4,23,175
4,14,23
268,4,175
4,39,176
4,11,177
4,23,178
4,3,179
4,19,180
4,83,181
4,51,182
4,35,183
4,35,184
4,23,185
4,3,186
4,75,187
4,34,26
5020,4,188
4,3,189
4,103,190
4,75,191
4,63,192
4,3,193
4,63,194
4,39,195
4,79,196
4,19,197
4,39,198
4,35,199
4,67,200
4,11,201
4,23,202
4,3,203
4,3,204
4,7,205
4,3,206
4,55,207
4,19,208
4,55,209
4,47,210
4,23,211
4,47,212
4,47,213
4,23,214
4,11,215
4,3,216
4,59,217
4,23,218
4,87,219
4,23,220
4,11,221
4,27,222
4,27,223
4,19,224
4,51,225
4,43,226
4,38,21
3180,4,226
4,43,227
4,71,228
4,39,229
4,63,230
4,23,231
4,7,232
4,79,233
4,23,234
4,123,235
4,51,236
4,123,237
4,7,238
4,35,239
4,87,240
4,3,241
4,103,242
4,3,243
4,10,11
8864,4,243
4,55,244
4,67,245
4,23,246
4,6,31
180,4,246
4,43,247
4,15,248
4,3,249
4,7,250
4,19,251
4,62,30
7792,4,252
4,31,253
4,3,254
4,43,255
4,42,6
62111,68,1
4,35,2
4,83,3
4,31,4
4,31,5
4,47,6
4,87,7
4,51,8
4,83,9
8268,3,233
8,6,6
4,27,27
2992,3,6
24,16,10
4,59,11
4,3,12
4,18,31
232,4,12
4,27,13
4,10,28
8380,3,6
16,11,6
4,40,14
4,58,16
4324,3,6
12,4,15
4,83,16
4,3,17
4,43,18
4,23,19
4,63,20
4,15,21
4,11,22
4,67,23
4,26,29
10172,3,6
12,4,24
4,3,25
4,35,26
4,14,30
7352,3,6
10528,3,6
4,28,28
4,35,29
4,7,30
4,43,31
4,35,32
4,15,33
4,47,34
4,3,35
4,39,36
4,11,37
4,87,38
4,35,39
4,67,40
4,51,41
4,3,42
4,27,43
4,15,44
4,7,45
4,19,46
4,43,47
4,3,48
4,51,49
64820,6,6
4,28,51
4,79,52
4,35,53
4,71,54
4,55,55
4,23,56
4,55,57
4,3,58
4,43,59
4,59,60
4,3,61
4,27,62
4,39,63
4,15,64
4,39,65
4,19,66
4,23,67
4,31,68
4,19,69
4,35,70
4,35,71
4,67,72
4,27,73
4,19,74
4,34,17
3436,3,6
10096,3,6
4,20,76
4,71,77
4,67,78
4,18,7
1164,4,78
4,71,79
4,31,80
4,11,81
4,95,82
4,26,0
6488,3,6
32,27,6
4,12,83
4,75,84
4,31,85
4,27,86
4,51,87
4,39,88
4,19,89
4,27,90
4,59,91
4,31,92
4,43,93
4,3,94
4,47,95
4,71,96
4,26,28
1844,4,96
4,31,97
4,95,98
4,63,99
4,19,100
4,39,101
4,3,102
4,55,103
4,3,104
4,15,105
4,47,106
4,43,107
4,95,108
4,39,109
4,31,110
4,11,111
4,39,112
4,31,113
4,3,114
4,15,115
4,3,116
4,27,117
4,31,118
4,11,119
4,87,120
4,39,121
4,35,122
4,31,123
4,79,124
4,3,125
4,23,126
4,35,127
4,43,128
4,27,129
4,87,130
4,7,131
6552,3,249
8,6,6
4,96,132
4,35,133
4,23,134
4,19,135
4,83,136
4,111,137
4,83,138
4,35,139
4,71,140
4,43,141
4,103,142
4,35,143
4,47,144
4,47,145
4,35,146
4,3,147
4,63,148
4,43,149
4,15,150
4,35,151
4,47,152
4,3,153
4,107,154
4,35,155
4,43,156
4,43,157
4,27,158
4,51,159
4,23,160
4,27,161
4,3,162
4,59,163
4,15,164
4,7,165
4,31,166
4,35,167
4,23,168
4,91,169
4,31,170
4,67,171
4,31,172
69396,7,173
4,31,174
4,3,175
4,31,176
4,103,177
4,31,178
4,59,179
4,71,180
4,27,181
4,31,182
4,31,183
4,47,184
4,15,185
4,63,186
4,47,187
4,27,188
4,71,189
4,3,190
4,3,191
4,23,192
4,43,193
4,19,194
4,79,195
4,23,196
4,27,197
4,67,198
4,78,12
4216,4,198
4,15,199
4,47,200
4,59,201
4,75,202
4,39,203
4,3,204
4,51,205
4,27,206
4,19,207
4,27,208
4,3,209
4,11,210
4,19,211
4,19,212
4,31,213
4,7,214
4,35,215
4,43,216
4,55,217
4,7,218
4,59,219
4,95,220
4,14,16
416,4,220
4,43,221
4,26,13
7612,4,221
4,11,222
4,23,223
4,3,224
4,15,225
4,3,226
4,51,227
4,42,8
104,4,227
4,23,228
4,75,229
4,23,230
4,23,231
4,55,232
4,27,233
4,23,234
4,51,235
4,35,236
4,39,237
4,31,238
4,7,239
4,43,240
4,39,241
4,47,242
4,15,243
4,3,244
4,19,245
4,59,246
4,51,247
24272,3,203
8,3,248
4,63,249
4,63,250
4,47,251
4,18,19
1512,4,251
4,7,252
4,55,253
4,3,254
4,59,255
4,18,7
72247,16,1
4,51,2
4,38,30
4664,3,7
44,39,7
4,4,3
4,31,4
4,51,5
4,63,6
4,23,7
4,27,8
4,75,9
4,47,10
4,7,11
4,31,12
4,31,13
4,63,14
4,51,15
4,3,16
4,55,17
4,35,18
4,7,19
4,11,20
4,31,21
4,59,22
4,151,23
4,103,24
4,38,0
1064,4,24
4,15,25
4,43,26
4,31,27
4,75,28
4,27,29
4,47,30
4,23,31
4,39,32
4,63,33
4,79,34
4,35,35
4,15,36
4,31,37
4,75,38
4,79,39
4,31,40
4,31,41
4,51,42
4,59,43
4,39,44
4,83,45
4,59,47
4,31,48
4,63,49
4,3,50
4,95,51
4,35,52
4,43,53
4,3,54
4,31,55
4,75,56
4,27,57
4,39,58
4,3,59
4,35,60
4,35,61
4,11,62
4,19,63
4,59,64
4,39,65
4,43,66
4,35,67
4,7,68
12556,3,2
8,6,7
4,35,1
260,4,68
4,43,69
4,31,70
4,31,71
4,23,72
4,3,73
4,27,74
4,47,75
4,39,76
4,3,77
4,19,78
4,3,79
4,23,80
4,23,81
4,3,82
4,66,5
10232,3,7
20,12,83
4,35,84
4,6,14
356,4,84
4,19,85
4,47,86
4,59,87
4,3,88
4,67,89
4,59,90
4,23,91
4,31,92
4,19,93
4,119,94
4,3,95
4,67,96
4,19,97
4,75,98
4,19,99
4,31,100
4,3,101
4,59,102
4,15,103
4,3,104
4,55,105
4,51,106
4,23,107
4,79,108
4,19,109
4,55,110
4,47,111
4,75,112
4,35,113
4,27,114
4,43,115
4,51,116
4,19,117
4,11,118
4,11,119
4,55,120
4,47,121
4,31,122
4,3,123
4,35,124
4,35,125
4,55,126
4,79,127
4,59,128
4,3,129
4,51,130
4,47,131
4,27,132
4,7,133
4,27,134
4,7,135
4,7,136
4,34,26
4832,4,136
4,11,137
4,27,138
4,35,139
4,103,140
4,27,141
4,15,142
4,55,143
4,11,144
4,79,145
4,19,146
4,42,15
8212,3,7
40,32,147
4,51,148
4,19,149
4,107,150
4,31,151
4,43,152
4,43,153
4,71,154
4,3,155
4,35,156
4,15,157
4,7,158
4,31,159
4,35,160
4,55,161
4,87,162
4,79,163
4,15,164
4,35,165
4,55,166
4,47,167
4,7,168
4,55,169
4,3,170
4,35,171
4,67,172
4,51,173
4,83,174
4,75,175
4,43,176
4,79,177
4,3,178
4,31,179
4,47,180
4,3,181
4,55,182
4,27,183
4,51,184
4,39,185
4,74,27
7644,4,185
4,3,186
4,11,187
4,11,188
4,7,189
4,19,190
4,34,29
4956,4,190
4,27,191
4,39,192
4,31,193
4,23,194
4,51,195
4,30,12
36,35,7
4,4,196
4,35,197
4,15,198
4,175,199
4,31,200
4,119,201
4,43,202
4,35,203
4,19,204
4,35,205
4,115,206
4,27,207
4,43,208
4,3,209
4,15,210
4,55,211
4,71,212
4,3,213
81572,6,7
4,92,215
4,19,216
4,31,217
4,99,218
4,15,219
4,3,220
4,35,221
4,135,222
4,31,223
4,6,29
5952,4,224
4,31,225
4,7,226
4,3,227
4,6,26
6468,4,227
4,83,228
4,31,229
4,51,230
4,35,231
4,51,232
4,55,233
4,35,234
4,19,235
4,3,236
4,19,237
4,11,238
4,35,239
4,31,240
4,39,241
4,127,242
4,35,243
4,43,244
4,26,14
2440,4,244
4,23,245
4,51,246
4,27,247
4,35,248
4,47,249
4,31,250
4,55,251
4,7,252
4,31,253
4,15,254
4,39,255
4,70,8
82883,19,8
4,60,1
4,67,2
4,27,3
4,51,4
4,47,5
4,23,6
4,11,7
4,47,8
4,7,9
4,27,10
4,7,11
4,23,12
4,55,13
4,111,14
4,15,15
4,3,16
4,91,17
4,3,18
4,23,19
4,31,20
4,95,21
4,31,22
4,91,23
4,15,24
4,23,25
4,59,26
4,35,27
4,3,28
4,51,29
4,3,30
4,42,1
8368,3,8
48,43,8
4,32,31
4,27,32
4,3,33
4,23,34
4,79,35
4,15,36
4,39,37
4,71,38
4,35,39
4,87,40
4,19,41
4,59,42
4,39,43
4,3,44
4,3,45
4,19,46
4,31,47
4,47,48
4,51,49
4,15,50
4,75,51
4,43,52
4,23,53
4,103,54
4,51,55
4,3,56
4,75,57
4,39,58
4,51,59
4,59,60
4,3,61
4,35,62
4,15,63
4,75,64
4,15,65
4,15,66
4,35,67
4,11,68
4,3,69
4,59,70
4,67,71
4,19,72
4,59,73
4,35,74
4,19,75
4,3,76
4,51,77
4,31,78
4,43,79
4,14,16
6060,3,8
20,15,8
4,36,80
4,7,81
4,51,82
4,47,83
4,71,84
4,7,85
4,47,86
4,59,87
4,27,88
4,50,21
4528,3,8
12,4,89
4,43,90
4,47,91
4,3,92
4,3,93
4,15,94
4,3,95
87612,6,8
4,28,97
4,11,98
4,3,99
4,39,100
4,3,101
4,67,102
4,7,103
4,43,104
4,99,105
4,11,106
4,23,107
4,67,108
4,11,109
4,47,110
4,67,111
4,3,112
4,51,113
4,75,114
4,59,115
4,55,116
4,31,117
4,7,118
4,79,119
4,79,120
4,83,121
4,75,122
4,19,123
4,19,124
4,3,125
4,3,126
4,3,127
4,27,128
4,91,129
4,119,130
4,87,131
4,23,132
4,67,133
33976,6,8
4,128,135
4,11,136
4,62,31
7176,3,8
52,44,137
4,3,138
4,63,139
4,3,140
4,27,141
4,3,142
4,19,143
4,11,144
4,23,145
4,75,146
4,75,147
4,39,148
4,55,149
4,11,150
4,15,151
4,23,152
4,23,153
4,31,154
4,23,155
4,31,156
4,79,157
4,3,158
4,51,159
4,75,160
4,35,161
4,63,162
4,3,163
4,35,164
4,23,165
69216,6,8
4,52,167
4,11,168
4,27,169
4,11,170
4,35,171
4,27,172
4,67,173
4,31,174
4,95,175
4,95,176
4,86,25
3424,4,176
4,23,177
4,119,178
4,39,179
4,31,180
4,67,181
4,31,182
4,7,183
4,55,184
4,11,185
4,71,186
4,51,187
4,27,188
4,27,189
4,47,190
4,139,191
4,11,192
4,27,193
4,39,194
4,31,195
4,55,196
4,71,197
4,11,198
4,11,199
4,3,200
4,39,201
4,15,202
4,47,203
4,15,204
4,47,205
4,75,206
4,23,207
4,11,208
4,11,209
4,3,210
4,63,211
4,35,212
4,91,213
4,43,214
4,71,215
4,51,216
4,10,16
900,4,216
4,27,217
4,119,218
4,11,219
4,23,220
4,35,221
4,31,222
4,23,223
4,35,224
4,47,225
4,11,226
4,63,227
4,27,228
4,3,229
4,3,230
4,47,231
4,31,232
4,7,233
4,135,234
4,95,235
4,111,236
4,27,237
4,3,238
4,15,239
4,51,240
4,19,241
4,23,242
4,59,243
4,7,244
4,79,245
4,39,246
4,55,247
4,19,248
4,59,249
4,63,250
4,3,251
4,43,252
4,3,253
4,3,254
4,3,255
4,34,9
93195,24,1
4,151,2
4,11,3
4,27,4
4,47,5
4,51,6
4,23,7
4,3,8
4,83,9
4,55,10
4,58,6
1616,3,9
32,24,11
4,23,12
4,43,13
4,107,14
4,27,15
4,31,16
4,87,17
4,47,18
4,35,19
4,14,29
6472,3,9
20,15,9
4,4,20
4,30,10
308,4,20
4,3,21
4,91,22
4,11,23
4,95,24
4,26,20
3684,3,9
24,19,31
1356,3,9
56,27,9
4,12,25
4,7,26
4,3,27
4,43,28
4,3,29
4,59,30
4,23,31
4,23,32
4,3,33
4,63,34
4,51,35
4,95,36
4,7,37
4,31,38
4,55,39
4,11,40
4,23,41
4,47,42
4,3,43
4,71,44
4,107,45
4,79,46
4,3,47
4,3,48
4,7,49
4,3,50
4,67,51
4,23,52
53584,6,9
4,56,54
4,31,55
4,19,56
4,3,57
4,35,58
4,15,59
4,43,60
4,23,61
4,71,62
4,39,63
4,47,64
4,79,65
4,59,66
4,3,67
4,55,68
4,3,69
4,7,70
4,39,71
4,31,72
4,7,73
4,47,74
4,3,75
4,19,76
4,51,77
4,31,78
4,67,79
4,15,80
4,7,81
4,39,82
4,35,83
4,79,84
4,35,85
4,111,86
4,39,87
4,79,88
4,15,89
4,27,90
4,19,91
4,51,92
4,27,93
4,47,94
4,14,5
7688,3,9
16,8,95
4,79,96
4,67,97
4,47,98
4,19,99
4,15,100
4,119,101
4,47,102
4,51,103
4,107,104
4,7,105
4,3,106
4,27,107
4,27,108
4,19,109
4,3,110
4,39,111
4,63,112
4,11,113
4,3,114
4,51,115
4,107,116
4,27,117
4,31,118
4,3,119
4,35,120
4,23,121
4,91,122
4,15,123
4,47,124
4,27,125
4,51,126
4,15,127
4,91,128
4,27,129
4,51,130
4,51,131
4,43,132
4,39,133
4,31,134
4,23,135
4,23,136
4,47,137
4,19,138
4,71,139
4,10,12
7264,3,9
16,11,9
4,20,140
4,15,141
4,35,142
4,27,143
4,23,144
4,75,145
4,39,146
4,47,147
4,27,148
4,59,149
4,23,150
4,55,151
4,35,152
4,59,153
4,11,154
4,11,155
4,59,156
4,3,157
4,7,158
4,11,159
4,46,0
4812,4,159
4,26,18
4296,4,159
4,39,160
4,27,161
4,83,162
4,3,163
4,51,164
4,47,165
4,7,166
4,3,167
4,3,168
4,23,169
4,22,17
9760,3,9
16,8,170
4,63,171
4,19,172
4,7,173
4,35,174
4,19,175
4,43,176
4,27,177
4,27,178
4,51,179
4,15,180
4,43,181
4,3,182
4,19,183
4,87,184
4,19,185
4,11,186
4,31,187
4,67,188
4,23,189
4,3,190
4,27,191
4,7,192
4,19,193
4,55,194
4,47,195
4,59,196
4,91,197
4,83,198
4,30,7
5236,4,198
4,3,199
4,7,200
4,91,201
4,51,202
4,3,203
4,3,204
4,35,205
4,30,10
5820,4,205
4,7,206
4,39,207
4,11,208
4,3,209
4,3,210
4,3,211
4,47,212
4,31,213
4,7,214
4,7,215
4,23,216
4,75,217
4,7,218
4,35,219
4,71,220
4,6,6
1476,4,220
4,71,221
4,47,222
4,27,223
4,70,29
8256,4,223
4,7,224
4,27,225
4,59,226
4,35,227
4,19,228
4,27,229
4,59,230
4,14,6
1820,4,230
4,35,231
4,63,232
4,46,15
1860,4,232
4,23,233
4,31,234
4,15,235
4,27,236
4,83,237
4,71,238
4,3,239
4,39,240
4,27,241
4,47,242
4,3,243
4,63,244
4,35,245
4,47,246
4,11,247
4,107,248
4,31,249
4,59,250
4,75,251
4,19,252
4,19,253
4,47,254
4,58,17
7704,4,255
4,6,2
7020,4,255
4,58,10
103303,7,19
6480,3,10
103367,56,1
4,95,2
4,3,3
4,43,4
4,43,5
4,23,6
4,47,7
4,39,8
4,63,9
4,75,10
4,11,11
4,47,12
4,47,13
4,79,14
4,43,15
4,3,16
4,3,17
4,15,18
4,35,19
4,51,20
4,43,21
4,55,22
4,46,5
6152,3,10
28,20,23
4,27,24
4,3,25
4,3,26
4,31,27
4,107,28
4,7,29
4,55,30
4,51,31
4,35,32
4,15,33
4,55,34
4,3,35
4,47,36
4,27,37
4,27,38
4,11,39
4,115,40
4,70,26
5372,3,10
60,52,41
4,7,42
4,31,43
4,46,2
1880,4,44
4,27,45
4,67,46
4,3,47
4,27,48
4,51,49
4,35,50
106364,6,10
4,56,52
4,99,53
4,31,54
4,3,55
4,11,56
4,3,57
4,103,58
4,27,59
4,11,60
4,35,61
4,35,62
4,79,63
4,31,64
4,35,65
4,19,66
4,23,67
4,7,68
4,55,69
4,27,70
4,30,12
2232,4,71
4,107,72
4,39,73
4,19,74
4,15,75
4,11,76
4,27,77
4,83,78
4,3,79
4,83,80
4,31,81
4,35,82
4,43,83
4,51,84
4,31,85
4,43,86
4,51,87
4,62,7
3096,4,87
4,7,88
4,3,89
4,55,90
4,87,91
4,127,92
4,55,93
4,19,94
4,91,95
4,35,96
4,43,97
4,39,98
4,35,99
4,3,100
4,10,1
4972,3,10
16,8,101
4,3,102
4,3,103
4,131,104
4,27,105
4,39,106
4,3,107
4,11,108
27944,3,113
8,3,109
4,3,110
4,23,111
4,3,112
4,19,113
4,47,114
4,3,115
4,19,116
4,51,117
4,51,118
4,19,119
4,51,120
4,55,121
4,31,122
4,10,20
7220,3,10
16,11,10
4,36,123
4,71,124
4,31,125
4,11,126
4,99,127
4,31,128
4,63,129
4,39,130
4,15,131
4,3,132
4,27,133
4,14,18
3244,4,134
4,47,135
4,39,136
4,35,137
4,91,138
4,39,139
4,3,140
4,3,141
4,3,142
4,63,143
4,3,144
4,15,145
4,55,146
4,19,147
4,71,148
4,71,149
4,3,150
4,107,151
4,47,152
4,31,153
4,43,154
4,67,155
4,67,156
4,51,157
4,43,158
4,47,159
4,3,160
4,7,161
4,15,162
4,23,163
4,47,164
4,51,165
4,55,166
4,99,167
4,19,168
4,39,169
4,35,170
4,83,171
4,51,172
4,66,20
8028,3,10
12,4,173
4,27,174
4,43,175
4,39,176
4,27,177
4,75,178
4,3,179
4,31,180
4,98,22
328,4,181
4,23,182
4,39,183
4,3,184
4,3,185
4,35,186
4,14,25
8548,3,10
10304,3,10
4,16,188
4,59,189
4,3,190
4,43,191
4,35,192
4,23,193
4,74,21
7588,4,194
4,27,195
4,3,196
4,83,197
4,27,198
4,31,199
89000,6,10
4,20,201
4,35,202
4,43,203
4,15,204
4,46,1
6836,4,204
4,35,205
4,59,206
4,3,207
4,15,208
4,51,209
4,95,210
4,43,211
4,35,212
4,51,213
4,27,214
4,31,215
4,71,216
4,23,217
4,79,218
4,47,219
4,23,220
4,51,221
4,51,222
4,55,223
4,35,224
4,19,225
4,7,226
4,19,227
4,31,228
4,83,229
4,3,230
4,3,231
4,31,232
4,47,233
4,3,234
4,3,235
4,27,236
4,35,237
4,39,238
4,39,239
4,39,240
4,3,241
4,35,242
4,47,243
4,27,244
4,3,245
4,66,0
7392,4,245
4,31,246
4,31,247
4,7,248
4,27,249
4,7,250
4,31,251
4,3,252
4,7,253
4,142,24
5160,4,253
4,3,254
4,3,255
4,10,11
113307,19,11
4,24,1
4,59,2
4,3,3
4,3,4
4,46,0
9804,3,11
52,47,11
9944,3,11
4,44,6
4,30,19
4196,3,11
36,31,11
4,24,7
4,10,6
656,3,11
16,11,11
4,60,8
4,51,9
4,23,10
4,87,11
4,31,12
4,95,13
4,27,14
4,99,15
4,23,16
4,71,17
4,51,18
4,27,19
4,87,20
4,51,21
4,31,22
4,23,23
4,3,24
4,59,25
4,11,26
4,75,228
8,7,27
4,43,28
4,59,29
4,39,30
4,7,31
4,47,32
4,59,33
4,87,34
4,27,35
4,47,36
4,23,37
4,35,38
4,10,5
5368,3,11
16,11,11
4,40,39
4,118,18
832,4,39
4,3,40
4,15,41
4,15,42
4,3,43
4,15,44
4,43,45
4,87,46
4,39,47
116136,7,48
4,23,49
4,127,50
4,11,51
4,79,52
4,63,53
4,71,54
4,55,55
4,11,56
4,27,57
4,3,58
4,47,59
4,27,60
4,14,17
8672,3,11
20,15,11
4,40,61
4,71,62
4,43,63
4,59,64
4,35,65
4,27,66
4,43,67
4,67,68
4,67,69
4,47,70
4,6,28
117568,4,70
4,27,71
4,27,72
4,23,73
4,26,0
6060,3,11
24,16,74
4,7,75
4,42,21
5148,3,11
28,20,76
4,23,77
4,34,19
1616,4,77
4,19,78
4,31,79
4,59,80
4,7,81
4,19,82
4,87,83
4,15,84
4,7,85
4,62,3
1172,4,85
4,55,86
4,39,87
4,47,88
4,11,89
4,63,90
4,31,91
4,43,92
4,47,93
4,3,94
4,35,95
4,15,96
4,23,97
4,83,98
4,43,99
4,35,100
4,23,101
4,30,31
7360,3,11
12,4,102
4,35,103
4,39,104
4,35,105
4,55,106
4,47,107
4,63,108
4,83,109
4,31,110
4,27,111
4,35,112
4,7,113
4,50,1
1736,4,113
4,7,114
4,119,115
4,83,116
4,43,117
4,71,118
4,7,119
4,19,120
4,23,121
4,35,122
4,67,123
4,71,124
4,3,125
10004,6,11
8,3,11
4,28,126
4,7,127
4,47,128
4,51,129
4,27,130
4,27,131
4,11,132
4,31,133
4,35,134
4,15,135
4,19,136
4,23,137
4,103,138
4,55,139
4,3,140
4,27,141
4,3,142
4,31,143
4,10,12
4028,4,143
4,15,144
120100,6,11
4,44,146
4,55,147
4,71,148
4,55,149
4,39,150
4,3,151
4,39,152
4,55,153
4,23,154
4,39,155
4,3,156
4,39,157
4,27,158
4,51,159
4,91,160
4,3,161
4,7,162
4,39,163
4,3,164
4,27,165
4,35,166
4,3,167
4,3,168
4,7,169
121132,6,11
4,104,171
4,115,172
4,7,173
4,11,174
4,63,175
4,31,176
4,119,177
4,11,178
4,51,179
4,7,180
4,47,181
4,39,182
4,23,183
4,3,184
4,3,185
7820,3,194
8,6,11
4,32,186
4,11,187
4,75,188
4,126,27
3544,4,189
4,3,190
4,107,191
4,31,192
4,31,193
4,15,194
4,3,195
4,51,196
4,106,14
7208,4,197
4,35,198
4,35,199
4,31,200
4,3,201
4,3,202
4,19,203
4,19,204
4,23,205
4,7,248
12,11,205
4,35,206
4,3,207
4,43,208
4,55,209
4,19,210
4,35,211
4,47,212
4,3,213
4,15,214
4,43,215
4,47,216
4,103,217
4,39,218
4,3,219
4,67,220
4,63,221
4,23,222
4,7,223
4,3,224
4,39,225
4,47,226
4,39,227
8032,7,228
4,147,229
4,71,230
4,23,231
4,55,232
4,111,233
4,75,234
4,3,235
4,11,236
4,19,237
4,27,238
4,19,239
4,11,240
4,35,241
4,3,242
4,35,243
4,79,244
4,11,245
4,87,246
4,15,247
4,35,248
4,27,249
4,19,250
4,55,251
4,15,252
4,79,253
4,27,254
4,35,255
4,46,12
123891,4,1
4,95,2
4,39,3
4,15,4
4,31,5
4,47,6
4,23,7
4,31,8
4,3,9
4,3,10
4,7,11
4,51,12
4,23,13
4,35,14
4,39,15
4,87,16
4,87,17
4,111,18
4,39,19
4,43,20
4,15,21
4,19,22
4,15,23
4,14,19
5932,3,12
20,15,12
4,16,24
4,27,25
4,15,26
4,51,27
4,87,28
4,15,29
4,55,30
4,10,23
304,4,30
4,19,31
4,51,32
4,87,33
4,59,34
4,127,35
4,55,36
4,63,37
4,71,38
4,31,39
4,35,40
4,19,41
4,43,42
4,15,43
4,107,44
4,47,45
4,55,46
4,35,47
4,63,48
4,23,49
4,23,50
4,79,51
4,3,52
4,51,53
4,35,54
4,43,55
4,43,56
4,55,57
4,27,58
4,23,59
4,7,60
4,79,61
4,3,62
4,11,63
4,35,65
4,7,66
4,43,67
4,27,68
4,54,31
6524,3,12
10128,3,12
4,28,70
4,67,71
4,47,72
4,3,73
4,3,74
4,15,75
4,19,76
4,7,77
4,67,78
4,31,79
4,3,80
4,39,81
4,43,82
4,35,83
4,19,84
4,55,85
4,11,86
4,67,87
4,123,88
4,55,89
4,35,90
4,31,91
4,35,92
4,14,5
5128,3,12
20,15,12
4,4,93
4,71,94
4,131,95
4,35,96
4,31,97
4,47,98
4,3,99
4,51,100
4,31,101
4,11,102
4,15,103
4,23,104
4,55,105
4,35,106
4,67,107
4,23,108
4,3,109
4,15,110
4,27,111
4,19,112
4,7,113
4,39,114
4,31,115
4,35,116
1740,3,152
8,6,12
4,28,117
4,3,118
4,23,119
4,35,120
4,3,121
4,15,122
4,83,123
4,39,124
4,10,6
4604,4,124
4,51,125
4,27,126
4,23,127
4,67,128
4,7,129
4,31,130
4,23,131
4,3,132
4,35,133
4,3,134
4,3,135
4,31,136
4,23,137
4,31,138
4,47,139
4,51,140
4,3,141
4,27,142
4,47,143
4,23,144
4,43,145
4,51,146
4,59,147
4,39,148
4,31,149
4,15,150
4,3,151
4,55,152
4,31,153
4,3,154
4,163,155
4,3,156
4,27,157
4,47,158
4,3,159
4,59,160
4,27,161
4,35,162
4,3,163
4,87,164
4,43,165
4,70,22
8148,3,12
9904,3,12
4,76,167
4,39,168
4,7,169
4,83,170
4,3,171
4,39,172
4,27,173
4,39,174
4,3,175
4,83,176
4,7,177
4,51,178
4,27,179
4,43,180
4,47,181
4,3,182
4,79,183
4,43,184
4,35,185
4,7,186
4,15,187
4,3,188
4,23,189
4,3,190
4,95,191
4,43,192
4,31,193
4,55,194
4,63,195
4,35,196
4,59,197
4,31,198
4,3,199
4,3,200
4,35,201
4,15,202
4,31,203
4,23,204
4,23,205
4,79,206
4,27,207
4,83,208
4,3,209
4,39,210
4,11,211
4,3,212
4,39,213
4,35,214
4,75,215
4,23,216
4,79,217
4,19,218
4,119,219
4,42,19
5264,4,219
4,19,220
4,55,221
4,35,222
4,87,223
4,11,224
4,111,225
4,3,226
4,11,227
4,39,228
4,3,229
4,11,230
4,75,231
4,3,232
4,67,233
4,35,234
4,54,16
5500,4,234
4,51,235
4,11,236
4,3,237
4,95,238
4,47,239
4,59,240
4,31,241
4,51,242
4,63,243
4,10,15
3872,4,243
4,51,244
4,11,245
4,47,246
4,35,247
4,59,248
4,15,249
4,43,250
4,83,251
4,35,252
4,91,253
4,10,21
9404,4,253
4,3,254
4,27,255
4,18,13
133979,19,13
4,12,1
4,35,2
4,31,3
29096,3,13
8,6,13
4,56,4
4,27,5
4,51,6
18716,6,13
8,3,13
4,32,7
4,23,8
4,15,9
4,59,10
4,15,11
4,59,12
4,3,13
4,31,14
4,31,15
4,3,16
4,19,17
4,23,18
4,99,19
4,47,20
4,31,21
4,111,22
4,39,23
4,51,24
4,15,25
4,35,26
4,51,27
4,3,28
4,87,29
4,59,30
4,7,31
4,83,32
4,3,33
4,7,34
4,83,35
4,31,36
4,51,37
4,35,38
4,59,39
4,27,40
4,43,41
4,23,42
4,27,43
4,39,44
4,6,4
5340,3,13
12,4,45
4,35,46
4,3,47
4,11,48
4,11,49
4,23,50
4,38,31
9232,3,13
44,39,13
4,11,7
940,4,51
4,3,52
4,87,53
4,11,54
4,3,55
4,3,56
4,15,57
4,3,58
4,51,59
4,15,60
4,27,61
4,3,62
4,55,63
4,27,64
4,43,65
4,35,66
4,55,67
4,47,68
4,27,69
4,39,70
4,19,71
4,35,72
4,35,73
4,3,74
4,3,75
4,143,76
4,3,77
4,67,78
4,47,79
4,47,80
4,11,81
4,31,82
4,39,83
4,19,84
4,35,85
4,47,86
4,39,87
4,51,88
4,19,89
4,23,90
4,35,91
4,3,92
4,35,93
4,7,94
4,51,95
4,27,96
4,11,97
4,107,98
4,14,20
1248,4,98
4,35,99
4,46,23
488,4,99
4,7,100
4,31,101
4,22,29
1096,4,101
4,47,102
4,31,103
4,27,104
4,39,105
4,3,106
4,47,107
4,71,108
4,51,109
4,107,110
4,11,111
4,35,112
4,6,3
520,4,112
4,27,113
4,27,114
4,94,4
5920,3,13
32,24,115
4,27,116
4,38,19
2696,4,117
4,83,118
4,11,119
4,19,120
4,7,121
4,87,122
4,31,123
4,7,124
4,7,125
4,31,126
4,51,127
4,3,128
4,27,129
4,15,130
4,31,131
4,35,132
4,19,133
4,39,134
4,35,135
4,75,136
4,7,137
4,7,138
4,75,139
4,87,140
4,35,141
4,71,142
4,3,143
4,35,144
4,7,145
4,59,146
4,7,147
4,3,148
4,27,149
4,23,150
4,23,151
67388,3,142
8,6,13
4,32,152
4,3,153
4,67,154
4,15,155
4,43,156
4,35,157
140956,6,13
4,52,159
4,11,160
4,35,161
4,3,162
4,27,163
4,3,164
4,95,165
4,63,166
4,35,167
4,47,168
4,55,169
4,3,170
4,31,171
4,15,172
4,3,173
4,31,174
4,39,175
4,19,176
4,31,177
4,3,178
4,39,179
4,3,180
4,103,181
4,39,182
4,3,183
4,15,184
4,71,185
4,15,186
4,15,187
4,83,188
141904,6,13
4,4,190
4,15,191
4,87,192
4,47,193
4,15,194
4,10,4
3360,4,194
4,79,195
4,71,196
4,23,197
4,75,198
4,39,199
4,19,200
4,3,201
4,27,202
4,103,203
4,51,204
4,59,205
4,3,206
4,59,207
4,31,208
4,23,209
4,71,210
4,35,211
4,3,212
4,15,213
4,19,214
4,27,215
4,15,216
4,19,217
4,3,218
4,47,219
4,19,220
4,7,221
4,19,222
4,63,223
4,3,224
4,31,225
4,59,226
4,71,227
4,19,228
4,3,229
4,11,230
4,31,231
4,39,232
4,31,233
4,7,234
4,34,9
3836,4,234
4,11,235
4,31,236
4,27,237
4,23,238
4,35,239
4,51,240
4,35,241
4,3,242
4,35,243
4,7,244
4,39,245
4,3,246
4,19,247
4,3,248
4,19,249
4,3,250
4,19,251
4,39,252
4,35,253
4,3,254
4,67,255
4,46,14
142951,32,1
4,103,2
4,3,3
4,59,4
4,51,5
4,87,6
4,3,7
4,27,8
4,87,9
4,47,10
4,75,11
4,39,12
4,47,13
4,39,14
4,99,15
4,75,16
4,51,17
4,39,18
4,35,19
4,43,20
4,27,21
4,63,22
4,79,23
4,47,24
4,31,25
4,3,26
4,27,27
4,15,28
4,11,29
4,3,30
4,27,31
4,3,32
4,27,33
4,23,34
4,67,35
4,11,36
4,43,37
4,7,38
4,43,39
4,39,40
4,39,41
4,31,42
4,3,43
4,63,44
4,19,45
4,59,46
4,11,47
4,23,48
4,11,49
4,26,13
16,12,50
4,23,51
4,19,52
4,10,30
3040,3,14
16,11,14
4,8,53
4,35,54
4,27,55
4,23,56
4,39,57
4,35,58
4,30,30
8028,3,14
36,31,14
4,12,59
4,27,60
4,87,61
4,23,62
4,55,63
4,83,64
4,31,65
4,55,66
4,15,67
4,35,68
4,3,69
4,19,70
4,43,71
4,3,72
4,23,73
4,67,74
4,39,75
4,11,76
4,35,77
4,19,78
4,47,79
4,83,80
4,47,81
4,35,82
4,39,83
4,7,84
4,55,85
4,31,86
4,51,87
4,23,88
4,7,89
4,3,90
4,3,91
124840,6,14
9120,3,14
4,52,93
4,14,2
6068,3,14
20,15,14
4,32,94
4,55,95
4,39,96
4,71,97
4,35,98
4,3,99
4,91,100
4,75,101
4,3,102
4,23,103
4,15,104
4,3,105
4,27,106
4,39,107
4,27,108
4,47,109
4,31,110
4,27,111
4,23,112
4,3,113
4,55,114
4,55,115
4,6,24
1376,4,115
4,3,116
4,35,117
4,59,118
4,59,119
4,23,120
4,11,121
4,15,122
4,39,123
4,75,124
4,31,125
4,23,126
4,15,127
4,3,128
4,39,129
4,43,130
4,63,131
4,79,132
4,103,133
4,59,134
4,3,135
4,7,136
4,39,137
4,47,138
4,11,139
4,23,140
4,59,141
4,107,142
4,51,143
4,27,144
4,75,145
4,63,146
4,55,147
4,31,148
4,43,149
4,63,150
4,90,22
4596,4,150
4,27,151
4,3,152
4,7,153
4,15,154
4,19,155
4,3,156
4,39,157
4,7,158
4,31,159
4,55,160
4,103,162
4,3,163
4,15,164
4,7,165
4,143,166
4,71,167
4,19,168
4,35,169
4,3,170
4,11,171
4,27,172
4,59,173
4,31,174
4,3,175
4,7,176
4,3,177
4,15,178
4,71,179
4,3,180
4,11,181
4,95,182
4,23,183
4,47,184
4,19,185
4,19,186
4,19,187
4,23,188
4,31,189
4,31,190
4,3,191
4,71,192
4,59,193
4,35,194
4,15,195
4,3,196
4,51,197
4,39,198
4,71,199
4,71,200
4,3,201
4,3,202
4,11,203
4,3,204
4,3,205
4,35,206
4,23,207
4,47,208
4,3,209
4,71,210
4,83,211
4,35,212
4,43,213
4,27,214
4,83,215
4,63,216
4,11,217
4,11,218
4,19,219
4,3,220
4,23,221
4,3,222
4,7,223
4,99,224
4,87,225
4,34,15
6556,4,225
4,55,226
4,31,227
4,51,228
4,3,229
4,7,230
4,95,231
4,59,232
4,39,233
4,3,234
4,43,235
4,27,236
4,34,26
728,4,236
4,23,237
4,27,238
4,35,239
4,59,240
4,51,241
4,3,242
4,23,243
4,23,244
4,3,245
4,39,246
4,51,247
4,91,248
4,51,249
4,31,250
4,35,251
153332,6,14
4,48,253
4,127,254
4,3,255
4,46,15
152631,19,15
4,36,1
4,3,2
4,19,3
4,27,4
4,47,5
4,3,6
4,15,7
4,71,8
4,79,9
141048,6,15
8,3,15
4,96,10
4,23,11
4,27,12
4,23,13
4,47,14
4,27,15
4,59,16
4,3,17
4,46,0
2808,3,15
36,28,18
4,67,19
4,27,20
4,123,22
4,55,23
4,3,24
4,3,25
4,47,26
4,23,27
4,67,28
4,3,29
4,3,30
4,35,31
4,59,32
4,35,33
4,51,34
4,39,35
4,3,36
4,23,37
4,27,38
4,14,4
7396,3,15
20,15,15
9520,3,15
4,52,40
4,19,41
4,83,42
4,43,43
4,75,44
4,27,45
4,67,46
4,54,7
276,4,46
4,7,47
4,51,48
4,19,49
4,31,50
4,83,51
4,43,52
4,11,53
4,63,54
4,47,55
4,35,56
4,43,57
4,11,58
4,3,59
4,11,60
4,31,61
4,55,62
4,7,63
4,35,64
4,107,65
4,6,0
1688,4,65
4,19,66
4,3,67
4,27,68
4,35,69
4,35,70
4,27,71
4,35,72
4,18,24
6276,3,15
24,19,15
4,24,73
4,35,74
4,50,26
348,4,74
4,15,75
4,35,76
4,19,77
4,47,78
4,67,79
4,47,80
4,67,81
4,43,82
4,55,83
4,47,84
4,39,85
156692,6,15
4,28,87
4,3,88
4,39,89
4,99,90
4,35,91
4,23,92
4,15,93
4,11,94
4,83,95
4,23,96
4,3,97
4,135,98
4,55,99
4,35,100
4,31,101
4,63,102
4,43,103
4,3,104
4,39,105
4,11,106
4,31,107
4,3,108
4,27,109
4,23,110
4,27,111
4,31,112
4,15,113
4,62,3
1996,4,113
4,95,114
4,15,115
4,51,116
4,47,117
4,83,118
4,15,119
4,123,120
4,39,121
4,47,122
4,43,123
4,11,124
4,27,125
4,83,126
4,23,127
4,19,128
4,43,129
4,59,130
4,59,131
4,11,132
4,51,133
4,3,134
4,51,135
4,43,136
4,59,137
4,131,138
4,35,139
4,59,140
4,15,141
4,7,142
4,43,143
4,87,144
4,67,145
4,3,146
4,43,147
4,23,148
4,51,149
4,63,150
4,23,151
4,3,152
4,51,153
4,19,154
4,11,155
4,23,156
4,67,157
4,39,158
4,43,159
4,15,160
4,63,161
4,18,3
3564,4,161
4,55,162
4,3,163
4,27,164
4,99,165
4,59,166
4,51,167
4,3,168
14432,3,115
8,6,15
4,28,169
4,91,170
4,3,171
4,19,172
4,95,173
4,7,174
4,67,175
4,35,176
4,15,177
4,27,178
4,3,179
4,51,180
4,19,181
4,7,182
4,47,183
4,30,19
3104,4,183
4,43,184
4,35,185
4,31,186
4,27,187
4,67,188
4,35,189
4,43,190
4,27,191
4,35,192
4,71,193
4,99,194
4,31,195
4,83,196
4,71,197
4,47,198
4,7,199
4,23,200
4,31,201
4,59,202
4,15,203
4,42,29
6140,4,203
4,11,204
4,67,205
4,31,206
4,15,207
4,55,208
4,115,209
4,95,210
4,79,211
4,23,212
4,35,213
4,3,214
4,43,215
4,19,216
4,10,5
3692,4,216
4,39,217
4,55,218
4,51,219
4,39,220
4,3,221
4,42,8
9928,3,15
20,12,222
4,15,223
4,7,224
4,55,225
4,35,226
4,23,227
4,31,228
4,11,229
21088,6,15
8,3,15
4,32,230
4,35,231
4,31,232
4,43,233
4,34,1
6924,4,234
4,51,235
4,35,236
4,43,237
4,19,238
4,27,239
4,35,240
4,27,241
4,79,242
4,35,243
4,51,244
4,3,245
4,3,246
4,23,247
4,63,248
4,51,249
4,47,250
4,3,251
4,63,252
4,31,253
4,3,254
4,59,255
163139,14,16
4,8,1
4,23,2
4,3,3
4,51,4
4,43,5
4,43,6
4,67,7
4,27,8
4,59,9
4,27,10
4,3,11
4,67,12
4,63,13
4,59,14
4,39,15
105140,6,16
8,3,16
4,40,16
4,47,17
4,43,18
4,67,19
4,27,20
4,27,21
4,83,22
4,51,23
4,35,24
4,107,25
4,43,26
4,15,27
4,11,28
4,71,29
4,35,30
4,71,31
4,35,32
4,59,33
4,27,34
4,23,35
4,67,36
4,22,5
1752,3,16
24,16,37
4,87,38
165696,6,16
4,48,40
4,31,41
4,71,42
4,91,43
4,19,44
4,47,45
4,55,46
4,19,47
4,31,48
4,42,1
420,4,49
4,55,50
4,51,51
4,23,52
4,95,53
4,27,54
4,47,55
4,63,56
4,15,57
4,87,58
4,55,59
4,95,60
4,51,61
4,3,62
4,55,63
4,43,64
4,42,25
4076,3,16
48,43,16
10976,3,16
4,48,66
4,7,67
4,75,68
4,51,69
4,19,70
4,87,71
4,31,72
4,79,73
4,23,74
4,3,75
4,7,76
4,51,77
4,67,78
4,63,79
4,43,80
4,23,81
4,3,82
4,30,19
3696,4,82
4,83,83
4,75,84
4,79,85
4,35,86
4,19,87
4,35,88
4,43,89
4,59,90
4,31,91
4,15,92
4,139,93
4,31,94
4,79,95
4,115,96
4,43,97
4,11,98
4,39,99
4,95,100
4,15,101
4,67,102
4,63,103
4,23,104
4,47,105
4,95,106
4,35,107
4,27,108
4,11,109
4,27,110
4,63,111
4,31,112
4,39,113
4,67,114
4,15,115
4,15,116
4,31,117
4,3,118
4,35,119
4,31,120
4,23,121
4,3,122
4,47,123
4,31,124
4,55,125
4,67,126
4,31,127
4,7,128
4,35,129
4,83,130
4,3,131
4,19,132
4,11,133
4,43,134
64116,6,16
170312,4,134
4,43,135
4,11,136
4,3,137
4,19,138
4,71,139
4,27,140
4,3,141
4,34,0
3648,4,142
4,95,143
4,3,144
4,7,145
4,27,146
4,71,147
4,3,148
4,59,149
4,79,150
4,83,151
4,15,152
4,191,153
4,31,154
4,31,155
4,35,156
4,27,157
4,23,158
4,3,159
4,91,160
4,3,161
4,51,162
4,7,163
4,23,164
4,51,165
4,43,166
4,39,167
4,3,168
4,35,169
4,14,15
6920,4,169
4,27,170
4,91,171
4,55,172
4,42,2
7704,4,172
4,19,173
4,39,174
4,3,175
4,34,25
10072,3,16
12,4,176
4,51,177
4,67,178
4,35,179
4,35,180
4,43,181
4,47,182
4,3,183
4,67,184
4,39,185
4,63,186
4,3,187
4,35,188
4,75,189
4,55,190
4,31,191
4,15,192
4,51,193
4,23,194
4,19,195
4,43,196
4,95,197
4,39,198
4,3,199
4,7,200
4,63,201
4,18,23
2636,4,201
4,47,202
4,27,203
4,31,204
4,11,205
4,15,206
4,67,207
4,39,208
4,7,209
4,55,210
4,27,211
4,19,212
4,135,213
4,3,214
4,67,215
4,15,216
4,23,217
4,15,218
4,42,8
2252,4,218
4,23,219
4,38,27
5076,4,220
4,55,221
4,3,222
4,19,223
4,31,224
4,3,225
4,7,226
4,11,227
4,47,228
4,15,229
4,3,230
4,19,231
4,3,232
4,35,233
4,15,234
4,63,235
4,3,236
4,47,237
174236,6,16
4,52,239
4,87,240
4,19,241
4,51,242
4,19,243
4,35,244
4,19,245
4,127,246
4,35,247
4,51,248
4,27,249
4,3,250
4,23,251
4,11,252
4,27,253
4,15,254
4,51,255
4,50,17
173907,23,17
4,8,1
4,19,2
4,35,3
4,67,4
4,15,5
4,43,6
4,3,7
4,71,8
4,7,9
4,35,10
4,63,11
4,59,12
4,43,13
4,31,14
4,51,15
4,3,16
4,35,17
4,31,18
4,27,19
4,3,20
4,31,21
4,39,22
4,75,23
4,35,24
4,31,25
4,135,26
4,19,27
4,75,28
4,31,29
4,59,30
4,35,31
4,59,32
4,58,13
7996,3,17
60,52,33
4,59,34
4,3,35
4,59,36
4,27,37
4,55,38
4,39,39
4,51,40
4,83,41
4,71,42
4,47,43
4,23,44
4,3,45
4,47,46
4,127,47
4,67,48
4,39,49
4,3,50
4,14,11
9904,3,17
20,15,17
4,12,51
4,3,52
4,26,26
400,4,52
4,23,53
4,47,54
4,3,55
4,147,56
4,87,57
4,43,58
4,67,59
4,15,60
4,27,61
4,11,62
4,47,63
4,79,64
4,23,65
4,11,66
4,23,67
4,11,68
4,51,69
4,3,70
4,23,71
4,63,72
4,83,73
4,3,74
4,59,75
4,23,76
4,7,77
4,47,78
4,3,79
4,39,80
4,75,81
4,79,82
4,23,83
4,63,84
4,31,85
4,11,86
4,27,87
4,11,88
4,95,89
4,11,90
4,31,91
4,15,92
4,35,93
4,39,94
4,59,95
4,71,96
4,11,97
4,3,98
4,47,99
4,31,100
4,7,101
4,27,102
4,11,103
4,59,104
4,19,105
4,3,106
4,31,107
4,83,108
4,27,109
4,67,110
4,67,111
4,3,112
4,46,3
9016,3,17
16,8,113
4,3,114
4,15,115
4,15,116
4,7,117
4,51,118
4,43,119
4,71,120
4,23,121
4,31,122
4,31,123
4,3,124
4,47,125
4,47,126
4,43,127
4,59,128
4,31,129
4,11,130
4,107,131
4,139,132
4,91,133
4,27,134
4,23,135
4,35,136
4,43,137
4,43,138
4,51,139
4,83,140
4,43,141
4,71,142
4,11,143
4,15,144
4,47,145
4,35,146
4,35,147
4,10,25
3816,4,147
4,39,148
4,11,149
4,35,150
4,47,151
4,47,152
4,55,153
4,43,154
4,31,155
4,43,156
4,3,157
4,11,158
4,3,159
4,3,160
4,23,161
4,67,162
4,15,163
4,3,164
4,67,165
4,87,166
4,3,167
4,59,168
4,31,169
4,7,170
4,59,171
4,63,172
4,27,173
4,63,174
4,31,175
4,3,176
4,19,177
4,103,178
4,3,179
4,107,180
4,35,181
4,3,182
4,11,183
4,99,184
4,3,185
4,30,25
6056,4,185
4,3,186
4,91,187
4,15,188
4,11,189
4,51,190
4,35,191
4,43,192
4,35,193
4,3,194
4,83,195
4,10,25
588,4,195
4,35,196
4,7,197
4,63,198
4,67,199
4,63,200
4,31,201
4,95,202
4,83,203
4,71,204
4,3,205
4,11,206
4,59,207
4,75,208
4,47,209
163972,6,17
4,28,211
4,31,212
4,51,213
4,3,214
4,87,215
4,59,216
4,19,217
4,6,1
1460,4,217
4,23,218
4,6,9
3580,4,218
4,19,219
4,67,220
4,35,221
4,43,222
4,59,223
4,59,224
4,15,225
4,47,226
4,79,227
4,63,228
4,3,229
4,23,230
4,147,231
4,31,232
4,47,233
4,59,234
4,7,235
4,3,236
4,31,237
4,43,238
4,35,239
4,47,240
4,71,241
4,83,242
4,139,243
4,27,244
69068,3,77
8,3,245
4,6,22
504,4,245
4,31,246
4,27,247
4,35,248
4,31,249
4,55,250
4,27,251
4,19,252
4,3,253
4,95,255
4,6,18
184639,11,18
4,52,1
4,27,2
4,27,3
4,19,4
4,3,5
4,3,6
4,47,7
4,31,8
4,39,9
4,3,10
4,15,11
4,87,12
4,39,13
4,3,14
4,43,15
4,27,16
4,27,17
4,31,18
4,67,19
4,75,20
4,23,21
4,26,21
4940,3,18
28,20,22
4,67,23
4,131,24
4,55,25
4,87,26
4,3,27
4,15,28
4,47,29
4,31,30
4,147,31
4,11,32
4,19,33
4,83,34
4,7,35
4,35,36
4,27,37
4,55,38
4,63,39
4,43,40
4,3,41
4,55,42
4,10,20
3732,3,18
16,11,18
4,3,25
1192,4,42
4,19,43
4,51,44
4,43,45
4,23,46
4,47,47
4,131,48
4,39,49
4,127,50
4,55,51
4,55,52
4,95,53
4,15,54
4,79,55
4,3,56
4,31,57
4,83,58
4,15,59
4,83,60
4,6,17
2548,4,60
4,47,61
4,35,62
4,35,63
4,55,64
4,7,65
4,3,66
4,55,67
4,111,68
4,23,69
4,71,70
4,19,71
4,27,72
4,59,73
4,3,74
4,43,75
4,39,76
4,23,77
4,19,78
4,3,79
4,83,80
4,35,81
4,15,82
4,67,83
4,23,84
4,3,85
4,99,86
4,94,6
6168,3,18
24,16,87
4,11,88
4,79,89
4,23,90
4,67,91
4,35,92
4,14,27
5868,3,18
20,15,18
10988,3,18
4,56,94
4,63,95
4,35,164
36,35,96
4,22,16
1856,4,96
4,11,97
4,3,98
4,22,14
8160,3,18
28,23,18
4,4,99
4,19,100
4,19,101
4,10,10
4896,3,18
16,11,18
4,4,102
4,59,103
4,51,104
4,19,105
4,35,106
4,67,107
4,135,108
4,67,109
4,3,110
4,127,111
4,3,112
4,7,113
4,99,114
4,59,115
4,31,116
4,23,117
4,7,118
4,27,119
4,27,120
4,47,121
4,19,122
4,59,123
4,35,124
4,43,125
4,15,126
4,35,127
4,15,128
4,31,129
4,39,130
4,3,131
4,35,132
4,27,133
4,103,134
4,3,135
4,31,136
4,3,137
4,59,138
4,55,139
4,23,140
4,95,141
85708,6,18
8,3,18
4,104,142
4,47,143
4,35,144
4,31,145
4,47,146
4,63,147
4,19,148
152768,6,18
4,88,150
4,55,151
4,23,152
4,55,153
4,63,154
4,39,155
4,59,156
4,59,157
4,59,158
4,3,159
4,67,160
4,27,161
4,55,162
4,51,163
4,23,164
4,95,165
4,19,166
4,11,167
4,27,168
4,31,169
4,39,170
4,3,171
4,35,172
4,39,173
4,71,174
4,3,175
4,19,176
4,59,177
4,23,178
4,47,207
24,23,179
4,11,180
4,3,181
4,35,182
4,23,183
4,31,184
4,15,185
4,43,186
4,43,187
4,91,188
4,3,189
4,3,190
4,83,191
4,99,192
4,66,24
10300,3,18
12,4,193
4,3,194
4,15,195
4,3,196
4,11,197
4,63,198
4,67,199
4,11,200
4,43,201
4,31,202
4,51,203
4,59,204
4,67,205
4,39,206
4,7,207
4,111,208
4,3,209
4,55,210
4,15,211
4,59,212
4,19,213
4,27,214
4,59,215
4,47,216
4,15,217
4,18,7
5216,4,217
4,19,218
4,35,219
4,3,220
4,27,221
4,14,11
3948,4,221
4,11,222
4,35,223
4,15,224
4,34,15
5448,4,224
4,63,225
4,19,226
4,51,227
4,35,228
4,15,229
4,23,230
4,39,231
4,43,232
4,39,233
4,55,234
4,43,235
4,15,236
4,67,237
4,47,238
4,59,239
4,15,240
4,31,241
4,43,242
4,3,243
4,59,244
4,51,245
4,59,246
4,63,247
4,35,248
4,3,249
4,3,250
4,31,251
4,75,252
4,15,253
4,35,254
4,31,255
4,50,19
195463,68,1
4,31,2
4,35,3
4,27,4
4,31,5
4,83,6
4,3,7
4,3,8
4,15,9
4,7,10
4,11,11
4,135,12
4,35,13
4,39,14
4,11,15
4,79,16
4,35,17
4,79,18
4,3,19
4,75,20
4,79,21
4,3,22
4,31,23
4,75,24
4,95,25
4,35,26
4,59,27
4,31,28
4,23,29
159516,6,19
10808,3,19
4,56,31
4,3,32
4,27,33
4,27,34
4,23,35
4,71,36
4,31,37
4,3,38
4,39,39
4,103,40
4,23,41
4,27,42
4,19,43
58948,6,19
42916,4,241
12,10,19
4,68,45
4,3,46
4,3,47
4,63,48
4,7,49
4,43,50
4,35,51
4,3,52
4,23,53
4,51,54
4,43,55
4,39,56
4,3,57
4,34,8
5948,3,19
32,24,58
4,35,59
4,43,60
4,51,61
4,43,62
4,47,63
4,3,64
4,3,65
4,11,66
4,11,67
4,55,68
4,39,69
4,43,70
4,59,71
4,11,72
4,71,73
4,3,74
4,3,75
4,7,76
4,91,77
4,19,78
4,47,79
4,59,80
4,19,81
4,35,82
4,23,83
4,11,84
4,71,85
4,3,86
4,63,87
4,23,88
4,7,89
4,43,90
4,47,91
4,11,92
4,35,93
4,27,94
4,27,95
4,99,96
4,43,97
4,26,17
372,4,97
4,7,98
4,19,99
4,19,100
4,35,101
4,31,102
4,35,103
4,71,104
4,39,105
4,27,106
4,63,107
4,51,108
4,3,109
4,18,9
2960,4,109
4,11,110
4,3,111
4,55,112
4,71,113
4,23,114
4,31,115
4,19,116
4,3,117
4,15,118
4,7,119
4,59,120
75244,6,19
4,16,122
4,3,123
4,51,124
4,3,125
4,39,126
4,35,127
4,35,128
4,55,129
4,63,130
4,19,131
4,59,132
4,51,133
4,63,134
4,47,135
4,27,136
4,23,137
4,3,138
4,63,139
4,23,140
4,19,141
4,31,142
4,31,143
4,83,144
4,82,8
5912,3,19
24,16,145
4,79,146
4,3,147
4,3,148
4,30,29
3080,4,149
4,59,150
4,27,151
4,91,152
4,35,153
4,19,154
4,75,155
4,123,156
4,3,157
4,79,158
4,7,159
4,7,160
4,51,161
4,35,162
4,83,163
4,3,164
4,31,165
4,19,166
4,23,167
4,31,168
4,47,169
4,31,170
4,3,171
4,7,172
4,27,173
4,19,174
4,7,175
4,3,176
4,3,177
4,115,178
4,43,179
4,23,180
4,19,181
4,15,182
4,51,183
4,51,184
4,3,185
4,3,186
4,103,187
4,3,188
4,67,189
4,31,190
4,95,191
4,15,192
4,51,193
4,31,194
4,51,195
4,15,196
4,91,197
4,55,198
4,11,199
4,23,200
4,15,201
4,31,202
4,63,203
4,63,204
4,87,205
4,43,206
4,55,207
4,11,208
4,35,209
4,47,210
4,31,211
4,98,11
7972,4,211
4,3,212
4,39,213
4,19,214
4,43,215
4,15,216
4,27,217
4,75,218
4,6,29
5800,4,218
4,43,219
49172,6,19
71632,4,219
4,23,220
4,43,221
4,3,222
4,35,223
4,19,224
4,43,225
4,39,226
4,75,227
4,39,228
4,23,229
4,7,230
4,59,231
4,27,232
4,71,233
4,3,234
4,3,235
4,47,236
4,55,237
4,31,238
4,3,239
4,15,240
4,31,241
4,27,242
4,3,243
4,51,244
4,87,245
4,43,246
4,87,247
4,19,248
4,11,249
4,39,250
4,47,251
4,34,17
4520,4,251
4,11,252
4,43,253
4,19,254
4,3,255
4,30,20
205003,12,1
4,51,2
4,31,3
200800,6,20
4,60,5
4,43,6
4,35,7
4,39,8
4,79,9
4,31,10
4,7,11
4,43,12
4,79,13
4,51,14
4,27,15
4,15,16
4,3,17
4,23,18
4,43,19
4,43,20
4,15,21
4,3,22
4,27,23
4,55,24
4,7,25
4,71,26
4,19,27
4,7,28
4,23,29
4,35,30
4,3,31
4,39,32
4,19,33
4,27,34
4,23,35
4,3,36
4,26,9
6016,3,20
32,24,37
4,59,38
4,63,39
4,87,40
4,7,41
4,31,42
4,19,43
4,31,44
4,55,45
4,3,46
4,3,47
4,3,48
4,7,49
4,23,50
4,3,51
4,3,52
4,27,53
4,23,54
4,59,55
4,95,56
4,71,57
4,7,58
4,55,59
4,75,60
4,27,61
4,35,62
4,39,63
4,55,64
4,15,65
4,15,66
4,27,67
4,55,68
4,15,69
4,31,70
4,55,71
4,27,72
4,55,73
4,55,74
4,31,75
4,23,76
4,67,77
4,79,78
4,43,79
4,3,80
127288,6,20
9376,3,20
4,28,82
4,11,83
4,15,84
4,27,85
4,47,86
4,39,87
4,47,88
4,31,89
4,3,90
4,163,91
4,51,92
4,7,93
4,63,94
4,19,95
4,39,96
4,35,97
4,19,98
4,107,99
4,67,100
4,55,101
4,3,102
4,71,103
4,3,104
4,43,105
20488,6,20
9468,3,20
4,36,107
4,27,108
4,3,109
4,99,110
4,51,111
4,27,112
4,39,113
4,75,114
4,39,115
4,43,116
4,78,21
4768,3,20
44,36,117
4,54,28
6828,3,20
16,8,118
4,75,119
4,75,120
4,59,121
4,75,122
4,59,81
28,27,123
4,75,124
4,27,125
4,19,126
4,31,127
4,19,128
4,3,129
4,27,130
4,63,131
4,95,132
4,67,133
4,15,134
4,47,135
4,99,136
4,30,30
1284,4,136
4,19,137
4,15,138
4,63,139
4,31,140
4,63,141
4,11,142
4,23,143
4,51,144
4,31,145
4,55,146
4,7,147
4,15,148
4,63,149
4,3,150
4,27,151
4,55,152
4,19,153
4,31,154
4,31,155
4,115,156
4,3,157
4,71,158
4,23,159
4,31,160
4,35,161
4,19,162
4,7,163
4,19,164
4,38,31
9440,3,20
24,16,165
4,47,166
4,47,167
4,43,168
4,23,169
4,59,170
4,79,171
4,63,172
4,47,173
4,23,174
4,59,175
4,3,176
4,47,177
4,7,178
4,39,179
4,11,180
4,19,181
4,3,182
4,51,183
4,87,184
4,3,185
4,27,186
4,18,1
8500,3,20
16,8,187
4,63,188
4,3,189
4,3,190
4,55,191
4,3,192
4,27,193
4,75,194
4,31,195
4,7,196
4,19,197
4,39,198
4,63,199
4,79,200
4,63,201
4,31,202
4,11,203
4,63,204
4,31,205
4,59,206
4,39,207
4,67,208
4,11,209
4,27,210
4,35,211
4,31,212
4,27,213
4,3,214
4,31,215
4,63,216
4,3,217
4,27,218
4,51,219
4,3,220
4,51,221
4,15,222
4,27,223
4,47,224
4,23,225
4,3,226
4,3,227
4,26,5
6548,4,227
4,31,228
4,51,229
4,63,230
4,67,231
4,55,232
103984,6,20
4,24,234
4,27,235
4,19,236
4,47,237
4,27,238
4,3,239
4,19,240
4,15,241
4,51,242
4,35,243
4,35,244
4,3,245
4,3,246
4,95,247
4,67,248
4,27,249
4,11,250
4,63,251
4,27,252
4,59,254
4,35,255
4,46,21
214759,20,1
4,67,2
4,63,3
21948,3,7
8,6,21
4,28,4
4,35,5
4,26,19
9404,3,21
16,8,6
4,43,7
4,51,8
4,3,9
4,59,10
4,43,11
4,55,12
4,3,13
4,75,14
4,31,15
4,31,16
4,83,232
24,23,17
4,3,18
4,71,19
4,11,20
4,31,21
4,3,22
4,91,23
4,31,24
4,27,25
4,3,26
4,63,27
4,3,28
4,23,29
4,3,30
4,15,31
4,35,32
4,3,33
4,43,34
4,59,35
4,23,36
4,15,37
4,51,38
4,31,39
4,71,40
4,87,41
4,23,42
4,30,15
9876,3,21
24,16,43
4,71,44
4,27,45
4,23,46
4,19,47
4,27,48
4,19,49
4,3,50
4,91,51
4,39,52
4,27,53
4,35,54
4,67,55
4,19,56
4,15,57
4,3,58
4,43,59
4,39,60
4,3,61
4,15,62
4,71,63
4,31,64
4,83,65
4,3,66
4,39,67
4,43,68
4,19,69
4,11,70
4,3,71
4,31,72
4,75,73
4,51,74
4,31,75
4,47,76
4,34,23
4720,3,21
12,4,77
4,19,78
4,95,79
4,15,80
4,27,81
4,27,82
4,63,83
4,31,84
4,47,85
4,71,86
4,18,22
3552,3,21
24,19,21
4,8,87
4,79,88
4,3,89
4,11,90
4,111,91
4,22,16
5656,3,21
28,23,21
4,40,92
4,35,93
4,27,94
4,3,95
4,59,96
4,39,97
4,87,98
4,3,99
4,3,100
4,51,101
4,23,102
4,63,103
4,19,104
4,43,105
151864,6,21
8,3,31
5192,3,21
8,3,21
4,48,106
4,67,107
4,55,108
4,43,109
4,55,110
4,59,111
4,31,112
4,43,113
4,75,114
4,62,6
4652,4,114
4,55,115
4,39,116
4,91,117
4,3,118
4,3,119
4,3,120
4,75,121
4,23,122
4,7,123
4,11,124
4,14,16
3604,4,124
4,15,125
4,51,126
4,3,127
4,103,128
4,31,129
4,3,130
4,35,131
4,51,132
4,59,133
4,83,134
4,59,135
4,15,136
4,91,137
4,3,138
4,55,139
4,59,140
4,26,15
8068,3,21
12,4,141
4,35,142
4,35,143
4,47,144
4,42,3
4172,4,144
4,75,145
4,31,146
4,51,147
17232,3,134
8,3,148
4,19,149
4,31,150
4,7,151
4,27,152
4,35,153
4,43,154
4,3,155
4,63,156
4,11,157
4,67,158
4,35,159
4,39,160
4,59,161
4,43,162
4,27,163
4,23,164
4,23,165
4,27,166
4,19,167
4,35,168
4,7,169
4,31,170
4,15,171
4,67,172
4,35,173
4,27,174
4,35,175
4,55,176
4,95,177
4,47,178
4,71,179
4,51,180
83576,6,21
8,3,21
4,64,181
4,43,182
4,27,183
4,27,184
4,27,185
4,3,186
4,63,187
4,23,188
4,23,189
4,23,190
4,67,191
4,51,192
4,23,193
4,67,194
4,107,195
4,103,196
4,47,197
4,67,198
4,7,199
4,55,200
4,3,201
4,39,202
4,31,203
4,59,204
4,59,205
4,23,206
4,71,207
4,71,208
4,39,209
4,55,210
4,71,211
4,63,212
4,19,213
4,3,214
4,71,215
4,27,216
4,83,217
4,27,218
4,63,219
4,11,220
4,79,221
4,3,222
4,19,223
4,7,224
4,27,225
4,27,226
4,27,227
4,19,228
4,39,229
4,19,230
4,31,231
4,47,233
4,23,234
4,35,235
4,35,236
4,31,237
4,39,238
4,127,239
4,19,240
4,27,241
4,27,242
4,67,243
4,59,244
4,59,245
4,31,246
4,51,247
4,39,248
4,31,249
4,39,250
4,15,251
4,19,252
4,55,253
4,99,254
4,19,255
4,34,22
225247,4,1
4,23,2
4,47,3
4,71,4
4,31,5
4,19,6
4,59,7
4,27,8
4,71,9
4,15,10
4,51,11
4,35,12
4,63,13
4,67,14
4,42,0
5156,3,22
24,16,15
4,3,16
4,31,17
4,79,18
4,43,19
4,43,20
4,11,21
4,23,22
4,59,23
4,19,24
4,51,25
4,7,26
4,83,27
4,27,29
4,75,30
4,55,31
4,43,32
4,31,33
4,15,34
4,63,35
4,11,36
4,55,37
4,31,38
4,27,39
4,23,40
4,31,41
4,35,42
4,127,43
4,35,44
4,35,45
4,3,46
4,59,47
4,34,24
2020,3,22
16,8,48
4,83,49
4,39,50
4,55,51
4,11,52
4,31,53
4,55,54
4,79,55
4,43,56
4,3,57
4,3,58
4,3,59
4,67,60
4,11,61
4,91,62
4,83,63
4,39,64
4,39,65
4,79,66
4,7,67
4,51,68
4,55,69
4,27,70
4,55,71
4,43,72
4,67,73
4,39,74
4,31,75
4,51,76
4,23,77
4,51,78
4,70,21
8556,3,22
40,32,79
4,11,80
4,3,81
4,7,82
4,11,83
4,23,84
4,95,85
4,3,86
4,3,87
4,3,88
4,59,89
4,35,90
4,87,91
4,7,92
4,27,93
4,43,94
4,91,95
4,7,96
4,83,97
4,23,98
4,59,99
4,3,100
4,27,101
4,34,10
182220,4,101
4,39,102
40568,3,161
8,6,22
4,40,103
4,15,104
4,31,105
4,3,106
4,43,107
4,67,108
4,43,109
4,27,110
4,27,111
4,43,112
4,19,113
4,31,114
4,7,115
4,171,116
4,47,117
4,39,118
4,31,119
4,3,120
4,27,121
4,15,122
4,67,123
4,19,124
4,51,125
4,39,126
4,3,127
4,27,128
4,11,129
4,51,130
4,83,131
4,3,132
4,27,133
4,87,134
4,18,21
1344,4,134
4,75,135
4,15,136
4,39,137
4,3,138
4,43,139
4,11,140
4,39,141
4,59,142
4,43,143
4,35,144
4,71,145
4,11,146
4,23,147
4,3,148
114688,6,22
8,3,22
4,60,149
4,7,150
4,27,151
4,51,152
4,63,153
4,35,154
4,27,155
4,35,156
4,7,157
4,31,158
4,31,159
4,111,160
4,3,161
4,35,162
4,19,163
4,31,164
4,55,165
4,67,166
4,39,167
4,35,168
4,63,169
4,27,170
4,3,171
4,15,172
4,27,173
4,38,17
8224,3,22
44,39,22
4,4,174
4,75,175
4,102,8
2540,4,175
11624,3,15
8,3,176
4,51,177
4,59,178
4,7,179
4,11,180
4,59,181
4,43,182
4,3,183
4,63,184
4,3,185
4,11,93
16,15,185
4,7,186
4,3,187
4,67,188
4,3,189
4,71,190
4,7,191
4,14,5
1888,4,191
4,23,192
4,43,193
4,27,194
4,35,195
4,43,196
4,39,197
4,7,198
4,95,199
4,3,200
4,47,201
4,43,202
4,11,203
4,31,204
4,79,205
4,51,206
4,39,207
4,11,208
4,23,209
4,35,210
4,83,211
4,55,212
103868,6,22
4,32,214
4,51,215
4,3,216
4,67,217
4,3,218
4,3,219
4,31,220
4,23,221
4,27,222
4,11,223
4,35,224
4,31,225
4,18,13
2936,4,225
4,7,226
4,11,227
4,59,228
4,71,229
4,3,230
4,23,231
4,23,232
4,19,233
4,15,234
4,43,235
4,55,236
4,79,237
4,27,238
4,22,13
5020,4,238
4,23,239
4,79,240
4,127,241
4,39,242
4,55,243
4,19,244
4,3,245
4,43,246
4,27,247
4,27,248
4,22,12
5288,4,248
4,39,249
4,19,250
4,31,251
4,67,252
4,3,253
4,7,254
4,35,255
4,38,23
235259,8,1
4,59,2
4,3,3
4,23,4
4,3,5
4,23,6
4,7,7
4,6,11
9412,3,23
12,7,23
4,44,8
4,27,9
4,23,10
4,19,11
4,83,12
4,43,13
4,39,14
4,55,15
4,47,16
4,43,17
4,39,18
4,3,19
4,59,20
4,111,21
4,35,22
4,42,8
788,4,23
4,59,24
4,87,25
4,39,26
4,47,27
4,19,28
4,83,29
4,35,30
4,23,31
4,3,32
4,31,33
4,3,34
4,7,35
4,39,36
4,14,4
5948,3,23
20,15,23
10004,3,23
4,80,38
4,95,39
4,3,40
4,27,41
4,107,42
4,83,43
4,63,44
4,59,45
4,71,46
4,59,47
4,63,48
4,95,49
4,35,50
4,35,51
4,23,52
4,31,54
4,19,55
4,31,56
4,27,57
4,71,58
4,11,59
4,71,60
208180,6,23
8,3,23
4,24,61
4,7,62
4,67,63
4,27,64
4,3,65
4,39,66
4,59,67
4,31,68
4,31,69
4,3,70
4,55,71
4,23,72
4,43,73
4,27,74
4,43,75
4,47,76
4,7,77
4,22,10
5272,3,23
9896,3,23
9888,3,23
4,36,80
4,27,81
4,31,82
4,27,83
4,31,84
4,47,85
4,31,86
4,47,87
4,35,88
4,27,89
4,115,90
4,31,91
4,35,92
4,63,93
4,11,94
4,115,95
4,59,96
4,3,97
4,6,17
5252,3,23
12,7,23
4,8,98
4,43,99
4,11,100
4,27,101
4,39,102
4,55,103
4,59,104
4,39,105
4,23,106
4,47,107
4,75,108
4,19,109
4,3,110
4,19,111
4,23,112
4,3,113
4,23,114
4,7,115
4,43,116
4,35,117
4,39,118
4,31,119
4,3,120
115320,6,23
4,44,122
4,31,123
4,39,124
4,103,125
4,63,126
4,95,127
4,7,128
4,43,129
4,47,130
4,3,131
4,3,132
4,51,133
4,35,134
4,67,135
4,59,136
4,31,137
69020,6,23
9892,3,23
4,24,140
4,35,141
4,31,142
4,91,143
4,39,144
4,39,145
4,39,146
4,35,147
4,51,148
4,15,149
4,39,150
4,75,151
4,31,152
4,31,153
4,23,154
4,79,155
4,51,156
4,3,157
4,43,158
4,31,159
4,23,160
4,67,161
4,3,162
4,91,163
4,127,164
4,87,165
4,31,166
4,91,167
4,31,168
4,31,169
4,87,170
4,30,31
3516,4,170
4,35,171
4,43,172
4,19,173
4,91,174
4,23,175
4,43,176
4,11,177
4,35,178
4,34,13
2800,4,178
4,11,179
4,31,180
4,63,181
4,51,182
4,23,183
4,15,184
4,107,185
4,63,186
4,19,187
4,27,188
4,43,189
4,63,190
4,31,191
4,31,192
4,119,193
4,15,194
4,55,195
4,59,196
4,55,197
4,30,30
7332,4,197
4,15,198
4,39,199
4,27,200
4,51,201
4,95,202
4,43,203
4,31,204
4,59,205
4,31,206
4,23,207
4,115,208
4,63,209
4,83,210
4,15,211
4,43,212
4,7,213
4,3,214
4,31,215
4,27,216
4,15,217
4,83,218
4,11,219
4,43,220
4,15,221
4,26,20
9376,3,23
10600,3,23
4,8,223
4,19,224
4,55,225
4,11,226
4,11,227
4,3,228
4,19,229
4,19,230
4,27,231
4,31,232
4,43,233
4,3,234
4,35,235
4,23,236
4,91,237
4,31,238
4,47,239
4,31,240
4,63,241
4,43,242
4,63,243
4,3,244
4,51,245
4,3,246
4,43,247
4,143,248
4,3,249
4,55,250
4,27,251
4,3,252
4,75,253
4,11,254
4,3,255
4,66,24
245703,36,1
4,27,2
4,3,3
4,87,4
4,23,5
4,7,6
4,39,7
4,51,8
4,3,9
4,43,10
4,51,11
4,23,12
4,43,13
4,27,14
4,75,15
4,39,16
4,67,17
4,67,18
4,23,19
4,35,20
4,75,21
4,55,22
4,47,23
4,31,24
4,63,25
4,59,26
4,27,27
4,91,28
4,75,29
4,31,30
4,19,31
4,3,32
4,27,33
4,43,34
4,63,35
4,3,36
4,35,37
4,3,38
4,55,39
4,3,40
4,43,41
4,31,42
4,43,43
4,39,44
4,59,45
4,63,46
4,47,47
4,3,48
4,71,49
4,59,50
4,91,51
4,19,52
4,31,53
4,35,54
4,79,55
4,55,56
4,3,57
4,27,58
4,27,59
4,35,60
4,27,61
4,23,62
4,3,63
4,99,64
4,39,65
4,3,66
4,87,67
4,3,68
4,31,69
4,42,10
216,4,69
4,7,70
4,103,71
4,3,72
4,31,73
4,3,74
4,15,75
4,51,76
4,59,77
4,59,78
4,83,79
4,3,80
4,35,81
4,19,82
4,31,83
4,35,84
4,15,85
4,55,86
4,23,87
4,75,88
4,27,89
4,47,90
4,31,91
4,3,92
4,39,93
4,19,94
4,55,95
4,35,96
4,31,97
4,15,98
4,7,99
4,51,100
4,7,101
4,27,102
4,27,103
4,71,104
4,23,105
4,63,106
4,42,15
3372,4,106
4,95,107
4,3,108
4,63,109
4,39,110
4,15,111
4,3,112
4,47,113
4,67,114
4,35,115
4,42,6
748,4,115
4,11,116
4,35,117
4,3,118
4,3,119
4,31,120
4,31,121
4,31,122
4,35,123
4,3,124
4,23,125
4,51,126
4,63,127
4,3,128
4,23,129
4,27,130
4,11,131
4,31,132
4,47,133
4,19,134
4,75,135
4,31,136
4,3,137
4,51,138
4,11,139
4,3,140
4,19,141
4,27,142
4,31,143
4,39,144
4,39,145
4,3,146
4,91,147
4,19,148
4,39,149
4,31,150
4,3,151
4,83,152
4,23,153
4,27,154
4,35,155
4,75,156
4,83,157
4,15,158
4,23,159
4,47,160
4,75,161
4,63,162
4,47,163
4,18,1
7108,3,24
24,19,24
4,4,164
4,47,165
4,35,166
4,71,167
4,23,168
4,43,169
4,71,170
4,3,171
4,55,172
4,35,173
4,59,174
4,51,175
4,99,176
4,19,177
4,115,178
4,3,179
4,35,180
4,91,181
4,11,182
4,27,183
4,75,184
4,31,185
4,27,186
4,47,187
4,18,16
7288,4,187
4,103,188
4,35,189
4,59,190
4,3,191
4,27,192
4,7,193
4,35,194
4,71,195
4,15,196
4,59,197
4,27,198
4,35,199
4,47,200
4,79,201
4,3,202
4,46,2
3432,4,202
4,7,203
4,11,204
4,3,205
4,3,206
4,14,26
2360,4,206
4,47,207
4,35,208
4,75,209
4,31,210
4,51,211
159228,6,24
8,3,24
4,12,212
4,31,213
4,35,214
4,83,215
4,15,216
4,7,217
4,3,218
4,87,219
4,51,220
4,35,221
4,27,222
4,83,223
4,3,224
4,55,225
4,11,226
4,51,227
4,27,228
4,31,229
4,3,230
4,31,231
4,27,232
4,111,233
4,3,234
4,95,235
4,67,236
4,47,237
4,31,238
4,3,239
4,3,240
4,59,241
4,3,242
4,35,243
4,23,244
4,39,245
4,19,246
4,79,247
4,43,248
4,67,249
4,71,250
4,3,251
4,3,252
28672,6,24
4,116,254
4,31,255
4,38,25
255827,4,1
4,71,2
4,34,3
7904,3,25
36,28,3
4,3,4
46232,6,25
8,3,25
4,92,5
4,31,6
4,19,7
4,31,8
4,26,9
9184,3,25
32,24,9
4,67,10
4,27,11
4,27,12
4,47,13
4,47,14
4,27,15
4,19,16
4,27,17
4,31,18
4,43,19
4,19,20
4,27,21
4,3,22
4,19,23
4,35,24
4,19,25
4,23,26
4,59,27
4,47,28
4,135,29
4,3,30
4,39,31
4,43,32
4,27,33
4,43,34
4,87,35
4,59,36
4,23,37
4,47,38
4,27,39
4,75,40
4,75,41
4,79,42
4,35,43
4,3,44
4,39,45
4,51,46
4,91,47
4,3,48
4,83,49
4,6,10
6660,3,25
12,7,25
4,16,50
4,3,51
4,55,52
4,10,28
7396,3,25
16,11,25
4,80,53
4,75,54
4,67,55
4,3,56
4,35,57
4,3,58
4,3,59
4,3,60
4,35,61
4,7,62
4,127,63
4,3,64
4,99,65
4,3,66
4,11,67
4,47,68
4,35,69
4,67,70
4,11,71
4,27,72
4,35,73
4,3,74
4,15,75
4,23,76
4,83,77
4,15,78
4,3,79
4,35,80
4,7,81
4,7,82
4,3,83
4,3,84
4,99,85
4,3,86
4,67,87
4,43,88
4,91,89
4,39,90
4,19,91
4,11,92
4,11,93
4,47,94
4,111,95
4,11,96
4,35,97
4,3,98
4,7,99
4,10,0
8968,3,25
16,11,25
4,64,100
4,3,101
4,3,102
4,15,103
4,75,104
4,19,105
4,3,106
4,39,107
4,35,108
4,6,9
5536,3,25
12,7,25
4,20,109
4,47,110
4,19,111
4,59,112
4,19,113
4,111,114
4,27,115
4,15,116
4,43,117
4,47,118
4,43,119
4,3,120
4,3,121
4,3,122
4,71,123
4,31,124
4,71,125
4,87,126
4,19,127
4,11,128
4,39,129
4,35,130
4,3,131
4,31,132
4,67,133
4,3,134
4,63,135
4,22,10
81428,4,135
4,51,136
4,7,137
4,47,138
4,67,139
4,59,140
4,31,141
4,91,142
4,19,143
4,3,144
4,3,145
4,91,146
4,11,147
4,23,148
4,63,149
4,51,150
4,55,151
4,51,152
4,15,153
4,55,154
4,43,155
4,3,156
4,27,157
4,55,158
4,23,159
4,31,160
4,23,161
4,3,162
4,55,163
4,7,164
4,3,165
4,6,11
3280,4,165
4,59,166
4,11,167
4,23,168
4,15,169
4,39,170
4,135,171
4,7,172
4,3,173
4,95,174
4,43,175
4,27,176
4,11,177
4,27,178
4,23,179
4,79,180
4,3,181
4,59,182
4,3,183
4,11,184
4,51,185
4,3,186
4,35,187
4,39,188
4,35,189
4,39,190
4,75,191
4,3,192
4,3,193
5084,3,147
8,6,25
4,16,194
4,15,195
4,27,196
4,11,197
4,35,198
4,59,199
4,31,200
4,27,201
4,19,202
4,11,203
4,75,204
4,23,205
4,19,206
4,63,207
4,3,208
4,43,209
4,75,210
4,75,211
4,59,212
4,7,213
4,71,214
4,10,27
5320,4,214
4,19,215
4,51,216
4,3,217
4,43,218
4,31,219
4,39,220
4,79,221
4,3,222
4,51,223
4,7,224
4,83,225
4,7,226
4,87,227
4,127,228
4,35,229
4,31,230
4,34,14
2968,4,230
4,35,231
4,51,232
4,23,233
4,3,234
4,27,235
4,19,236
4,3,237
4,71,238
4,23,239
4,15,240
4,35,241
4,63,242
4,19,243
4,31,244
4,31,245
4,3,246
4,3,247
4,35,248
4,43,249
4,91,250
4,47,251
4,31,252
4,3,253
4,47,254
4,59,255
4,54,26
265579,35,26
9720,3,26
4,104,2
4,35,3
4,3,4
4,91,5
4,23,6
4,47,7
4,59,8
4,51,9
4,23,10
4,11,11
4,59,12
4,71,13
4,27,14
4,63,15
4,27,16
4,55,17
4,47,18
4,47,19
4,43,20
4,23,21
4,43,22
4,39,23
4,91,24
4,47,25
4,23,26
4,23,27
4,3,28
4,43,29
4,127,30
4,59,31
4,67,32
4,23,33
4,23,34
4,91,35
4,99,36
4,43,37
4,3,38
4,27,39
4,19,40
4,7,41
4,63,42
4,27,43
4,23,44
4,3,45
4,26,3
3684,3,26
9776,3,26
9776,3,26
4,48,48
4,23,49
4,3,50
4,15,51
4,3,52
4,3,53
4,55,54
4,39,55
4,3,56
4,103,57
4,3,58
4,3,59
4,39,60
4,3,61
4,31,62
4,35,63
4,47,64
4,10,17
4488,3,26
500,4,65
4,14,9
9080,3,26
16,8,66
4,3,67
4,3,68
4,55,69
4,83,70
4,39,71
4,19,72
4,59,73
4,59,74
4,3,75
4,31,76
4,51,77
4,11,78
4,3,79
4,35,80
4,22,5
8752,3,26
16,8,81
4,43,82
4,55,83
4,47,84
4,75,85
4,35,86
4,67,87
4,3,88
4,67,89
4,31,90
4,74,15
3176,4,90
4,11,91
4,55,92
4,11,93
4,83,94
4,71,95
4,3,96
4,59,97
4,39,98
4,23,99
4,3,100
4,51,101
4,59,102
4,59,103
212888,6,26
4,64,105
4,18,6
1224,4,105
4,47,106
4,11,107
4,31,108
4,27,109
4,75,110
4,11,111
4,47,112
4,7,113
4,3,114
4,83,115
4,47,116
4,3,117
4,83,118
4,3,119
4,35,120
4,3,121
4,43,122
4,35,123
4,87,124
4,39,125
4,35,126
4,19,127
4,43,128
4,19,129
4,59,130
4,23,131
4,87,132
4,15,133
4,43,134
4,71,135
4,79,136
4,79,137
4,6,11
848,4,137
4,43,138
4,3,139
4,27,140
4,23,141
4,7,142
4,15,143
4,19,144
4,39,145
4,39,146
4,43,147
4,27,148
4,3,149
4,3,150
4,59,151
4,18,2
3228,4,151
4,59,152
4,43,153
4,27,154
4,35,155
4,15,156
4,3,157
4,22,29
1164,4,158
4,51,159
4,35,160
4,43,161
4,87,162
4,3,163
4,75,164
4,31,165
4,3,166
4,35,167
4,63,168
4,15,169
4,11,170
4,35,171
4,31,172
4,71,173
4,94,23
8388,3,26
12,4,174
4,39,175
4,103,176
4,35,177
4,43,178
4,23,179
4,47,180
4,27,181
4,27,182
4,27,183
4,7,184
4,3,185
4,55,186
4,3,187
4,31,188
4,19,189
4,11,190
4,15,191
4,99,192
4,3,193
4,51,194
4,15,196
4,63,197
4,3,198
4,10,1
1804,4,198
4,91,199
4,99,200
4,43,201
4,43,202
4,31,203
4,111,204
4,23,205
4,7,206
4,11,207
4,71,208
4,35,209
4,59,210
4,51,211
4,35,212
4,3,213
4,47,214
4,15,215
4,35,216
4,51,217
4,79,218
4,63,219
4,15,220
4,27,221
4,46,24
2624,4,221
4,67,222
4,3,223
4,39,224
4,27,225
4,67,226
4,23,227
4,23,228
4,51,229
4,115,230
4,31,231
4,79,232
4,11,233
4,59,234
4,59,235
4,31,236
4,3,237
4,3,238
4,3,239
4,27,240
4,63,241
4,47,242
4,79,243
4,3,244
4,71,245
4,3,246
4,47,247
4,27,248
4,11,249
4,39,250
4,31,251
4,79,252
4,3,253
4,39,254
4,3,255
4,54,27
275679,4,1
4,71,2
4,31,3
4,42,22
2184,3,27
32,24,4
4,31,5
4,35,6
4,67,7
4,67,8
4,51,9
4,43,10
4,31,11
4,39,12
4,35,13
4,3,14
4,23,15
4,19,16
4,39,17
4,31,18
4,59,19
4,31,20
4,10,5
8904,3,27
16,11,27
4,8,21
4,19,22
4,34,30
9076,3,27
28,20,23
4,58,22
9224,3,27
44,36,24
4,11,25
4,3,26
4,27,27
4,23,28
4,51,29
4,27,30
4,27,31
4,31,32
4,31,33
4,35,34
4,62,5
5416,3,27
16,8,35
4,63,36
4,55,37
4,71,38
4,23,39
4,91,40
4,14,12
1620,4,40
4,35,41
4,47,42
4,23,43
4,19,44
4,43,45
4,3,46
4,19,47
4,75,48
4,43,49
4,43,50
4,55,51
4,3,52
4,11,53
4,3,54
4,63,55
4,39,56
4,59,57
4,39,58
4,67,59
4,47,60
4,10,17
6104,3,27
16,8,61
4,23,62
4,43,63
4,15,64
4,23,65
4,35,66
4,19,67
4,3,68
4,55,69
4,63,70
4,7,71
4,3,72
4,15,73
4,91,74
4,47,75
4,75,76
4,31,77
4,3,78
4,7,79
4,31,80
4,63,81
4,43,82
4,11,83
4,43,84
4,31,85
4,59,86
4,55,87
4,3,88
4,19,89
4,67,90
4,3,91
4,47,92
4,83,93
4,35,94
4,67,95
4,55,96
4,27,97
4,15,98
4,11,99
4,23,100
4,67,101
4,71,102
4,55,103
4,26,19
308,4,103
16680,3,107
20,7,104
4,39,105
4,19,106
4,75,107
4,55,108
4,71,109
4,71,110
4,35,111
4,51,112
4,43,113
4,19,114
4,63,115
4,15,116
4,67,117
4,75,118
4,3,119
4,119,120
4,35,121
4,39,122
4,35,123
4,43,124
4,31,125
4,47,126
4,51,127
4,35,128
116688,6,27
8,3,27
4,20,129
4,19,130
221728,6,0
9796,3,27
12,3,27
4,72,131
4,39,132
4,79,133
4,7,134
4,27,135
4,27,136
4,11,137
4,31,138
4,31,139
4,31,140
4,35,141
4,3,142
4,122,19
5684,4,142
4,3,143
4,51,144
4,51,145
4,3,146
4,31,147
4,47,148
4,55,149
4,75,150
4,55,151
4,31,152
4,67,153
4,35,154
4,3,155
4,3,156
4,51,157
4,3,158
4,11,159
4,35,160
4,7,161
4,43,162
4,71,163
4,11,164
4,23,165
4,67,166
4,43,167
4,11,168
4,3,169
4,7,170
4,23,171
4,47,172
4,3,173
4,47,174
4,59,175
4,31,176
4,3,177
4,15,178
4,63,179
4,67,180
4,35,181
4,3,182
4,75,183
4,46,26
6772,4,183
4,3,184
4,35,185
4,155,186
4,23,187
4,15,188
4,47,189
4,14,30
6828,4,189
4,23,190
4,31,191
4,3,192
4,3,193
4,31,194
4,19,195
4,31,196
4,7,197
4,47,198
4,47,199
4,23,200
4,55,201
4,63,202
4,27,203
4,63,204
4,11,205
4,11,206
4,35,207
4,3,208
4,3,209
4,67,210
4,15,211
4,59,212
4,27,213
4,3,214
4,63,215
4,35,216
4,11,217
4,39,218
4,51,219
4,15,220
4,23,221
4,47,222
4,35,223
4,3,224
4,31,225
4,3,226
4,23,227
4,91,228
4,7,229
4,3,230
4,27,231
4,15,232
4,39,233
4,71,234
4,27,235
4,30,8
2636,4,235
4,7,236
4,3,237
4,39,238
4,91,239
4,43,240
4,63,241
4,23,242
4,51,243
4,27,244
4,83,245
4,31,246
4,15,247
4,3,248
4,51,249
4,35,250
4,35,251
4,11,252
4,23,253
4,23,254
4,63,255
4,10,28
285487,28,1
4,31,2
4,27,3
4,7,4
4,59,5
4,11,6
4,39,7
4,55,8
4,47,9
4,3,10
4,31,11
4,3,12
4,59,13
4,23,14
4,6,1
2024,3,28
12,7,28
4,16,15
4,35,16
4,19,17
4,3,18
4,43,19
4,19,20
4,107,21
4,59,22
4,75,23
4,55,24
4,23,25
4,95,26
4,3,27
4,15,28
4,3,29
4,63,30
4,79,31
4,35,32
4,3,33
4,27,34
4,47,35
4,11,36
4,11,37
4,3,38
4,35,39
4,31,40
4,19,41
4,78,14
3148,3,28
40,32,42
4,75,43
4,35,44
4,155,45
4,3,46
4,31,47
4,59,48
4,19,49
4,23,50
4,59,51
4,59,52
4,35,53
4,31,54
4,55,55
4,14,11
5688,3,28
20,15,28
4,8,56
4,7,57
4,3,58
4,10,10
9384,3,28
16,11,28
4,56,59
4,35,60
4,7,61
4,35,62
4,23,63
4,31,64
4,11,65
4,23,66
4,3,67
4,15,68
4,7,69
4,35,70
4,43,71
4,35,72
4,3,73
4,63,74
4,15,75
4,39,76
4,15,77
4,3,78
4,59,79
4,103,80
4,11,81
4,47,82
4,71,83
4,55,84
4,7,85
4,35,86
4,3,87
4,47,88
4,35,89
4,23,90
4,127,91
4,31,92
4,47,93
4,3,94
4,7,95
4,23,96
4,55,97
4,31,98
4,103,99
4,39,100
4,79,101
4,35,102
4,71,103
4,3,104
4,43,105
4,11,106
4,43,107
4,63,108
4,23,109
4,23,110
4,63,111
4,3,112
4,35,113
4,43,114
4,66,24
3376,4,114
4,31,115
4,75,116
4,43,117
4,7,118
4,43,119
4,15,120
4,27,121
4,15,122
4,91,123
4,35,124
4,3,125
4,51,126
4,35,127
4,27,128
4,51,129
4,15,130
4,35,131
4,47,132
4,3,133
4,55,134
4,3,135
4,51,136
4,51,137
4,6,6
396,4,137
4,23,138
4,19,139
4,47,140
4,3,141
4,19,142
4,31,143
4,3,144
4,3,145
4,23,146
4,43,147
4,63,148
4,15,149
4,35,150
4,15,151
4,95,152
4,35,153
4,31,154
4,111,155
4,71,156
4,15,157
4,3,158
4,23,159
4,3,160
4,3,161
4,31,162
4,23,163
4,55,164
4,27,165
4,39,166
4,3,167
4,11,168
4,59,169
4,3,170
4,3,171
4,7,172
4,59,173
4,51,174
4,82,27
6052,4,174
4,7,175
4,83,176
4,59,177
4,43,178
4,63,179
4,35,180
4,47,181
4,31,182
4,27,183
4,11,184
4,63,185
4,83,186
4,19,187
4,15,188
4,27,189
4,35,190
4,15,191
4,3,192
4,47,193
4,23,194
4,47,195
4,23,196
4,23,197
4,51,198
4,27,199
4,47,200
4,35,201
4,43,202
4,3,203
4,47,204
4,27,205
4,79,206
4,31,207
4,47,208
4,39,209
34352,6,28
7368,4,209
4,19,210
4,55,211
4,35,212
4,59,213
4,35,214
4,79,215
4,19,216
4,63,217
4,23,218
4,107,219
4,27,220
4,3,221
4,55,222
4,22,3
4012,4,222
4,11,223
4,7,224
4,71,225
4,39,226
4,103,227
4,11,228
4,6,27
2940,4,228
4,31,229
4,75,230
4,15,231
4,47,232
4,11,233
4,103,234
4,6,17
5112,4,234
4,31,235
4,11,236
4,67,237
4,3,238
4,39,239
4,35,240
4,3,241
4,7,242
4,31,243
4,55,244
4,27,245
4,11,246
4,51,247
4,23,248
4,19,249
4,15,250
4,23,251
4,35,252
4,35,253
4,31,254
4,7,255
4,26,29
295059,4,1
4,7,2
4,35,3
4,31,4
4,3,5
4,11,6
4,71,7
4,75,8
4,47,9
4,19,10
4,27,11
4,19,8
16,15,12
4,7,13
4,19,14
4,15,15
4,87,16
4,55,17
4,43,18
4,3,19
4,83,20
4,23,21
4,27,22
4,51,23
4,6,23
3020,3,29
12,4,24
4,54,28
8680,3,29
16,8,25
4,3,26
4,3,27
4,23,28
4,3,29
4,43,30
4,59,31
4,115,32
4,71,33
4,7,34
4,11,35
4,27,36
4,103,37
4,39,38
4,3,39
4,3,40
4,31,41
4,31,42
4,67,43
4,23,44
4,7,45
4,63,46
4,51,47
4,19,48
4,67,49
4,7,50
4,26,27
416,4,50
4,23,51
4,7,52
4,63,53
4,71,54
4,83,55
4,103,56
4,15,57
4,23,58
4,31,59
4,3,60
4,35,61
4,87,62
4,15,63
4,27,64
4,39,65
4,103,66
4,87,67
4,3,68
4,27,69
4,47,70
4,19,71
4,15,72
4,107,73
4,15,74
4,59,75
4,51,76
4,31,77
4,31,78
4,19,79
4,51,80
4,7,81
4,23,82
4,43,83
4,59,84
4,87,85
4,23,86
4,31,87
4,3,88
4,3,89
4,11,90
4,47,91
4,51,92
4,27,93
4,51,94
4,11,95
4,15,96
294324,6,29
4,124,98
4,23,99
4,31,100
4,91,101
4,43,102
4,62,0
9004,3,29
9688,3,29
9648,3,29
9640,3,29
9600,3,29
9540,3,29
202216,4,194
12,10,29
4,68,108
4,35,109
4,15,110
4,15,111
4,55,112
4,35,113
4,63,114
4,3,115
4,27,116
4,23,117
4,19,118
4,15,119
4,3,120
4,51,121
4,39,122
4,51,123
4,51,124
4,31,125
4,63,126
4,43,127
4,19,128
4,51,129
4,31,130
4,38,16
4064,4,130
4,7,131
4,35,132
4,27,133
4,67,134
4,163,135
4,27,136
4,71,137
4,35,138
4,23,139
4,67,140
4,23,141
4,3,142
4,11,143
4,43,144
4,67,145
4,3,146
4,3,147
4,75,148
4,31,149
4,3,150
4,123,151
4,7,152
4,19,153
4,63,154
4,30,17
7504,3,29
12,4,155
4,47,156
4,47,157
4,35,158
4,15,159
4,47,160
4,91,161
4,135,162
4,51,163
4,7,164
4,35,165
4,11,166
4,19,167
4,23,168
4,43,169
4,3,170
4,23,171
4,43,172
4,7,173
4,35,174
4,3,175
4,3,176
4,3,177
4,59,178
4,43,179
4,79,180
4,51,181
4,51,182
272696,6,29
8,3,29
4,24,183
4,23,184
4,67,185
4,63,186
4,19,187
4,51,188
4,18,4
1364,4,188
4,6,15
1956,4,188
4,31,189
4,27,190
4,119,191
4,47,192
4,31,193
4,15,194
4,107,195
4,3,196
4,23,197
4,3,198
4,47,199
4,59,200
4,11,201
4,47,202
4,3,203
4,27,204
4,31,205
4,3,206
4,31,207
4,23,208
4,31,209
4,19,210
4,14,11
6716,4,210
4,35,211
4,35,212
4,7,213
4,59,214
4,15,215
4,43,216
4,3,217
4,19,218
4,31,219
177992,6,29
8,3,29
4,48,220
4,10,11
6064,4,220
4,15,221
4,75,222
4,39,223
4,47,224
4,3,225
4,55,226
4,23,227
4,26,14
274368,4,227
4,3,228
4,35,229
4,3,230
4,95,231
4,3,232
4,3,233
4,3,234
50852,6,29
8,3,29
4,28,235
4,39,236
4,39,237
4,63,238
4,7,239
4,11,240
4,15,241
4,51,242
4,51,243
4,11,244
4,35,245
4,59,246
4,3,247
4,47,248
4,3,249
4,31,250
4,3,251
4,59,252
4,35,253
4,31,254
4,3,255
4,38,30
304643,16,1
4,75,2
4,55,3
4,35,4
4,35,5
4,7,6
4,95,7
4,39,8
4,103,9
4,87,10
4,15,11
4,23,12
4,15,13
4,23,14
4,35,15
4,3,16
4,47,17
4,3,18
4,47,19
4,87,20
4,15,21
4,67,22
4,7,23
4,99,24
4,95,25
4,63,26
4,67,27
4,3,28
4,59,29
4,55,30
4,99,31
4,55,32
4,51,33
4,3,34
4,23,35
4,23,36
4,99,37
4,59,38
4,47,39
4,91,40
4,51,41
4,67,42
4,27,43
4,75,44
4,30,29
208,4,44
4,11,45
4,15,46
4,79,47
4,7,48
4,11,49
4,19,50
4,15,51
4,19,52
4,31,53
4,23,54
4,3,55
4,55,56
4,23,57
4,27,58
4,11,59
4,67,60
4,91,61
4,3,62
4,43,63
4,55,64
4,79,65
4,63,66
4,43,67
4,35,68
4,35,69
4,15,70
4,3,71
4,39,72
4,43,73
4,55,74
4,39,75
4,6,21
4928,3,30
12,7,30
4,20,76
4,23,77
4,75,78
4,47,79
4,31,80
4,35,81
4,3,82
4,7,83
4,31,84
4,63,85
4,75,86
4,23,87
4,59,88
4,18,23
20,19,30
4,4,89
4,3,90
4,103,91
4,47,92
4,27,93
4,39,94
4,27,95
4,3,96
4,63,97
4,35,98
4,31,99
4,35,100
4,35,101
4,35,102
4,31,103
4,35,104
4,55,105
4,15,106
4,11,107
4,59,108
4,23,109
4,3,110
4,59,111
4,91,112
4,63,113
4,11,114
150496,6,30
4,52,116
4,23,117
4,31,118
4,3,119
4,23,120
4,11,121
4,35,122
4,31,123
4,19,124
4,63,125
4,59,126
4,43,127
4,3,128
4,19,129
4,99,130
4,19,131
4,10,4
8876,3,30
16,11,30
4,16,132
4,51,133
4,31,134
4,35,135
4,27,136
4,47,137
4,19,138
4,71,139
4,3,140
4,23,141
4,23,142
4,103,143
4,31,144
4,15,145
4,3,146
4,71,147
4,47,148
4,51,149
4,11,150
4,3,151
4,3,152
4,67,153
4,115,154
4,3,155
4,15,156
4,3,157
4,47,158
4,35,159
4,3,160
4,3,161
4,3,162
4,47,163
4,43,164
4,11,165
4,3,166
4,55,167
4,79,168
4,3,169
4,3,170
4,39,171
4,3,172
4,23,173
4,79,174
4,35,175
4,15,176
4,19,177
4,23,178
4,43,179
4,3,180
4,23,181
4,55,182
4,11,183
201620,6,30
8,3,30
4,88,184
4,27,185
4,59,186
4,47,187
4,3,188
4,115,189
4,3,190
4,3,191
4,35,192
4,95,193
4,59,194
4,35,195
4,27,196
4,3,197
4,35,198
4,3,199
4,35,200
4,35,201
4,54,2
5496,4,202
4,134,10
4396,4,202
4,27,203
4,14,21
8560,3,30
20,15,30
4,12,204
4,27,205
4,51,206
4,19,207
4,39,208
4,19,209
4,47,210
4,3,211
4,15,212
4,11,213
4,18,4
1912,4,213
4,3,214
4,67,215
4,59,216
4,35,217
4,35,218
4,87,219
4,83,220
4,31,221
4,75,222
4,15,223
4,19,224
4,155,225
4,3,226
4,18,1
1880,4,226
4,59,227
4,83,228
4,35,229
4,83,230
4,91,231
4,11,232
4,31,233
4,83,234
4,23,235
4,91,236
4,51,237
4,11,238
4,99,239
4,31,240
4,30,21
4440,4,240
4,47,241
4,23,242
4,75,243
4,35,244
4,27,245
4,3,246
4,3,247
4,103,248
4,31,249
4,3,250
4,34,15
2276,4,251
4,30,2
364,4,251
4,3,252
4,27,253
4,3,254
4,47,255
4,10,31
315043,11,31
4,12,1
4,7,2
4,59,3
4,3,4
4,23,5
4,83,6
4,75,7
4,59,8
4,23,9
4,14,17
3068,3,31
20,15,31
4,40,10
4,19,11
4,11,12
4,63,13
4,75,14
4,7,15
4,27,16
4,15,17
4,3,18
4,43,19
4,3,20
4,63,21
4,27,22
4,7,23
4,7,24
4,75,25
4,79,26
4,3,27
4,63,28
4,11,29
4,31,30
4,43,31
4,3,32
4,47,33
4,47,34
4,3,35
4,31,36
4,87,37
4,7,38
4,3,39
4,87,40
4,27,41
4,83,42
4,63,43
4,31,44
4,3,45
4,67,46
4,27,47
4,83,48
4,67,49
4,31,50
4,35,51
4,63,52
4,15,53
4,31,54
4,35,55
4,19,56
4,39,57
4,31,58
4,35,59
4,3,60
4,79,61
315444,6,31
4,64,63
4,42,15
7292,3,31
48,40,64
4,3,65
4,59,66
4,67,67
4,47,68
4,47,69
4,63,70
4,71,71
4,19,72
4,23,73
4,3,74
4,11,75
4,63,76
4,59,77
4,3,78
4,11,79
4,27,80
4,3,81
4,67,82
263884,6,31
4,24,84
4,15,85
4,7,86
4,31,87
4,6,19
2456,4,87
4,75,88
4,63,89
4,115,90
4,35,91
4,63,92
4,31,93
4,35,94
4,39,95
4,35,96
4,35,97
4,3,98
4,3,99
4,15,100
4,39,101
4,3,102
4,23,103
4,7,104
4,38,15
6056,3,31
40,32,105
4,83,106
4,51,107
4,79,108
4,131,109
4,39,110
4,3,111
4,23,112
4,26,24
8304,3,31
20,12,113
4,3,114
4,51,115
4,31,116
4,43,117
4,15,118
4,15,119
4,47,120
4,51,121
4,43,122
4,71,123
4,87,124
4,51,125
4,3,126
4,79,127
4,55,128
4,11,129
4,47,130
4,15,131
4,7,132
4,71,133
4,23,134
4,59,135
4,3,136
4,3,137
4,3,138
4,35,139
4,15,140
4,3,141
4,3,142
4,3,143
4,31,144
4,3,145
4,3,146
4,11,147
4,55,148
4,87,149
4,27,150
4,15,151
4,43,152
4,43,153
4,38,29
8512,3,31
28,20,154
4,39,155
4,95,156
4,3,157
4,59,158
4,51,159
4,67,160
4,103,161
4,3,162
4,23,163
4,7,164
4,39,165
4,83,166
4,11,167
4,3,168
4,35,169
4,67,170
4,39,171
4,3,172
4,51,173
4,39,174
4,71,175
4,51,176
4,3,177
4,27,178
4,35,179
4,11,180
4,79,181
4,67,182
4,23,183
4,3,184
4,63,185
4,35,186
4,83,187
4,31,188
4,47,189
4,47,190
4,39,191
4,71,192
4,83,193
4,35,194
4,71,195
4,55,196
4,59,197
4,35,198
4,23,199
4,63,200
4,39,201
4,19,202
4,43,203
4,43,204
4,7,205
4,35,206
4,43,207
4,3,208
4,3,209
4,43,210
4,47,211
4,27,212
4,19,213
4,3,214
4,47,215
4,27,216
4,3,217
4,15,218
4,39,219
4,14,24
2168,4,219
4,11,220
4,67,221
4,59,222
4,27,223
4,11,224
4,43,225
4,107,226
4,55,227
4,27,228
4,63,229
4,11,230
4,19,231
4,67,232
4,3,233
4,67,234
4,46,11
3664,4,234
4,15,235
4,3,236
4,35,237
4,35,238
4,35,239
4,18,12
688,4,239
4,11,240
4,3,242
4,39,243
4,23,244
4,59,245
4,43,246
4,71,247
4,18,2
8200,4,247
4,75,248
4,47,249
4,51,250
4,47,251
4,7,252
4,31,253
4,51,254
4,14,16
149380,4,3
37348,6,24
35520,4,29
151716,6,14
123124,4,44
34204,6,7
141056,7,23
1536,4,180
34316,6,20
34924,4,207
187016,6,28
59204,4,93
43240,6,15
185320,4,108
8504,6,28
68168,4,2
156484,6,10
249500,4,64
12140,6,26
224816,4,42
37588,6,17
58068,4,181
156804,6,27
219920,4,179
624,6,6
122340,4,5
167172,6,23
225796,4,80
78360,6,11
86960,4,147
33444,6,15
2960,4,134
173740,6,26
69636,4,131
133088,6,15
12836,4,123
98032,6,24
139304,4,98
178496,6,19
47112,4,112
273624,6,20
101588,4,195
172472,6,20
243348,4,221
45756,6,26
219304,4,20
111568,6,31
229160,4,29
86308,6,16
12324,4,39
26444,6,11
144948,4,63
168452,7,78
254576,6,4
40592,4,101
121668,6,27
195152,4,64
205128,6,29
156652,4,164
285776,6,21
220844,4,89
144392,7,143
101076,6,23
21216,4,89
2532,6,29
180904,4,156
282516,6,28
112340,4,102
157636,6,18
20648,4,190
201724,6,25
47728,4,100
21132,6,21
14652,4,214
52000,6,7
13040,4,148
66364,6,29
213136,4,186
14456,6,4
53584,4,151
51128,6,27
45028,4,133
63952,6,19
184976,4,107
86452,6,27
117440,4,57
1856,6,19
380,3,17
124,4,113
288456,6,18
21440,4,16
224152,6,27
232540,4,9
172216,6,21
24192,4,190
170628,6,28
9676,3,15
9952,4,62
135460,6,21
41696,4,111
20776,6,21
141008,4,33
232,3,53
9064,6,25
12760,4,224
24676,6,0
33904,4,231
52756,6,22
50616,4,229
177444,6,19
102796,4,44
125308,6,27
148036,4,254
42348,6,25
119612,4,125
81000,6,26
85808,4,154
684,6,25
206844,4,63
189440,6,26
62588,4,159
127264,7,135
116,3,255
