0,0,0
1,2,98
4,3,6
3,2,2
0,0,121
4,2,1
0,0,82
12,3,99
4,3,18
4,3,158
16,3,162
24,3,51
4,3,67
16,3,193
8,3,192
8,3,228
24,3,158
52,6,0
0,0,59
12,3,27
8,3,56
4,3,106
16,6,0
0,0,230
40,3,105
24,3,148
12,3,0
1,102,2
0,0,184
5,3,1
4,111,2
4,3,3
4,31,4
4,43,5
4,59,6
4,111,7
4,75,8
4,11,9
4,11,10
4,87,11
4,31,12
4,15,13
4,27,83
32,31,13
4,31,14
4,43,15
4,47,16
4,51,17
4,91,18
4,71,19
4,35,20
4,3,21
4,27,22
4,15,23
4,67,24
4,59,25
4,27,26
4,43,27
4,31,28
4,3,29
4,75,30
4,23,31
4,26,1
0,0,42
20,15,32
4,11,33
4,55,34
4,27,35
4,19,36
4,23,37
4,23,38
4,83,39
4,19,40
4,31,41
4,23,42
4,35,43
380,3,111
8,6,0
4,28,44
4,43,45
4,43,46
4,35,47
4,67,48
4,43,49
4,59,50
4,51,51
4,27,52
4,7,53
4,11,54
4,47,55
4,55,56
4,43,57
4,31,58
2568,7,59
4,27,60
4,87,61
4,23,62
4,3,63
4,55,64
4,47,65
4,63,66
4,127,67
4,39,68
4,23,69
4,3,70
4,55,71
4,7,72
4,55,73
4,23,74
4,71,75
4,43,76
4,19,77
4,51,78
4,7,79
4,27,80
4,27,81
4,51,82
4,10,2
0,0,87
16,14,0
4,8,83
4,31,84
4,7,85
4,59,86
4,3,87
4,59,88
4,35,89
4,87,90
4,39,91
4,35,92
4,43,93
4,3,94
4,99,95
4,47,96
4,18,1
0,0,136
24,22,0
4,84,97
4,23,98
4,23,99
4,31,89
8,6,1
4104,4,99
4,19,100
4,23,101
4,3,102
4,7,103
4,103,104
4,35,105
4,27,106
4,59,107
4,59,108
4,43,109
4,31,110
4,27,111
4,3,112
4,71,113
4,39,114
4,11,116
4,103,117
4,47,118
4,87,119
4,3,120
4,27,121
4,19,122
4,11,123
4,55,124
4,51,125
4,31,126
4,47,127
4,55,128
4,91,129
4,43,130
4,63,131
4,35,132
4,67,133
4,39,134
4,39,135
4,15,136
4,23,137
4,43,138
4,75,139
4,19,140
4,59,141
4,15,142
4,7,143
4,19,144
4,107,145
4,22,2
420,4,146
4,43,147
4,7,148
4,19,149
4,3,150
6083,3,68
8,6,0
4,48,151
4,3,152
4,19,153
4,19,154
4,43,155
4,15,156
4,11,157
4,27,158
4,91,159
4,19,160
4,63,161
4,19,162
4,55,163
4,15,164
4,59,165
4,47,166
4,23,167
4,75,168
4,7,169
4,87,170
4,27,171
4,27,172
4,11,173
4,87,174
4,3,175
4,31,176
4,3,177
4,39,178
4,3,179
4,87,180
4,15,181
4,7,182
4,3,183
4,3,184
4,35,185
4,23,186
1196,3,216
8,6,0
4,24,187
4,67,188
4,3,189
4,19,190
4,35,191
4,83,192
7832,6,0
4,24,194
4,3,195
4,47,196
4,3,197
4,31,198
4,51,199
4,39,200
4,3,201
4,11,202
4,23,203
4,39,204
4,51,205
4,31,206
4,35,207
4,23,208
4,87,209
4,31,210
4,59,211
4,23,212
4,3,213
4,11,214
4,111,215
4,7,216
4,67,217
4,31,218
4,3,219
4,35,220
4,35,221
4,87,222
4,27,223
4,3,224
4,59,225
4,55,226
4,95,227
4,63,228
4,27,229
4,59,230
4,47,229
12,11,231
4,27,232
4,27,233
4,3,234
4,47,235
4,67,236
4,63,237
4,59,238
4,79,239
4,11,240
4,27,94
8,7,241
4,35,242
4,87,243
4,95,244
4,55,245
4,11,246
4,3,247
4,3,248
4,78,1
5704,4,248
4,23,249
4,3,250
4,23,251
4,7,252
4,3,253
4,55,254
4,107,255
4,46,1
10155,16,1
6052,6,1
4,76,3
4,35,4
4,3,5
4,3,6
4,3,7
4,59,8
4,7,9
4,3,10
4,11,11
8860,6,1
8,3,1
4,24,12
4,63,13
4,23,14
4,15,15
4,7,16
4,3,17
4,11,18
4,39,19
4,35,20
4,91,21
4,35,22
4,31,23
4,3,24
4,3,25
4,27,26
4,23,28
4,123,29
4,31,30
4,83,31
4,3,32
4,27,33
4,47,34
4,10,4
592,4,34
4,7,35
4,3,36
4,23,37
4,63,38
4,35,39
4,31,40
4,27,41
4,51,42
4,59,43
4,23,44
4,27,45
4,51,46
4,27,47
4,23,48
4,59,49
4,31,50
4,3,51
4,43,52
4,3,53
4,3,54
4,83,55
4,87,56
4,27,57
4,19,58
4,63,59
4,67,60
4,3,61
4,71,62
4,23,63
4,3,64
4,31,65
4,19,66
4,46,3
6904,3,1
36,28,67
4,83,68
4,31,69
4,87,70
4,35,71
4,55,72
4,31,73
4,35,74
4,39,75
4,3,76
4,3,77
4,75,78
4,30,0
1588,4,78
4,35,79
4,75,80
4,31,81
4,11,82
4,11,83
4,7,84
4,43,85
4,7,86
4,27,87
4,39,88
4,31,89
4,75,90
4,39,91
4,87,92
4,7,93
4,35,94
4,47,95
4,7,96
4,23,97
4,19,98
4,51,99
4,3,100
3768,6,1
4,28,102
4,55,103
4,31,104
4,3,105
4,31,106
4,51,107
4,91,108
4,43,109
4,15,110
12272,6,1
4,20,112
4,15,113
4,31,114
4,23,115
4,51,116
4,79,117
4,14,3
692,4,117
4,27,118
4,23,119
4,3,120
4,35,121
4,6,3
3972,4,121
4,31,122
4,35,123
4,59,124
4,47,125
4,43,126
4,55,127
4,59,128
4,67,129
4,15,130
4,11,131
4,99,132
4,3,133
4,27,134
4,27,135
4,75,136
4,47,137
4,31,138
4,15,139
4,75,140
4,6,2
8148,3,1
12,7,1
9332,3,1
9328,3,1
4,16,143
4,19,144
4,15,145
4,11,146
4,79,147
4,27,148
4,3,149
4,23,150
4,3,151
4,3,152
4,3,153
4,15,154
4,67,155
4,19,156
4,75,157
4,39,158
4,35,159
4,27,160
4,23,161
4,19,162
4,19,163
4,47,164
4,63,165
4,39,166
4,15,167
4,27,168
4,39,169
4,11,170
4,75,171
4,47,172
4,23,173
4,43,174
4,51,175
4,43,176
4,3,177
4,47,178
4,31,179
4,59,135
20,19,180
4,35,181
4,51,182
4,31,183
4,70,2
4536,4,184
4,35,185
4,59,186
4,3,187
4,31,188
4,31,189
4,15,190
4,71,191
4,23,192
4,35,193
4,31,194
4,59,195
4,39,196
4,27,197
4,39,198
4,43,199
4,35,200
4,31,201
4,15,202
4,79,203
4,31,204
4,27,205
4,43,206
4,3,207
4,3,208
4,3,209
4,39,210
4,95,211
4,39,212
4,54,2
2832,4,212
4,19,213
4,58,3
324,4,213
4,43,214
4,59,215
4,3,216
4,55,217
4,3,218
4,63,219
4,7,220
4,35,221
4,23,222
4,63,223
4,63,224
4,3,225
4,59,226
4,7,227
4,67,228
4,31,229
4,55,230
4,75,231
4,87,232
4,3,233
4,11,234
4,31,235
4,15,236
4,19,237
4,3,238
4,15,239
4,3,240
4,71,241
4,51,242
4,19,243
4,11,244
4,3,245
4,14,2
3748,4,245
4,19,246
4,79,247
4,7,248
4,7,249
4,47,250
4,63,251
4,7,252
4,43,253
4,71,254
4,35,255
4,22,0
5208,4,255
4,30,2
19379,7,2
4,16,1
4,27,2
4,31,3
4,63,4
4,11,5
4,75,6
4,19,7
4,3,8
4,23,9
4,75,10
4,55,11
4,91,12
4,43,13
4,3,14
4,39,15
4,34,3
6904,3,2
24,16,16
4,43,17
4,47,18
4,55,19
4,19,20
4,59,21
4,35,22
4,27,23
4,55,24
4,71,25
4,87,26
4,15,27
4,67,28
4,15,29
4,39,30
4,15,31
4,23,32
4,67,33
4,63,34
4,47,35
4,3,36
4,27,37
4,43,38
4,11,39
4,67,40
4,3,41
4,35,42
4,27,43
4,3,44
4,35,45
4,3,46
4,71,47
4,23,48
4,15,49
4,11,50
4,35,51
4,19,52
4,39,53
4,19,54
4,67,55
4,91,56
4,43,57
4,55,58
4,107,59
4,67,60
4,87,61
4,55,62
4,51,63
4,6,0
2412,4,63
4,39,64
4,3,65
4,35,66
4,11,67
4,67,68
4,15,69
4,27,70
4,31,71
4,47,72
4,10,3
9348,3,2
16,11,2
4,8,73
4,19,74
4,59,75
4,55,76
4,67,77
4,3,78
4,31,79
4,51,80
4,31,81
4,63,82
4,42,3
5360,3,2
32,24,83
4,14,3
23076,4,84
4,47,85
4,55,86
4,71,87
4,59,88
4,23,89
4,31,90
4,47,91
4,19,92
4,23,93
4,107,94
4,59,95
4,6,5
3120,4,95
4,3,96
4,23,97
4,63,98
4,15,99
4,31,100
15480,6,2
8,3,2
4,80,101
4,59,102
4,3,103
4,15,104
4,23,105
4,39,106
4,3,107
4,39,108
4,67,109
4,51,110
4,55,111
4,31,112
4,11,113
4,27,114
4,3,115
4,67,116
4,39,117
4,35,118
4,71,119
4,11,120
4,35,121
4,47,122
4,63,123
4,18,1
1400,4,123
4,78,0
3948,4,124
4,75,125
4,15,126
4,31,127
4,51,128
4,39,129
4,42,5
5308,4,129
4,7,130
4,63,131
4,27,132
4,34,3
9556,3,2
19440,4,232
36,23,133
4,39,134
4,75,135
4,35,136
4,31,137
4,95,138
4,23,139
4,31,140
4,47,141
4,7,142
4,51,143
4,3,144
4,3,145
4,55,146
4,35,147
4,3,148
4,31,149
4,63,150
4,11,151
4,83,152
4,91,153
4,23,154
4,7,155
4,3,156
4,71,5
56,55,157
4,55,158
4,15,159
4,11,160
4,43,161
4,75,162
4,15,70
20,19,162
4,75,163
4,39,164
4,51,165
4,71,166
4,15,167
4,3,168
4,63,169
4,51,170
4,3,171
2584,7,171
4,10,3
4136,4,171
4,75,172
4,35,173
4,127,174
4,47,175
4,123,176
4,55,177
4,35,178
4,27,179
4,55,180
4,39,181
4,51,182
6880,7,182
4,59,183
4,11,126
16,15,183
4,31,184
4,31,185
4,22,3
3948,4,185
4,23,186
4,7,160
12,11,186
4,59,187
4,3,188
4,3,189
4,3,190
4,43,191
4,7,192
4,59,193
4,7,194
4,71,195
4,3,196
4,19,197
4,79,198
4,3,199
4,47,200
4,71,201
4,35,202
4,14,3
4020,4,202
4,35,203
4,19,204
4,23,205
4,27,206
4,35,207
4,7,208
4,43,209
4,55,210
4,31,211
4,3,212
4,23,213
4,83,214
4,3,215
4,23,216
4,55,217
4,71,218
4,47,219
4,3,220
4,31,221
4,15,222
4,3,223
4,51,224
4,15,225
4,3,226
4,22,5
2544,4,227
4,59,228
4,51,229
4,19,230
4,14,1
4076,4,231
4,35,232
4,35,233
952,7,233
4,11,234
4,22,0
8452,4,234
4,39,235
4,39,236
4,47,237
4,27,238
4,15,239
4,11,240
4,7,241
4,38,1
5924,4,241
4,11,242
4,71,243
4,51,244
4,35,245
4,47,246
4,87,247
4,3,248
4,47,249
4,47,250
4,67,251
4,23,252
4,3,253
4,7,254
4,3,255
29879,34,3
4,20,1
4,15,2
4,35,3
4,26,4
9120,3,3
19748,4,242
8,6,3
4,68,5
26932,6,3
8,3,3
4,12,6
4,39,7
4,62,5
7844,3,3
24,16,8
4,15,9
4,23,10
4,6,5
6512,3,3
12,7,3
4,12,11
4,35,12
4,31,13
4,3,14
4,31,15
4,3,16
4,39,17
3836,6,3
10304,3,3
4,24,19
4,15,20
4,71,21
4,31,22
4,11,23
4,3,24
4,3,25
4,75,26
19316,6,3
6164,3,3
4,32,28
4,15,29
4,123,30
4,19,31
4,31,32
4,59,33
4,35,34
4,19,35
4,39,36
4,27,37
4,3,38
4,39,39
4,31,40
4,7,41
4,51,42
4,31,43
4,39,44
4,119,45
4,3,46
4,55,47
4,39,48
4,3,49
4,3,50
4,10,4
6688,3,3
16,11,3
4,8,51
4,6,4
6508,3,3
12,7,3
4,20,52
4,35,53
4,63,54
4,35,55
4,7,56
4,23,31
16,15,57
4,103,58
4,3,59
4,15,60
4,15,61
4,3,62
4,23,63
4,51,248
40,39,64
4,23,65
4,3,66
4,35,67
4,83,68
4,135,69
4,111,70
4,11,71
4,75,72
4,43,73
4,19,74
4,39,75
4,51,76
4,43,77
4,27,78
4,91,79
4,10,5
5292,3,3
16,11,3
10240,3,3
10180,3,3
10140,4,83
4,15,84
4,107,85
4,7,86
4,11,87
4,23,88
4,51,89
4,79,90
4,55,91
4,47,92
4,19,93
4,71,94
4,39,95
4,87,96
4,47,97
4,51,98
4,3,99
4,55,100
4,11,101
4,51,102
4,107,103
4,59,104
4,19,105
4,71,106
4,22,6
992,4,107
4,47,108
4,63,109
4,35,110
4,59,111
4,47,112
4,35,113
4,79,114
4,3,115
4,3,116
4,83,117
4,34,5
2456,4,118
4,3,119
4,42,5
9988,3,3
16,8,120
4,35,121
4,63,122
4,50,4
1132,4,122
4,7,123
4,3,124
4,7,125
4,147,126
4,59,127
4,3,128
4,11,129
22712,6,3
4,148,131
4,71,132
4,43,133
4,47,134
4,63,135
4,3,136
4,27,137
4,31,138
4,23,139
4,75,140
4,3,141
4,39,142
4,35,143
4,63,144
4,7,145
4,47,146
4,19,147
4,23,148
4,18,5
9992,3,3
20,12,149
4,35,150
4,47,151
4,83,152
4,11,153
4,119,154
4,11,155
4,3,156
4,39,157
4,59,158
4,27,159
4,63,160
4,23,161
4,75,162
4,3,163
4,91,164
4,63,165
4,35,166
4,79,167
4,87,168
4,42,4
4908,4,168
40,35,102
40,35,169
4,11,170
4,3,171
4,51,172
4,59,173
4,59,174
4,3,175
4,43,176
4,22,6
6868,4,176
4,23,177
4,3,178
4,3,179
4,51,180
4,27,181
4,31,182
4,23,183
4,3,184
4,43,185
4,55,186
4,127,187
4,67,188
4,23,189
4,27,190
4,51,191
4,83,192
4,47,193
4,47,194
4,75,195
4,11,196
4,3,197
4,27,198
4,19,199
4,107,200
4,75,201
4,10,6
2508,4,201
4,27,202
4,19,203
4,31,204
4,15,205
10684,6,3
8,3,3
4,32,206
20644,6,3
4,28,208
4,63,209
4,75,210
4,51,211
4,3,212
4,19,228
24,23,212
4,27,213
4,11,214
4,43,215
31508,6,3
4,52,217
4,75,218
4,3,219
4,67,220
4,71,221
4,3,222
4,43,223
21932,6,3
10332,3,3
4,40,225
4,91,226
4,35,227
620,7,228
4,39,229
16532,6,3
4,36,231
4,47,232
4,23,233
4,55,234
4,23,235
4,31,236
4,3,237
4,19,238
4,27,239
4,14,2
3000,4,239
4,31,240
4,55,83
12,11,241
4,67,242
4,67,243
4,3,244
4,30,6
7828,4,244
4,3,245
4,11,246
4,3,247
4,55,248
4,19,249
4,35,250
4,23,251
4,35,252
4,67,253
4,39,63
4,3,254
4,59,255
40243,7,1
4,3,2
4,3,3
4,63,4
4,39,5
4,3,6
4,31,7
4,27,8
4,19,9
4,39,10
4,11,11
4,47,12
4,23,13
4,3,14
4,31,15
4,39,16
4,47,17
4,23,18
4,23,19
4,59,20
4,99,21
4,95,22
4,75,23
4,11,24
4,31,25
4,3,26
4,30,2
1124,3,4
36,31,4
10500,3,4
4,60,28
4,55,29
4,31,30
4,111,31
4,35,32
4,31,33
4,135,34
4,35,35
4,23,36
4,67,37
4,35,38
4,43,39
4,79,40
4,39,41
4,3,42
4,11,43
4,67,44
4,159,45
4,51,46
4,39,47
4,26,2
9484,3,4
16,8,48
4,71,49
4,27,50
4,71,51
4,23,52
4,55,53
4,11,54
4,31,55
4,47,56
4,35,57
4,23,58
4,3,59
4,27,60
4,7,61
4,87,62
4,23,63
4,63,64
4,43,65
4,11,66
4,18,1
3052,3,4
24,19,4
4,20,67
4,3,68
4,87,70
4,11,71
4,19,72
4,83,73
4,75,74
4,23,75
4,38,1
6132,3,4
12,4,76
4,3,77
4,91,78
4,51,79
4,3,80
4,27,81
4,15,82
4,6,6
10000,3,4
12,7,4
4,20,83
4,103,84
4,51,85
4,55,86
4,95,87
4,51,88
4,34,5
9588,3,4
40,35,4
4,8,89
4,23,90
4,87,91
4,31,92
4,59,93
4,3,94
4,35,95
4,38,5
9068,3,4
32,24,96
4,51,97
4,39,98
4,15,99
4,67,100
4,3,101
4,15,102
4,99,103
4,51,104
4,83,105
4,67,106
4,47,107
4,63,108
4,3,109
4,35,110
4,59,111
4,30,7
1144,4,112
4,31,113
4,43,114
4,59,115
4,23,116
4,39,117
4,107,118
4,3,119
4,15,120
4,35,121
4,59,122
4,107,123
4,43,124
4,15,125
4,3,126
4,43,127
4,35,128
4,7,129
4,47,130
4,23,131
4,31,132
4,27,133
14468,6,4
4,60,135
4,31,136
4,31,137
4,47,138
4,59,139
4,3,140
4,31,141
4,15,142
4,51,143
4,19,144
4,3,145
4,35,146
4,31,147
4,31,148
4,67,149
4,27,150
4,67,151
4,39,152
4,11,153
4,3,154
4,31,155
4,75,156
4,3,157
4,55,158
4,63,159
4,3,160
4,22,6
6712,4,160
4,3,161
4,23,162
4,38,3
488,4,162
16884,6,4
48,32,163
4,35,164
4,55,165
4,23,166
4,7,167
4,31,168
4,43,169
15380,6,4
8,3,4
4,32,170
4,3,171
4,127,172
4,43,173
4,67,174
4,27,175
4,23,176
4,91,177
4,35,178
4,31,179
4,83,180
4,3,181
4,19,182
4,35,183
4,71,184
4,19,185
4,31,186
4,15,187
4,3,188
4,59,189
4,67,190
4,79,191
4,3,192
4,87,193
4,31,194
4,11,195
4,35,196
4,59,197
4,11,198
4,3,199
4,51,200
4,15,201
4,23,202
4,3,203
4,3,204
4,82,6
9756,3,4
16,8,205
4,26,6
3188,4,205
4,19,206
4,59,207
4,23,208
4,3,209
4,39,210
4,3,211
4,23,212
4,47,213
4,55,214
4,31,215
4,31,216
4,75,217
4,47,218
4,35,219
4,91,220
4,23,221
4,71,222
4,47,223
4,75,224
4,7,225
4,95,226
4,23,227
4,23,228
4,67,229
4,35,230
4,50,5
9160,4,230
4,23,231
4,7,22
12,11,231
4,15,232
4,35,233
4,59,234
4,91,235
4,7,236
4,3,237
4,47,238
4,11,239
4,35,240
4,15,241
4,27,242
4,31,243
4,63,244
4,71,245
4,71,246
4,3,247
4,14,8
9996,4,247
4,83,248
4,35,249
4,19,250
4,71,251
4,82,6
3388,4,251
4,3,252
4,59,253
4,3,254
4,3,255
4,46,5
50939,44,1
4,55,2
4,58,8
10480,3,5
12,4,3
4,31,4
4,3,5
4,6,3
9108,3,5
8,3,6
9240,3,5
20,7,5
4,44,6
4,27,7
4,3,8
4,67,9
4,91,10
4,3,11
4,31,12
4,47,13
4,27,14
4,27,15
4,3,16
4,27,17
4,79,18
4,3,19
4,87,20
4,47,21
4,95,22
4,35,23
4,91,24
4,55,25
4,3,26
4,31,27
4,35,28
4,7,29
4,15,30
4,103,31
4,83,32
4,11,33
4,27,34
4,31,35
4,6,6
7520,3,5
12,7,5
4,20,36
4,3,37
4,38,3
4484,3,5
24,16,38
4,99,39
4,35,40
4,35,41
4,47,42
4,3,43
4,34,3
10028,3,5
32,24,44
4,3,45
4,47,30
16,15,46
4,15,47
4,95,48
4,31,49
4,47,50
4,27,51
4,63,52
4,27,53
4,7,54
4,7,55
4,67,56
4,35,57
4,27,58
4,79,59
4,23,60
4,3,61
4,31,62
4,3,63
4,19,64
19040,6,5
4,4,66
4,59,67
4,111,68
4,3,69
4,58,6
18012,4,69
4,19,70
4,3,71
4,15,72
4,55,73
4,30,7
4864,3,5
36,31,4
5968,3,5
36,31,5
4,8,74
4,3,75
4,3,76
4,39,77
4,23,78
19820,6,5
8,3,5
21248,4,80
4,30,3
2020,4,80
4,23,81
4,83,82
4,19,83
4,10,7
8156,3,5
16,11,5
4,40,84
4,59,85
4,87,86
4,31,87
4,63,88
4,23,89
4,18,2
8660,3,5
24,19,5
10388,3,5
21416,4,12
12,10,5
10376,3,5
4,20,92
4,19,93
4,59,94
4,10,4
960,4,94
4,7,95
4,15,96
4,22,8
9096,3,5
28,23,5
4,7,2
4736,3,5
36,31,5
10356,3,5
4,43,6
6428,3,5
10392,3,5
4,16,99
4,11,100
4,59,101
8004,7,101
4,27,102
17408,6,5
8,3,5
4,36,103
4,23,104
4,38,3
1460,4,104
4,22,7
2760,4,104
4,11,105
4,51,179
4,3,106
4,3,107
4,43,108
4,3,109
4,19,110
4,51,111
4,83,112
4,55,113
4,3,114
4,3,115
4,35,116
4,71,117
4,19,118
4,27,119
4,47,120
4,43,121
4,22,8
3172,4,121
4,47,122
4,106,3
2452,4,122
4,3,123
4,19,124
4,47,125
4,27,126
4,19,127
4,15,128
4,59,129
4,22,2
104,4,129
4,47,130
4,47,131
4,15,132
4,35,133
4,35,134
4,39,135
4,31,136
4,3,137
4,35,138
4,35,139
4,51,140
4,19,141
4,19,142
4,31,143
4,15,144
4,3,145
4,39,146
4,51,147
4,71,148
4,3,149
4,55,150
4,11,151
4,15,152
4,51,153
4,7,154
4,27,155
4,3,156
4,15,157
4,23,158
4,23,159
4,31,160
4,47,161
4,39,69
36,35,163
4,3,164
4,27,165
4,27,166
4,67,167
4,23,168
4,35,169
4,3,170
4,11,171
4,43,172
4,67,173
4,31,174
4,111,175
4,11,176
4,27,177
4,87,178
2568,7,179
4,27,180
4,27,181
4,55,182
4,51,183
4,35,184
4,115,185
4,22,8
10072,3,5
28,23,5
5680,4,187
4,35,188
4,35,189
4,31,190
4,35,191
4,3,192
4,39,193
4,27,194
4,43,195
4,23,196
4,67,197
4,19,198
4,35,199
4,3,200
4,66,8
6568,4,200
4,19,201
4,3,202
4,63,203
4,31,204
4,34,3
7960,3,5
12,4,205
4,19,206
4,23,207
4,39,208
4,19,209
4,23,210
4,139,211
4,75,212
4,31,213
4,11,214
4,83,215
4,3,216
4,47,217
4,51,218
4,39,219
4,71,220
4,19,221
4,91,222
4,19,223
4,23,224
4,51,225
4,55,226
4,35,227
32404,6,5
8,3,5
4,92,228
4,91,229
4,63,230
4,3,231
4,11,232
4,31,233
4,19,234
5248,3,99
8,6,5
4,47,7
25680,4,101
24,15,235
4,23,236
4,19,237
4,3,238
4,35,239
4,3,240
4,83,241
4,67,242
4,23,243
4,35,244
4,11,245
4,23,246
4,39,99
44,43,246
4,31,247
4,3,248
4,47,249
4,15,250
4,47,251
4,83,252
4,39,253
4,75,254
4,11,255
4,54,6
60943,23,8
5792,3,6
10072,3,6
4,68,2
4,23,3
4,47,4
4,95,5
4,30,5
3960,3,6
36,31,6
4,24,6
4,31,7
4,51,8
4,43,9
4,11,10
4,23,11
4,35,12
4,46,7
3304,3,6
10176,3,6
4,20,14
4,3,15
4,3,16
4,31,17
72,3,4
8,6,6
4,44,18
4,31,19
4,19,20
4,23,21
4,39,22
4,31,23
4,35,24
4,27,25
4,63,26
4,35,27
4,63,28
4,19,29
4,51,30
4,67,31
4,39,32
4,35,33
4,86,5
9736,3,6
20,12,34
4,19,35
4,23,36
4,43,37
4,27,38
11468,6,6
4,8,40
4,59,41
4,3,42
4,55,43
4,27,234
32,31,43
4,3,44
4,31,45
4,3,46
4,15,47
32212,6,6
8,3,6
4,28,48
4,7,49
4,75,50
4,103,51
4,23,52
4,95,53
4,39,54
4,55,55
4,19,56
4,95,57
4,55,58
4,15,59
4,51,60
4,7,61
4,35,62
4,111,63
4,19,64
4,59,65
4,59,66
4,3,67
4,59,68
4,31,69
4,11,70
4,59,71
4,67,72
4,51,73
4,51,74
4,15,75
4,35,76
4,23,77
4,15,78
4,47,79
4,51,80
4,39,81
4,94,5
8552,3,6
20,12,82
4,103,83
4,51,84
4,115,85
4,39,86
4,51,87
4,11,88
4,23,89
4,14,4
9936,3,6
16,8,90
4,51,91
4,31,92
4,23,93
4,51,94
4,71,95
4,27,96
4,15,97
4,63,98
4,47,99
4,59,100
4,59,101
4,3,102
4,47,103
4,99,104
4,31,105
4,31,106
4,7,107
4,35,108
4,87,109
4,27,110
4,43,111
4,23,112
4,71,113
4,87,114
4,23,115
4,3,116
4,3,117
4,31,118
4,3,119
4,67,120
4,99,121
4,7,122
4,3,123
4,11,124
4,19,125
4,35,126
4,51,127
4,99,128
4,55,129
4,23,130
4,3,131
4,63,132
4,7,133
5604,3,6
8,6,6
4,16,134
4,87,135
4,11,136
4,51,137
4,3,138
4,18,9
4360,4,138
4,15,139
4,15,140
4,14,8
1272,4,140
4,19,141
4,35,142
4,71,143
4,15,144
4,43,145
4,51,146
4,10,3
9832,3,6
16,11,6
4,4,147
4,39,148
4,19,149
4,15,150
4,3,151
4,27,152
4,31,153
4,43,154
4,27,155
4,39,156
4,23,157
4,31,158
4,31,159
4,18,5
9292,3,6
16,8,160
4,51,161
4,3,162
4,3,163
4,15,164
4,51,165
4,54,4
3652,4,165
4,19,166
4,35,167
4,3,168
4,3,169
4,50,7
600,4,169
4,11,170
4,35,171
4,35,172
4,15,173
4,83,174
4,135,175
4,51,176
4,27,177
4,39,178
4,19,179
4,47,180
4,3,181
4,39,182
4,27,183
4,111,184
4,35,185
4,3,186
4,38,3
1180,4,186
4,39,187
4,51,188
4,31,189
4,47,190
4,59,191
4,27,192
4,7,193
4,43,194
4,3,195
4,43,196
14136,6,6
4,60,198
4,27,199
4,75,200
4,31,201
4,31,202
4,35,203
4,43,204
4,15,205
4,11,206
4,23,207
4,59,208
4,31,209
4,51,210
4,51,211
4,39,212
4,43,213
4,31,214
4,3,215
4,47,216
4,3,217
4,3,218
4,39,219
4,31,220
4,3,221
4,14,4
7360,4,221
4,19,222
4,31,223
4,19,224
4,3,225
4,3,226
4,15,227
4,15,228
4,26,4
4676,4,228
4,79,229
4,3,230
4,7,231
4,67,232
4,47,233
4,71,234
4,11,235
4,10,4
3248,4,235
4,27,236
4,3,237
4,39,238
4,3,239
4,27,240
4,3,241
4,19,242
4,95,243
4,31,244
4,47,245
4,47,246
4,3,247
4,27,248
4,35,249
4,50,3
1252,4,250
4,67,251
4,47,252
4,83,253
4,51,254
4,23,255
4,34,7
49179,4,1
4,22,9
4140,3,7
20,12,2
4,63,3
4,11,4
4,47,5
4,79,6
4,135,7
4,3,8
4,3,9
4,91,10
4,31,11
4,46,4
5996,3,7
52,47,7
10060,4,12
4,15,13
4,47,14
4,43,15
4,50,4
12,8,16
4,47,17
4,35,18
4,67,19
4,11,20
4,63,21
4,59,22
4,3,23
4,47,24
4,67,25
4,23,26
4,3,27
4,35,28
4,19,29
4,79,88
24,23,30
4,15,31
4,27,32
4,71,33
4,23,34
4,19,35
4,83,36
4,15,37
4,14,9
9664,3,7
16,8,38
4,55,125
4,3,39
4,3,40
4,19,41
4,79,42
4,91,43
4,15,44
4,11,45
4,3,46
4,3,47
4,19,48
4,47,49
4,23,50
4,47,51
4,47,52
4,67,53
4,15,54
4,43,55
4,11,56
4,71,57
4,19,58
4,111,59
4,39,60
4,51,61
4,47,62
4,83,63
4,47,64
4,19,65
4,47,66
4,47,67
4,19,68
4,67,69
4,74,8
7484,3,7
24,16,70
4,15,71
4,27,72
4,23,73
4,67,74
4,35,75
4,31,76
4,31,77
4,7,78
4,51,79
4,39,80
4,19,81
4,3,82
4,3,83
4,3,84
4,19,85
4,19,86
4,23,87
4,47,88
4,51,89
4,31,90
4,55,91
4,23,92
4,27,93
4,15,94
4,59,95
4,11,96
4,103,97
4,35,98
4,51,99
4,3,100
4,63,101
4,70,10
2200,4,101
4,3,102
4,27,103
4,19,104
4,23,105
4,7,106
4,3,107
4,59,108
4,11,109
4,3,110
4,19,111
4,3,112
4,91,113
4,67,114
4,59,115
4,47,116
31236,6,7
8,3,7
4,52,117
528,3,33
8,6,7
4,68,118
4,31,119
4,43,224
8,7,120
4,27,69
12,11,121
4,11,122
4,15,123
4,7,124
4,11,125
4,71,126
4,3,127
4,7,9
12,11,127
4,15,128
4,35,129
4,131,130
4,59,131
4,3,132
4,31,133
4,43,134
4,14,9
1620,4,134
4,71,135
4,63,136
4,10,4
6872,3,7
16,11,7
4,40,137
4,51,138
4,59,139
4,55,140
4,39,141
4,115,142
4,95,143
4,87,144
4,39,145
4,83,146
4,3,147
4,27,148
4,43,149
4,27,150
4,111,151
4,7,152
4,11,153
4,23,154
4,59,155
4,79,156
4,35,157
4,79,158
4,3,159
4,71,160
4,35,161
4,99,162
4,91,163
4,11,164
4,35,165
4,43,166
4,35,167
4,27,168
4,27,169
4,31,170
4,3,171
4,43,172
4,38,5
10152,3,7
10372,3,7
4,28,174
4,3,175
4,35,176
4,47,177
4,59,178
4,7,179
4,11,180
4,51,181
4,75,182
4,7,183
4,51,184
4,75,185
4,75,186
4,7,187
4,87,188
4,99,189
4,131,190
4,27,191
4,31,192
4,39,193
4,15,194
4,31,195
4,31,196
4,59,197
4,55,198
4,31,199
4,15,200
4,46,4
8972,3,7
10448,3,7
4,8,202
4,42,9
5360,4,202
4,15,203
4,63,204
4,47,205
4,51,206
4,3,207
4,39,208
4,10,9
4884,4,208
4,11,209
4,23,210
4,3,211
4,51,212
4,39,213
4,95,214
4,31,215
4,55,216
4,63,217
4,67,218
4,39,219
4,35,220
4,35,221
4,3,222
4,35,223
4668,7,224
4,55,225
4,11,226
4,35,227
4,51,228
4,3,229
4,35,230
4,47,231
4,63,232
4,62,10
7524,4,232
4,55,233
4,15,234
4,31,235
4,35,236
4,31,250
20,19,237
4,19,238
4,19,239
4,71,240
4,23,241
4,35,242
4,35,243
4,15,244
4,23,245
4,27,246
4,23,247
4,31,248
4,63,249
4,19,250
4,43,251
4,39,252
4,19,253
4,91,254
4,63,255
4,26,8
1324,4,255
4,54,8
81739,15,8
4,12,1
4,19,2
4,3,3
4,23,4
4,35,5
4,31,6
4,46,7
10404,3,8
52,47,8
10704,3,8
4,24,8
4,43,9
4,67,10
4,35,11
4,63,12
4,19,13
4,31,14
31412,6,8
4,76,16
4,79,17
4,83,18
4,27,19
4,15,20
4,31,21
4,71,22
4,11,23
4,47,24
4,67,25
24356,6,8
4,44,27
4,19,28
4,19,29
4,11,30
4,27,31
4,43,32
4,10,10
1340,3,8
16,8,33
4,23,34
4,43,35
4,11,36
4,35,37
4,39,38
4,55,39
4,27,40
4,35,41
4,51,42
4,3,43
4,3,44
4,31,45
4,47,46
4,11,47
4,27,48
4,59,49
4,31,50
4,31,51
4,23,52
4,54,5
3376,3,8
24,16,53
4,107,54
4,42,9
4404,3,8
48,40,55
4,47,56
4,74,10
3080,3,8
12,4,57
4,11,58
4,11,59
4,39,60
244,3,77
8,6,8
4,72,61
4,23,62
4,3,63
4,63,64
4,31,65
4,23,66
4,31,67
4,79,68
4,55,69
4,55,70
4,3,71
4,7,72
4,27,73
4,75,74
4,19,75
4,3,76
4,11,77
4,3,78
4,3,79
4,38,5
1404,4,79
4,50,7
5684,3,8
12,4,80
4,3,81
4,7,82
4,31,83
4,19,84
4,31,85
4,51,86
4,3,87
4,50,9
5360,3,8
32,24,88
4,47,89
4,35,90
4,59,91
4,47,92
4,31,93
4,47,94
4,31,95
4,3,96
4,23,220
28,27,97
4,55,98
4,51,99
4,95,100
4,51,101
4,51,102
4,27,103
4,3,104
4,35,105
4,23,106
4,7,107
4,63,108
4,59,109
4,31,110
4,115,111
4,39,112
4,51,113
4,19,114
16224,6,8
8,3,8
4,56,115
4,55,116
4,39,117
4,3,118
4,87,119
4,19,120
4,31,121
4,103,122
4,67,123
4,79,124
4,6,11
2728,4,124
4,103,125
4,11,126
4,34,7
604,4,126
4,43,127
4,3,128
4,22,10
7580,3,8
10872,3,8
4,8,130
4,39,131
4,51,132
4,3,133
4,43,134
4,59,135
4,107,136
4,95,137
4,111,138
4,3,139
4,3,140
4,35,141
4,31,142
4,71,143
4,99,144
4,3,145
4,22,11
1632,4,145
4,6,7
9100,3,8
40,23,8
4,44,146
4,3,147
4,31,148
4,3,149
4,26,9
1488,4,149
4,15,150
4,19,151
4,27,152
4,31,153
4,35,154
4,46,10
8904,3,8
52,47,8
4,4,155
4,27,156
4,31,157
4,11,158
4,42,11
5728,4,158
4,7,159
4,11,160
4,83,161
4,6,11
4228,4,161
4,27,162
4,39,20
28,27,163
4,26,6
3972,4,163
4,43,164
4,7,165
4,11,166
4,31,167
4,63,168
4,3,169
4,43,170
4,67,171
4,3,172
4,83,173
4,51,174
4,35,175
4,27,176
4,67,177
4,35,178
4,15,179
4,43,181
4,7,182
4,31,183
4,63,184
4,3,185
4,75,186
4,91,187
4,51,188
4,35,189
4,27,190
4,87,191
4,3,192
4,47,193
4,3,194
4,7,195
4,27,196
4,23,197
4,3,198
4,19,199
4,55,200
4,11,201
4,51,202
4,31,203
4,15,204
4,23,205
4,39,206
4,7,207
4,47,208
4,91,209
4,63,210
4,43,211
4,23,212
4,15,213
4,103,214
4,11,215
4,15,216
4,31,217
4,47,218
4,11,219
4,19,220
4,55,221
4,15,222
4,35,223
4,7,224
4,3,225
4,19,226
4,67,227
4,31,228
4,7,229
4,27,230
4,19,231
4,27,232
4,67,233
4,38,7
5844,4,233
4,47,234
4,7,235
4,83,236
4,55,237
4,35,238
4,3,239
4,95,240
4,31,241
4,3,242
4,47,243
4,47,244
4,3,245
4,3,246
4,3,247
4,3,248
4,31,249
4,3,250
4,91,251
4,35,252
4,11,253
4,35,254
4,3,255
4,14,7
3824,3,9
91715,15,9
4,40,1
4,15,2
4,43,3
4,47,4
4,15,5
4,47,6
4,75,7
4,63,8
4,54,7
5304,3,9
12,4,9
4,19,10
4,3,11
4,55,12
4,27,13
4,103,14
4,3,15
4,123,16
4,3,17
4,35,18
4,75,19
4,31,20
4,23,21
4,35,22
4,51,245
8,7,23
4,31,24
4,43,25
4,11,26
4,31,27
4,3,28
4,55,29
4,47,30
4,27,31
4,19,32
4,7,33
4,35,34
4,15,35
4,39,36
4,79,37
4,15,38
4,43,39
4,27,40
4,47,41
4,3,42
4,87,43
4,63,44
4,35,45
4,35,46
4,55,47
4,31,48
4,31,49
4,54,7
1736,4,49
4,7,50
4,11,51
4,30,10
9292,3,9
36,31,9
4,28,52
4,47,53
4,39,54
4,31,55
4,19,56
4,35,57
4,87,58
4,3,59
4,18,11
3492,3,9
24,19,9
10124,4,60
4,27,61
4,7,62
4,19,63
4,27,64
4,27,65
4,15,66
4,3,67
4,59,68
4,59,69
4,3,70
4,15,71
4,7,72
4,11,73
4,43,74
4,55,75
4,51,76
4,39,77
4,31,78
4,3,79
4,31,80
4,59,81
4,19,82
4,11,83
4,23,84
4,67,85
4,79,86
4,35,87
4,83,88
4,3,89
4,23,90
4,55,91
4,27,92
18984,6,9
9932,3,9
4,12,95
4,59,96
4,59,97
4,35,98
4,10,8
8144,3,9
12,7,11
5880,3,9
28,11,9
4,44,99
4,18,6
9192,3,9
16,8,100
4,19,101
4,31,102
4,103,103
4,31,104
4,3,105
4,43,106
4,42,12
2740,4,106
4,11,107
4,27,108
4,35,109
4,55,110
4,67,111
4,23,112
4,43,113
4,11,114
4,71,115
4,19,116
4,63,117
4,35,118
4,35,119
4,35,120
4,3,121
4,31,122
4,11,123
4,103,124
4,3,125
4,15,126
4,35,127
4,3,128
4,71,129
4,30,10
6964,3,9
9664,3,9
4,52,131
4,59,132
4,67,133
4,3,134
4,31,135
4,115,136
4,38,8
3048,4,137
4,51,138
4,87,139
4,95,140
4,43,141
4,51,142
4,63,143
4,15,144
4,19,145
4,11,146
4,3,147
4,51,148
4,51,149
4,19,150
4,3,151
4,35,152
4,34,10
5184,4,152
4,19,153
4,51,154
4,3,155
4,3,156
4,43,157
4,3,158
4,23,159
4,19,160
4,3,161
4,55,162
4,39,163
4,67,164
4,11,165
4,47,166
4,3,167
4,75,168
4,58,8
1932,4,169
4,31,170
4,55,171
4,3,172
4,3,173
4,63,174
4,67,175
4,51,176
4,27,177
4,111,178
4,31,179
4,19,180
4,31,181
4,15,182
4,59,183
4,19,184
4,35,185
4,11,186
4,47,187
4,15,188
4,51,189
4,47,190
4,7,191
4,3,192
4,59,193
4,19,194
4,19,195
4,3,196
4,10,11
5848,4,196
4,31,197
4,35,198
4,19,199
4,7,200
4,27,201
4,35,202
4,99,203
4,23,204
4,43,205
4,39,132
4,3,206
4,50,6
676,4,206
4,19,207
4,51,208
4,47,209
4,155,210
4,47,211
4,127,212
4,23,213
4,43,214
4,39,215
4,35,216
4,51,217
4,51,218
4,27,219
4,35,220
4,15,221
4,15,222
4,27,204
32,31,222
4,7,223
4,23,224
4,71,225
4,3,226
4,23,227
4,31,228
4,31,229
7856,7,230
4,83,231
4,87,232
4,35,233
4,3,234
4,3,235
4,31,236
4,111,237
4,15,238
4,51,239
4,3,240
4,11,241
4,51,242
4,15,243
4,31,244
4,71,245
4,55,246
4,3,247
4,19,248
4,31,249
4,51,250
4,27,251
4,95,252
4,59,253
4,87,254
4,15,255
4,18,10
101763,91,10
4,16,1
4,115,2
4,26,11
3356,3,10
32,27,10
4,4,3
4,63,4
4,47,5
4,55,6
4,67,7
4,31,8
4,59,9
4,15,10
4,71,11
4,50,7
12,8,12
4,7,13
28040,6,10
8,3,10
4,12,14
4,3,15
4,15,16
4,10,9
6096,3,10
16,11,10
4,12,17
4,83,18
4,71,19
4,23,33
28,27,19
4,63,20
4,3,21
4,47,22
4,27,23
4,43,24
4,11,25
4,19,26
4,7,27
4,43,28
4,7,27
12,11,28
4,51,29
4,31,30
4,43,31
4,11,32
464,7,33
4,119,34
4,63,35
4,47,36
4,3,37
4,31,38
4,19,39
4,18,8
5028,3,10
24,19,10
4,44,40
4,135,41
4,55,42
4,87,43
4,82,12
6632,3,10
24,16,44
4,27,45
4,10,8
1604,4,45
4,47,46
4,59,47
4,3,48
4,39,49
4,70,8
800,4,50
4,75,51
4,31,52
4,23,53
4,3,54
4,75,55
4,35,56
4,55,57
4,39,58
4,39,59
4,31,60
4,15,61
4,3,62
10540,6,10
8,3,10
4,68,63
4,23,64
4,3,65
4,47,66
4,3,67
4,35,68
4,75,69
11216,6,10
4,59,11
6748,3,10
28,20,71
4,27,72
4,31,73
4,3,74
4,67,75
4,39,76
4,91,77
4,43,78
4,3,79
4,23,80
4,43,81
4,55,82
4,47,83
4,11,200
16,15,83
4,3,84
4,59,85
4,55,86
4,15,87
4,3,88
4,91,89
4,43,90
4,3,91
4,3,92
4,19,93
4,47,94
4,39,95
4,99,96
4,19,97
4,50,8
4308,4,98
4,31,99
4,27,100
4,7,101
4,43,102
4,27,103
4,31,104
4,3,105
4,3,106
4,3,107
4,6,12
1368,4,107
4,67,108
4,35,109
25204,6,10
8,3,10
4,16,110
4,3,111
4,75,112
4,23,113
4,95,114
4,79,115
4,67,116
4,15,117
4,35,118
4,63,119
4,23,120
4,39,121
4,31,122
4,14,9
9156,3,10
20,15,10
4,12,123
4,67,124
4,71,125
4,3,126
4,23,127
4,55,128
4,71,129
4,3,130
4,3,131
4,47,132
4,7,133
4,3,134
4,39,135
4,43,136
107339,3,110
8,6,10
4,60,137
4,39,138
4,11,139
4,38,12
1244,4,139
4,15,140
4,19,141
4,54,11
5052,4,141
4,18,8
568,4,141
4,7,142
4,31,143
4,19,144
4,39,145
4,30,11
2576,4,145
4,63,146
4,71,147
4,75,148
4,11,149
4,18,11
2872,4,149
4,35,150
4,47,151
4,75,152
4,79,153
4,63,154
4,27,155
4,7,156
4,39,157
4,27,158
4,30,11
6952,3,10
28,20,159
4,23,160
4,15,161
4,3,162
4,31,163
4,103,164
4,43,165
4,27,166
4,3,167
4,59,168
4,51,169
4,19,170
4,35,171
4,19,172
472,3,82
8,6,10
4,64,173
4,3,174
4,47,175
4,23,176
4,14,12
3192,4,176
4,11,177
4,67,178
4,39,179
4,19,180
4,31,181
4,63,182
4,3,183
4,71,184
4,51,185
4,19,186
4,34,9
6796,4,186
4,31,187
4,3,188
4,51,189
4,39,190
4,11,191
4,35,192
4,31,193
4,31,194
4,107,195
4,6,8
6836,4,195
4,3,196
4,15,197
4,27,198
4,7,199
4,14,11
8596,3,10
20,15,10
4596,4,200
4,47,201
4,3,202
4,27,203
4,23,204
4,103,205
4,43,206
4,35,207
4,27,208
4,47,209
4,35,210
4,39,211
4,47,212
4,78,9
10556,3,10
52,44,213
4,19,214
4,3,215
4,47,216
4,10,7
30144,4,216
4,31,217
4,71,218
4,3,219
4,63,220
4,15,221
4,51,222
4,23,223
4,47,224
4,63,225
4,55,226
4,15,227
4,27,228
4,3,229
4,39,230
4,35,231
4,43,232
4,79,233
4,15,234
4,19,235
4,39,236
4,3,237
4,19,238
4,35,239
4,3,240
4,27,241
4,3,242
4,63,243
4,31,244
4,103,245
4,11,246
4,51,247
4,35,248
4,67,249
4,51,250
4,46,8
5612,4,250
4,3,251
4,83,252
4,47,253
4,35,254
4,15,255
4,6,11
112303,4,1
4,35,2
4,51,3
4,3,4
4,6,13
4544,4,4
4,23,5
4,6,8
9548,3,11
12,7,11
4,44,6
4,59,7
4,3,8
4,14,9
10120,3,11
20,15,11
10324,3,11
4,48,10
4,43,11
4,31,12
4,47,13
4,27,14
4,19,15
4,31,16
4,3,17
4,27,18
4,35,19
4,51,20
4,23,21
4,39,22
4,79,23
4,71,24
4,31,25
4,27,26
4,11,27
4,47,28
4,19,29
4,6,13
9404,3,11
12,7,11
4,52,30
4,47,31
4,31,32
4,34,13
1088,4,32
4,19,33
4,31,34
4,99,35
4,63,36
4,71,37
4,27,38
4,55,39
4,11,40
4,87,41
4,26,9
776,4,41
4,119,42
4,67,43
4,63,44
4,39,45
4,3,46
4,35,47
4,15,41
20,19,47
4,11,48
4,15,49
4,3,152
8,7,49
4,27,50
4,99,51
4,59,52
4,59,53
4,34,10
6520,3,11
16,8,54
4,67,55
4,75,56
4,71,57
4,15,58
4,39,59
4,15,60
4,19,61
4,59,62
4,67,63
4,31,64
4,47,52
20,19,65
4,31,66
4,47,67
4,43,68
4,27,69
4,107,70
4,3,71
4,3,72
4,23,73
4,47,74
4,23,75
4,23,76
4,31,77
4,55,78
4,23,79
4,3,80
4,23,81
4,35,82
20588,6,11
8,3,11
4,68,83
4,31,84
4,31,85
4,7,86
4,27,87
4,47,88
4,91,89
4,3,90
4,39,91
4,3,92
4,59,93
4,35,94
4,47,95
4,51,96
4,27,97
4,38,12
3348,4,97
4,11,98
4,55,99
4,43,100
4,3,101
4,3,102
4,11,103
4,3,104
4,27,105
4,99,106
4,71,107
4,47,108
4,55,109
4,47,110
4,27,111
4,23,112
4,123,113
4,71,114
4,7,115
4,67,116
4,11,131
16,15,116
4,27,117
4,59,118
4,83,119
4,59,120
4,11,121
4,27,122
4,43,123
4,71,124
4,3,125
4,35,126
4,35,127
4,63,128
4,27,129
4,107,130
4,63,131
4,39,132
4,71,133
4,43,134
4,31,135
4,23,136
4,31,137
4,66,12
7304,3,11
12,4,138
4,51,139
4,43,140
4,15,141
4,55,142
4,19,143
4,10,12
3556,4,143
4,91,144
4,47,145
4,35,146
4,14,9
4332,4,146
4,15,147
4,3,148
4,7,149
4,75,150
4,55,151
4,47,152
4,139,153
4,31,154
4,35,155
4,35,156
4,3,157
4,15,158
4,79,159
4,3,160
4,59,161
4,39,162
4,51,163
4,3,164
4,47,165
4,39,166
4,51,167
4,7,168
4,35,169
4,51,170
4,67,171
4,63,172
4,23,173
4,31,174
4,31,175
4,39,176
18068,6,11
4,84,178
4,47,179
4,59,180
4,15,183
20,19,180
4,35,181
4,11,182
4,39,183
4,55,184
4,63,185
4,3,186
4,39,187
4,63,188
4,51,189
4,31,190
4,43,191
4,7,192
4,3,193
4,3,194
4,35,195
4,3,196
4,3,197
4,23,198
4,35,199
4,35,200
4,59,201
4,47,202
4,43,203
4,75,204
4,79,205
4,35,206
4,55,207
4,23,208
4,39,209
4,18,14
3424,4,209
4,39,210
4,51,211
4,31,212
4,55,213
4,31,214
4,6,8
1276,4,214
4,23,215
4,39,216
4,23,217
4,83,218
4,35,219
4,51,220
4,35,221
4,39,222
4,3,223
4,27,224
4,31,225
4,39,226
4,43,227
4,59,228
4,27,229
4,27,230
4,55,231
4,3,232
4,3,233
4,50,9
9952,3,11
36,28,234
4,35,235
4,3,236
4,46,14
8540,4,236
4,23,237
4,11,238
4,39,239
4,3,240
4,55,241
4,19,242
4,43,243
4,67,244
4,35,245
4,83,246
4,39,247
4,3,248
4,31,249
4,35,250
4,51,251
4,59,252
14408,6,11
4,56,254
4,135,255
4,22,12
123183,19,12
4,36,1
4,35,2
4,3,3
4,10,10
9776,3,12
16,11,12
4,20,4
4,23,5
4,59,6
4,31,7
4,31,8
4,75,9
4,3,10
4,27,11
4,27,12
4,38,9
9820,3,12
36,28,13
4,31,14
4,83,15
4,15,16
4,46,14
1704,3,12
52,47,12
4,28,17
4,15,18
4,51,19
4,3,20
4,31,21
4,99,22
4,51,23
4,79,24
22356,6,12
8,3,12
4,4,25
4,83,27
4,35,28
4,47,29
4,31,30
4,35,31
4,23,32
4,35,33
4,111,34
4,43,35
4,39,36
4,75,37
4,63,38
4,27,39
4,27,40
4,6,14
3488,3,12
12,7,12
4,39,15
8708,3,12
12,4,41
4,19,26
24,23,41
4,7,42
4,47,43
4,59,44
4,3,45
4,11,46
4,7,47
4,3,48
4,27,49
4,27,50
4,47,51
4,47,52
4,30,14
1132,4,52
4,19,53
4,43,54
4,43,55
4,10,11
10608,3,12
16,11,12
4,28,56
4,39,57
4,27,58
4,26,11
4228,3,12
32,27,12
4,32,59
4,39,60
4,71,61
4,3,62
4,63,63
4,43,64
4,15,65
4,55,66
4,43,67
4,35,68
4,39,69
4,35,70
4,15,71
4,31,72
4,35,73
4,11,74
4,3,75
4,39,76
4,83,77
4,3,78
4,3,79
4,18,13
3108,4,79
4,11,80
4,3,81
4,22,9
8100,3,12
28,23,12
4,20,82
4,51,83
4,39,84
4,39,85
4,47,86
4,55,87
4,79,88
4,27,89
4,35,90
4,95,91
4,10,10
5092,3,12
16,11,12
4,4,92
4,47,93
4,95,94
4,83,95
4,39,96
4,19,97
4,59,98
4,15,99
4,3,100
4,23,101
4,35,102
4,27,103
4,11,104
4,23,105
4,47,106
4,19,107
4,51,108
4,75,109
4,47,110
4,19,111
4,79,112
4,47,113
4,55,114
4,43,115
4,91,116
4,71,117
4,55,118
4,47,119
4,19,120
4,27,121
4,27,122
4,3,123
4,19,124
4,3,125
4,55,126
4,55,127
4,35,128
4,35,129
4,3,130
4,71,131
4,23,132
4,6,10
3116,4,132
4,47,133
4,27,134
4,127,135
4,19,136
4,70,11
2548,4,136
4,55,137
4,103,138
4,55,139
4,27,140
4,75,141
4,51,142
4,55,143
4,75,144
4,23,145
4,11,146
4,35,147
4,55,148
4,3,149
4,15,190
20,19,150
4,15,151
4,19,152
4,31,153
4,91,154
4,55,155
4,3,156
4,91,157
4,3,158
4,35,159
4,55,160
4,23,161
4,3,162
4,35,163
4,35,164
4,79,165
4,59,166
4,3,167
4,3,168
4,43,169
4,75,170
4,15,171
4,15,172
4,35,173
4,39,174
4,19,175
4,55,176
4,51,177
4,15,178
4,31,179
4,31,180
4,43,181
4,23,182
4,15,183
4,23,184
4,11,185
4,39,186
4,31,187
4,35,188
4,23,189
5496,7,189
1376,7,190
4,15,186
12,11,191
4,3,192
4,51,193
4,7,194
4,7,195
4,15,196
4,3,197
4,43,198
4,35,199
4,23,200
4,63,201
4,3,202
4,15,203
4,51,204
4,35,205
4,7,206
4,15,207
4,83,208
4,23,209
4,3,210
4,119,211
4,55,212
4,19,213
4,27,214
4,67,215
4,19,216
4,3,217
4,67,218
4,115,219
4,51,220
4,3,221
4,59,222
4,55,223
4,3,224
4,39,225
4,19,226
4,3,227
4,55,228
4,19,229
4,31,230
4,7,231
4,23,232
4,107,233
4,47,234
4,7,235
4,79,236
4,39,237
4,15,238
4,7,239
4,35,240
4,31,241
4,43,242
4,43,243
4,3,244
4,3,245
4,55,246
4,39,247
4,51,248
4,27,249
4,15,250
4,47,251
4,3,252
4,39,253
4,3,254
4,87,255
4,54,13
133307,63,13
4,8,1
4,35,2
4,47,3
4,51,4
4,55,5
4,3,6
4,3,7
4,23,8
4,79,9
4,7,10
4,95,11
4,15,12
4,59,13
133663,3,13
8,6,13
4,11,15
3608,3,13
24,19,13
4,40,14
4,3,15
4,23,16
4,51,17
4,19,18
4,3,19
4,87,102
16,15,20
4,19,21
4,26,14
1464,3,13
20,12,22
4,75,23
4,39,24
4,19,25
4,15,26
4,35,27
4,35,28
4,15,29
4,39,203
20,19,30
4,59,31
4,35,32
4,23,33
4,23,34
4,31,35
4,27,36
4,27,166
16,15,37
4,54,15
8152,3,13
60,55,13
4,4,38
4,51,39
4,67,40
4,6,10
6764,3,13
12,7,13
9980,3,13
4,52,42
4,27,43
4,43,44
4,51,45
4,19,46
4,47,47
4,35,48
4,39,49
4,27,50
4,23,51
4,47,52
4,47,53
4,39,54
4,35,55
4,39,56
4,15,57
4,6,10
2944,3,13
12,7,13
4,16,58
4,3,59
4,39,60
636,7,60
4,39,61
4,47,62
4,51,63
4,70,10
5876,3,13
56,48,64
4,3,65
4,39,66
4,95,67
4,47,68
4,39,69
4,11,70
4,3,71
4,27,72
4,43,73
4,47,74
4,31,75
4,63,76
4,7,77
4,26,12
1716,4,77
4,31,78
4,71,79
4,23,80
4,75,81
4,3,82
4,18,11
1100,4,82
4,95,83
4,27,84
4,35,85
4,83,86
4,31,87
4,67,88
4,42,10
7264,3,13
32,24,89
4,11,90
4,35,91
4,15,92
4,3,93
4,19,94
4,71,95
4,83,96
4,34,10
456,4,96
4,71,97
4,75,98
4,15,178
20,19,98
4,19,99
4,27,100
4,63,101
4,67,102
4,111,103
4,19,104
4,15,105
4,31,106
4,51,107
4,27,108
4,23,109
4,107,110
4,47,111
4,39,112
4,75,113
4,39,114
4,23,115
4,3,116
4,3,117
31020,7,117
4,55,118
4,3,119
4,11,120
4,27,121
4,35,122
4,19,123
4,107,124
4,95,125
4,79,126
4,27,127
4,27,128
4,15,129
4,51,130
4,3,131
4,63,132
4,23,133
13140,6,13
8,3,13
4,60,134
4,27,87
20,19,135
4,35,136
4,19,137
4,27,138
4,87,139
4,15,140
4,35,141
4,83,142
4,3,143
4,3,144
4,35,145
4,51,146
4,15,147
4,3,148
4,35,149
4,35,150
4,39,151
4,83,152
4,51,153
4,3,154
4,19,155
4,27,156
4,39,157
4,75,158
4,55,159
4,7,160
4,7,161
4,71,162
4,23,163
4,67,164
4,19,165
4,11,166
4,59,167
4,19,168
4,3,169
4,27,170
4,35,171
4,23,172
4,3,173
4,35,174
4,43,175
4,23,176
4,31,177
3036,7,178
4,31,179
4,39,180
4,59,181
4,55,182
4,3,183
15240,6,13
8,3,13
4,24,184
4,11,185
4,19,186
4,3,187
4,27,188
4,47,189
4,55,190
4,47,191
4,47,192
4,107,193
4,27,194
4,11,195
4,23,196
4,31,212
36,35,196
4,3,197
4,43,198
4,15,199
4,67,200
4,3,201
4,15,237
20,19,201
4,15,202
4,59,203
4,55,204
4,59,205
4,35,206
4,39,207
4,35,208
4,51,209
4,31,210
4,35,211
4,47,212
4,63,213
4,63,214
4,3,215
4,15,216
4,3,217
4,31,218
4,43,219
4,15,220
4,3,221
4,14,15
5548,4,221
4,19,222
4,51,223
4,63,224
4,39,225
4,14,12
9532,3,13
20,12,226
4,15,227
4,18,11
3600,4,227
4,11,228
4,31,229
4,47,230
4,35,231
4,3,232
4,23,233
4,11,234
4,19,235
4,23,236
4,51,237
4,58,10
140,4,238
4,90,15
212,4,238
4,7,239
4,31,240
4,87,241
4,23,242
4,3,243
4,11,244
4,23,245
4,3,246
4,11,247
4,23,248
4,51,249
4,47,250
4,3,251
4,39,252
4,7,253
4,63,254
4,59,255
4,46,14
143435,47,14
4,16,1
4,3,2
4,3,3
4,31,4
4,35,5
4,35,6
4,15,7
4,51,8
18136,6,14
8,3,14
4,40,9
4,14,13
9860,3,14
16,8,10
4,63,11
4,15,12
4,43,13
4,27,14
4,83,15
4,35,16
4,3,17
4,27,18
1192,3,142
8,6,14
4,32,242
32,31,19
4,15,20
4,3,21
4,23,22
4,23,23
4,59,24
4,99,25
4,23,26
4,79,27
4,59,28
4,51,29
4,7,30
4,19,31
4,3,32
4,63,33
4,15,34
4,23,35
4,63,36
4,47,37
4,59,38
4,35,39
4,95,40
4,23,41
4,59,42
4,19,43
4,23,44
4,26,16
1496,4,44
4,11,45
4,31,46
4,6,12
1852,3,14
12,7,14
4,12,47
4,43,48
4,51,49
4,15,50
4,3,51
4,11,52
4,63,53
4,3,54
4,15,55
4,11,56
4,95,57
4,55,58
4,39,59
4,3,60
4,87,61
4,26,16
9628,3,14
28,20,62
4,39,63
4,3,64
4,3,65
4,63,66
4,3,67
4,27,68
4,59,69
4,67,70
4,51,71
4,27,72
4,15,73
4,63,74
4,19,75
4,47,76
4,3,77
4,23,78
4,35,79
4,27,80
4,3,81
4,75,82
4,43,83
4,55,84
4,3,85
4,43,86
4,31,87
4,3,88
4,7,89
4,7,90
4,99,91
4,27,92
4,27,93
4,15,94
4,3,95
4,31,96
4,14,15
6504,3,14
8,4,210
146691,3,49
32,18,14
4,11,11
6932,3,14
28,20,97
4,3,98
4,27,99
4,19,100
4,47,101
4,75,102
4,23,103
4,35,104
4,7,105
4,3,106
4,39,107
4,67,108
4,55,109
4,91,110
4,31,111
4,3,112
4,35,113
4,47,114
4,31,115
4,11,116
4,3,117
4,51,118
4,63,119
4,31,120
4,39,121
4,22,17
4048,4,122
4,3,123
4,7,124
4,67,125
4,3,126
4,35,127
4,23,128
4,51,129
4,6,11
6012,3,14
12,7,14
4,12,130
4,3,131
4,67,132
4,43,133
4,7,134
4,47,135
4,31,136
4,31,137
4,91,138
4,83,139
4,35,140
4,51,141
4,55,142
4,31,143
4,3,144
4,39,145
4,107,146
4,39,147
4,27,148
4,3,149
4,35,150
4,15,151
4,55,152
4,59,153
4,3,154
4,63,155
4,11,156
4,11,157
4,39,158
4,135,159
4,35,160
4,11,161
4,19,162
4,75,163
4,71,164
4,35,165
4,3,166
4,26,16
5604,4,166
4,7,167
4,15,168
4,23,169
4,55,170
4,35,171
4,71,172
4,87,173
4,3,174
4,79,175
4,35,176
4,3,177
4,43,178
4,51,179
4,31,180
4,71,181
4,15,182
4,55,183
4,27,184
4,3,185
4,27,186
4,3,187
4,99,188
4,71,189
4,15,190
4,35,191
4,59,192
4,7,193
4,35,194
4,35,195
4,3,196
4,39,197
4,43,198
4,63,199
4,39,200
4,115,201
4,27,202
4,23,203
4,15,204
4,10,11
5912,4,204
4,87,205
4,55,206
4,42,17
1700,4,206
4,47,207
4,27,61
32,31,208
4,27,209
4,63,210
4,51,211
4,111,212
4,43,213
4,103,214
4,63,215
4,3,216
4,27,217
4,115,218
4,19,219
4,3,220
4,27,221
4,91,222
4,27,223
4,63,224
4,23,225
4,3,226
4,27,227
4,42,17
7032,4,227
4,35,228
4,46,16
5704,4,228
4,23,229
4,19,230
4,31,231
4,55,232
4,55,233
4,19,234
4,63,235
4,58,15
4496,4,235
4,39,236
4,3,237
4,23,238
4,67,239
4,95,240
4,31,241
4,27,242
4,19,243
4,23,244
4,10,15
9972,3,14
10112,3,14
4,128,246
4,3,247
4,67,248
4,11,249
4,23,250
4,35,251
4,19,252
4,23,253
4,19,254
4,31,255
153499,35,1
4,39,2
19520,6,15
8,3,15
4,56,3
4,11,4
4,31,5
4,55,6
4,3,7
4,31,8
4,27,9
4,79,10
4,23,11
4,11,12
4,19,13
4,19,14
4,43,15
4,35,16
4,6,12
2976,3,15
12,7,15
4,8,17
4,55,18
4,55,19
4,31,20
1784,3,98
8,6,15
4,44,21
4,31,22
4,27,23
4,39,24
4,67,25
4,10,17
2656,3,15
16,11,15
4,36,26
4,3,27
4,63,28
4,31,29
4,38,14
6604,3,15
24,16,30
4,43,31
4,66,12
4148,3,15
20,15,17
4288,3,15
92,67,15
10248,3,15
4,12,33
4,11,34
4,22,14
6468,3,15
16,8,35
4,7,36
4,27,37
4,51,38
4,87,39
4,23,40
4,23,41
4,47,42
4,115,43
4,43,44
4,3,45
4,3,46
4,35,47
4,14,13
2964,3,15
12,4,48
4,79,49
4,71,50
4,75,51
4,31,52
4,111,53
4,3,54
4,18,16
3820,3,15
24,19,15
4,20,55
4,95,56
4,19,57
4,67,58
4,19,59
4,63,60
4,35,61
4,31,62
4,34,17
1744,4,62
4,11,63
4,27,64
4,51,65
4,3,66
4,3,67
4,3,68
4,6,13
10248,3,15
12,7,15
4,23,12
9816,3,15
36,28,69
4,47,70
4,31,71
4,31,72
4,3,73
4,83,74
4,39,75
4,19,76
4,35,77
7840,6,15
8,3,15
4,16,78
4,67,79
4,31,80
4,71,81
4,3,82
4,31,83
4,15,84
22268,6,15
4,60,86
4,35,87
4,35,88
4,63,89
4,43,90
4,27,91
4,31,92
4,14,13
7172,3,15
20,15,15
4,28,93
4,47,52
24,23,94
3980,6,15
8,3,15
4,92,95
4,15,96
4,35,97
4,27,98
4,39,99
4,23,100
4,18,12
8148,3,15
24,16,101
4,3,102
4,115,103
4,23,104
4,15,105
4,35,106
4,19,107
4,19,108
4,27,109
4,35,110
4,31,111
4,43,112
4,27,113
4,35,114
4,67,115
4,3,116
4,59,117
4,59,118
4,55,119
4,38,16
4000,4,119
4,35,120
4,59,121
4,15,122
4,79,123
4,22,14
4604,4,123
4,15,124
4,51,125
4,35,126
4,39,127
158555,3,54
8,6,15
4,44,128
4,67,129
4,50,18
2232,4,129
4,7,130
4,51,131
4,35,132
4,31,133
4,35,98
16,15,134
4,31,135
4,79,136
4,31,137
4,43,138
4,43,139
4,15,140
4,19,141
4,27,142
4,107,143
4,35,144
4,3,145
4,3,146
4,27,147
4,111,148
4,6,14
8068,3,15
12,7,15
4,12,149
4,55,150
4,39,151
4,27,152
4,15,153
4,15,154
4,27,155
4,30,13
2464,4,155
4,55,156
4,26,16
524,4,156
4,55,157
4,3,158
4,39,159
4,31,160
4,27,161
4,27,162
4,35,163
4,19,164
4,3,165
4,95,166
4,51,167
4,43,168
4,83,169
4,11,170
4,31,171
4,75,96
8,7,172
4,79,173
4,47,174
4,35,175
4,63,176
4,63,177
4,11,178
4,23,179
4,15,180
4,75,203
28,27,181
4,11,82
16,15,181
4,15,182
4,42,16
3276,4,183
4,59,184
4,15,185
16892,6,15
8,3,15
4,12,186
4,71,187
4,7,188
4,35,189
4,50,12
9284,3,15
56,48,190
4,19,191
4,15,192
4,27,193
4,131,194
4,15,195
4,59,196
4,3,197
4,43,198
4,39,199
4,98,13
400,4,199
4,11,200
4,43,201
4,35,202
4,7,203
4,15,24
3208,3,227
24,19,203
4,15,204
4,39,205
4,19,206
4,39,207
4,70,16
5116,4,208
4,107,209
4,19,210
4,115,211
4,47,212
4,83,213
4,31,214
4,18,17
9488,3,15
24,19,15
4,20,215
4,39,216
4,79,217
4,59,218
4,39,219
4,23,220
4,39,221
4,47,222
4,39,223
4,27,224
4,11,225
4,59,226
4,31,227
4,15,228
4,23,229
4,63,230
4,31,231
4,63,232
4,7,233
4,15,234
4,31,235
4,14,14
1368,4,235
4,43,236
4,51,237
4,119,238
4,19,239
4,15,240
4,11,241
4,3,242
4,31,243
4,51,244
4,6,18
7768,4,244
4,71,245
4,75,246
4,31,247
4,43,248
4,59,249
4,70,18
7124,4,249
4,15,250
4,51,251
4,7,252
4,51,253
4,55,254
4,39,255
4,62,16
164595,24,180
24,19,1
4,3,2
4,39,3
4,15,4
4,63,5
4,107,6
4,6,12
352,3,16
11176,3,16
4,40,8
4,59,9
4,27,10
4,19,11
4,35,12
4,107,13
4,27,14
4,14,15
10364,3,16
20,15,16
4,52,15
4,51,16
4,47,17
4,71,18
4,3,19
4,27,20
4,3,21
4,3,22
4,39,23
4,35,24
4,95,25
4,3,26
4,43,27
4,27,28
4,55,29
4,23,30
4,35,31
4,51,32
4,34,18
4532,3,16
12,4,33
4,67,34
4,27,35
4,27,36
4,123,37
4,7,38
4,3,39
4,47,40
4,27,41
4,3,42
4,19,43
4,3,44
4,39,45
4,31,46
4,59,47
4,35,48
4,59,49
4,10,19
9600,3,16
16,11,16
4,52,50
4,31,51
4,91,52
4,51,53
4,71,54
4,47,55
4,35,56
4,75,57
4,43,58
4,43,59
4,3,60
4,75,61
4,27,62
4,67,63
4,99,64
4,31,65
4,122,14
2584,4,65
4,15,66
4,55,67
4,35,68
4,79,69
4,11,70
4,31,71
4,3,72
4,31,73
4,3,74
3228,3,4
8,6,16
4,44,75
4,31,76
4,71,77
4,31,78
4,3,79
4,35,80
4,23,81
4,71,82
4,51,83
4,3,84
4,19,85
4,19,86
4,35,87
4,35,88
4,35,89
16012,6,16
4,44,91
4,22,19
356,4,91
4,22,13
7812,3,16
28,23,16
4,40,92
4,67,93
4,11,94
4,7,95
4,11,96
4,71,97
4,71,98
4,15,99
4,3,100
4,19,101
4,87,102
2964,3,64
8,6,16
4,68,103
4,99,104
4,90,17
9660,3,16
64,56,105
4,23,106
4,31,107
4,3,108
8104,6,16
4,36,110
4,43,111
4,51,112
4,71,113
4,3,114
4,79,115
4,63,116
4,11,117
4,11,118
4,59,119
4,35,120
4,15,121
4,39,122
4,63,123
4,35,124
4,6,18
508,4,124
4,87,125
4,6,19
9220,4,102
16,10,16
4,8,126
4,43,127
4,27,128
4,3,129
4,19,130
4,7,131
4,19,132
4,3,133
4,11,134
4,27,135
4,19,136
4,67,137
4,31,138
4,51,139
4,31,140
4,11,166
16,15,140
4,47,141
4,35,142
4,23,143
4,43,144
4,38,18
8620,3,16
12,4,145
4,35,146
4,3,147
4,6,17
2972,4,147
4,15,148
4,15,149
4,51,150
4,43,151
4,51,152
4,51,153
4,63,154
4,43,155
4,91,156
4,11,157
4,43,158
4,15,159
4,35,160
4,3,161
4,75,162
4,83,163
4,23,164
4,111,165
1112,7,166
4,47,167
4,59,168
4,35,169
4,11,170
4,51,171
4,31,172
4,15,173
4,22,18
24,23,16
4,12,174
4,11,175
4,3,176
4,18,15
1888,4,176
4,35,177
4,7,178
4,67,179
4,11,180
4,51,181
4,23,182
4,43,183
4,15,184
4,7,185
4,43,186
4,10,14
5704,4,186
4,38,14
9684,3,16
12,4,187
4,38,13
10344,3,16
28,20,188
4,67,189
4,47,190
4,3,191
4,27,192
4,11,193
4,11,194
4,51,195
4,35,196
4,67,197
4,47,198
4,35,199
4,35,200
4,15,201
4,3,202
4,19,203
4,59,204
4,51,205
4,51,206
4,39,207
4,3,208
4,35,209
4,3,210
4,111,211
4,23,212
4,3,213
4,6,17
4544,4,213
4,70,13
88,11,16
10548,3,16
10512,3,16
4,32,216
4,39,217
4,55,218
4,55,219
4,27,220
4,27,221
4,27,222
4,31,223
4,27,224
4,83,225
4,3,226
4,27,227
4,31,228
4,75,229
4,47,230
4,26,15
10360,3,16
12,4,232
4,115,233
4,55,104
4,3,234
4,35,235
4,75,236
4,31,237
4,47,238
4,15,239
4,79,240
4,59,241
31320,6,16
8,3,16
4,36,242
4,51,243
4,18,18
6960,4,243
4,59,244
4,11,245
4,31,246
4,3,247
4,31,248
4,35,249
4,3,250
4,35,251
4,71,252
4,71,253
4,47,254
4,59,255
4,30,17
175099,72,1
4,87,2
4,35,3
4,15,4
4,43,5
4,23,6
4,59,7
4,51,8
4,147,9
4,51,10
4,35,11
4,35,12
4,75,13
4,3,14
4,115,15
4,3,16
4,95,17
4,3,18
4,99,19
4,51,20
4,91,21
4,27,22
4,23,23
4,47,24
4,35,25
4,75,26
4,14,18
5508,3,17
16,8,27
4,3,28
4,15,29
4,3,30
4,11,31
4,7,32
4,11,33
4,47,34
4,27,35
4,47,36
4,55,37
4,47,38
4,35,39
4,99,40
4,51,41
4,43,42
4,7,43
4,75,44
4,67,45
4,47,46
4,47,47
4,67,48
4,51,49
4,26,18
7896,3,17
16,8,50
4,55,51
4,23,52
4,63,53
4,39,54
4,83,55
4,35,56
4,39,57
4,7,16
12,11,57
4,15,58
4,75,59
4,3,60
4,39,61
4,35,62
4,55,63
4,79,64
4,3,65
4,27,66
4,31,67
7524,6,17
4,7,19
6916,3,17
16,11,17
4,72,69
4,67,70
4,3,71
4,31,72
4,3,73
4,3,74
4,31,75
4,43,76
4,87,77
4,19,78
4,91,79
4,51,80
4,34,19
1136,4,80
4,75,81
4,3,82
4,75,83
4,59,84
4,87,85
4,23,86
4,19,87
4,46,15
8644,3,17
48,40,88
4,34,20
400,4,88
4,3,89
4,10,16
5792,3,17
16,11,17
4,12,90
4,63,91
4,14,18
2616,4,91
4,3,92
4,23,93
4,3,94
4,75,95
4,75,96
4,143,97
4,75,98
4,59,99
4,31,100
4,67,101
4,59,102
4,7,103
4,3,104
4,35,105
4,7,106
4,27,107
4,39,108
4,11,109
4,67,110
4,59,111
4,3,112
4,35,113
4,42,18
5596,3,17
28,20,114
4,59,115
4,15,116
4,39,117
4,3,118
4,3,119
4,63,120
4,51,121
4,39,122
4,70,15
2328,4,122
4,3,123
4,3,124
4,3,125
4,23,126
4,83,127
4,59,128
4,7,129
4,15,130
4,43,131
4,51,132
4,51,133
4,87,134
4,55,135
4,83,136
4,3,137
4,3,138
4,47,139
4,35,140
4,27,141
4,59,142
4,27,143
4,63,144
4,7,145
4,19,146
4,39,147
4,51,149
4,35,150
4,3,151
4,23,152
4,31,153
4,3,154
4,87,155
4,71,156
4,31,157
4,15,158
4,31,159
4,11,160
4,47,161
4,39,162
4,39,163
4,27,164
4,3,165
4,39,166
4,39,167
4,15,168
4,34,19
4556,4,168
24516,6,17
40,24,169
4,3,170
4,43,171
4,11,172
4,3,173
4,7,174
4,3,175
4,71,176
4,35,177
4,87,178
4,79,179
4,14,14
8708,3,17
20,12,180
4,27,181
4,39,182
4,31,183
4,7,184
4,3,185
4,27,186
4,63,187
4,35,188
4,67,189
4,59,190
4,31,191
4,31,192
4,51,193
4,19,194
4,39,195
4,3,196
4,3,197
4,11,198
4,43,199
4,91,200
4,3,201
4228,3,102
8,6,17
4,56,202
4,3,203
4,51,204
4,27,205
4,3,206
4,59,207
4,3,208
4,7,209
4,10,18
3444,4,209
4,43,210
4,47,211
4,19,212
29508,6,17
4,28,214
4,26,18
7084,4,214
4,3,215
4,7,216
4,39,217
4,39,218
4,15,219
4,59,220
4,43,221
4,91,222
4,54,20
432,4,222
4,3,223
4,3,224
4,15,225
4,83,226
4,51,227
4,3,228
4,11,229
4,23,230
4,35,231
4,82,15
6188,4,231
4,23,232
4,3,233
4,3,234
4,27,235
4,103,236
4,19,237
4,86,19
8312,4,237
4,7,238
4,103,239
4,19,240
4,19,241
4,94,19
2544,4,241
4,31,242
4,3,243
4,30,18
7732,4,243
4,11,244
4,27,245
4,14,18
4744,4,245
4,19,246
18772,6,17
10556,3,17
10524,3,17
4,16,249
4,47,250
4,43,251
4,31,252
4,47,253
4,71,254
4,23,255
4,14,18
185487,36,57
8,3,1
4,7,2
4,43,3
4,23,4
4,67,5
4,23,6
4,3,7
4,3,8
4,19,9
4,27,10
4,51,11
4,71,12
4,47,13
4,3,14
4,70,17
9544,3,18
28,20,15
4,7,16
4,3,17
4,35,18
4,3,19
4,3,20
4,47,21
4,10,21
9192,3,18
16,11,18
4,24,22
4,31,23
4,123,24
4,43,25
4,31,26
4,43,27
4,15,28
4,35,29
4,67,30
4,7,31
4,47,32
4,3,33
4,51,34
4,31,35
4,27,36
4,31,37
4,103,38
4,35,39
4,3,40
4,39,41
4,3,42
4,15,43
4,103,44
4,35,45
4,3,46
4,39,47
4,35,48
4,11,49
4,135,50
4,11,51
4,3,52
4,47,53
4,31,54
4,51,55
4,51,56
4,35,57
4,43,58
4,15,59
4,39,60
4,27,61
4,47,62
4,43,63
4,47,64
4,23,65
4,71,66
4,31,67
4,27,68
4,35,69
4,35,70
4,27,71
4,6,16
5016,3,18
12,7,18
4,4,72
4,75,73
4,79,74
4,3,75
4,47,76
4,11,77
4,95,78
4,87,79
4,11,80
4,43,81
4,11,82
4,3,83
4,51,84
4,55,85
4,23,86
4,59,87
4,3,88
4,7,89
4,115,90
4,39,91
4,35,92
4,75,93
4,15,94
4,43,95
4,35,96
4,115,97
4,11,98
4,31,99
4,35,100
4,3,101
4,19,102
4,15,103
4,43,104
4,51,105
4,27,106
4,7,107
4,63,108
4,67,109
4,3,110
4,55,111
4,75,112
4,59,113
4,47,114
4,75,115
4,19,116
4,71,117
4,27,118
4,59,119
4,115,120
4,35,121
4,51,122
4,71,123
4,55,124
4,23,125
4,31,126
4,23,127
4,35,128
4,31,129
4,3,130
4,3,131
4,15,132
4,3,133
4,3,134
4,18,19
3996,4,134
4,43,135
4,67,136
4,7,137
4,31,138
4,31,139
4,19,140
4,3,141
4,51,142
4,27,143
4,35,144
4,3,145
4,10,17
5256,4,145
4,27,146
4,67,147
4,15,148
4,35,149
4,35,150
4,3,151
4,39,152
4,99,153
14968,6,18
4,32,155
4,79,156
4,43,157
4,35,158
4,35,159
4,79,160
4,75,161
4,14,17
5588,4,161
4,3,162
4,27,163
4,31,164
4,27,165
4,63,166
4,23,167
4,27,168
4,35,169
2592,7,169
4,27,170
4,67,171
4,27,172
20472,6,18
4,48,174
4,83,175
4,67,176
4,35,177
4,107,178
4,31,179
4,3,180
4,111,181
4,19,182
4,43,183
4,43,184
4,3,185
4,7,186
4,3,187
4,11,188
4,54,17
8696,3,18
28,20,189
4,7,190
4,59,191
4,27,192
4,39,193
4,43,194
4,23,195
4,66,20
492,4,196
4,19,197
4,55,198
4,38,20
8920,3,18
12,4,199
4,59,107
16,15,200
4,39,201
4,51,202
4,23,203
4,31,204
4,3,205
4,47,206
4,23,207
4,35,208
4,3,209
4,55,210
4,31,211
4,47,212
4,91,213
4,3,214
4,11,215
4,47,216
4,3,217
4,34,17
9452,3,18
16,11,16
696,4,217
4,7,218
4,55,219
4,63,220
4,3,221
4,11,222
4,15,223
4,107,224
4,35,225
4,83,226
4,35,227
4,6,19
6972,4,227
4,23,228
4,3,229
4,3,230
4,75,231
4,3,232
4,3,233
4,59,234
4,15,235
4,51,236
4,31,237
4,31,238
4,7,239
4,43,240
4,15,241
4,47,242
4,143,243
4,39,244
4,135,245
4,39,246
4,3,247
4,3,248
14956,6,18
4,28,250
4,135,251
4,7,252
4,27,253
4,111,254
4,27,255
4,58,19
195587,39,19
10128,3,19
4,32,2
4,59,3
4,51,4
4,35,5
4,59,6
4,35,7
4,70,16
1728,3,19
10296,3,19
4,68,9
4,47,10
4,47,11
4,23,12
4,7,13
4,95,14
4,23,15
4,3,16
4,31,17
4,3,18
4,71,19
4,15,20
4,23,21
4,3,22
4,15,23
4,3,24
4,19,25
4,59,26
4,99,27
4,14,22
8260,3,19
20,15,19
4,28,28
4,19,29
4,79,30
4,15,31
26268,6,19
10248,3,19
10200,3,19
6176,3,19
4,96,35
4,67,36
4,39,37
4,87,38
4,35,39
4,71,40
4,27,41
4,59,42
4,19,43
4,71,44
4,3,45
4,3,46
4,3,47
4,27,48
4,35,49
4,19,50
4,23,51
4,23,52
4,58,17
8300,3,19
32,24,53
4,51,54
4,67,55
4,43,56
4,62,21
9592,3,19
60,52,57
4,31,58
4,15,59
4,27,60
4,6,18
8736,3,19
12,7,19
4,16,61
4,27,62
4,51,63
4,83,64
4,7,65
4,3,66
4,3,67
4,31,68
4,27,69
4,19,70
4,3,71
4,63,72
4,31,73
4,43,74
4,3,75
4,7,76
4,30,16
1664,4,76
4,82,17
2108,4,77
4,35,78
4,19,79
30400,6,19
4,60,81
4,34,16
4272,3,19
24,16,82
4,35,83
4,3,84
4,43,85
4,7,86
4,7,87
4,39,88
4,23,89
4,43,90
4,55,91
4,67,92
4,3,93
4,23,94
4,3,95
4,7,96
4,19,97
4,107,98
4,51,99
4,3,100
4,71,101
4,3,102
4,59,103
4,31,104
4,59,105
4,47,106
4,23,107
4,35,108
4,59,109
4,23,110
4,31,111
4,51,112
4,11,113
4,35,114
4,3,115
4,3,116
4,47,117
4,11,118
4,11,119
4,47,120
4,87,121
2216,3,105
8,6,19
4,8,122
4,55,123
4,39,124
4,3,125
4,59,126
4,7,127
4,43,128
4,3,129
4,11,130
4,35,131
4,11,132
4,3,133
4,35,134
4,31,135
4,3,136
4,63,137
4,35,138
4,31,139
4,15,140
4,19,84
4,3,141
4,7,142
4,43,143
4,43,144
4,75,145
4,86,22
3768,4,145
4,27,146
2724,7,146
4,43,147
4,39,148
4,19,149
4,59,150
4,31,151
4,107,152
4,67,153
4,3,154
4,27,155
4,71,156
4,63,157
4,3,158
4,35,159
4,79,160
4,27,161
4,43,162
4,3,163
4,35,164
4,23,165
4,38,18
8368,3,19
44,39,19
4,4,166
4,27,167
4,3,168
4,39,169
4,23,170
4,3,171
4,75,172
4,11,173
4,31,174
4,55,175
4,31,176
4,79,177
4,47,178
4,27,179
4,55,180
4,59,181
4,47,182
4,15,183
4,43,184
4,63,185
4,63,186
4,31,187
4,31,188
4,59,189
4,23,190
4,27,191
4,15,192
4,3,193
4,18,17
8780,3,19
24,16,194
4,3,195
4,43,196
4,15,197
4,47,198
4,23,199
4,27,200
4,7,201
4,35,202
4,3,203
4,115,204
4,3,205
4,7,206
4,15,207
4,31,208
4,35,209
4,19,210
4,23,211
4,11,212
4,39,213
4,11,214
4,62,17
7076,4,214
4,7,215
4,50,18
2228,4,215
4,27,216
4,87,217
4,47,218
4,63,219
4,47,220
4,27,221
4,3,222
4,3,223
4,19,224
4,35,225
4,63,226
4,43,227
4,55,228
4,39,229
4,11,230
4,11,231
4,27,232
4,83,233
4,51,234
4,39,235
4,31,236
4,10,21
6008,4,236
4,39,237
4,67,238
4,71,239
4,3,240
4,7,241
4,7,242
4,31,243
4,67,244
4,23,245
4,35,246
4,47,247
4,55,248
2188,7,248
4,27,249
4,3,250
4,3,251
4,11,252
4,47,253
4,3,254
4,55,255
4,6,20
205003,7,20
4,8,1
4,75,2
4,47,3
4,3,4
4,7,5
4,79,6
4,3,7
4,15,8
4,55,9
4,19,10
4,27,11
4,31,12
4,95,13
4,71,14
4,31,15
4,95,16
4,47,17
4,26,17
2084,3,20
32,27,20
4,32,18
4,91,19
4,71,20
4,79,21
4,39,22
4,63,23
4,3,24
4,3,25
4,63,26
4,51,27
4,31,28
4,3,29
4,31,30
4,79,31
4,15,32
4,63,33
4,35,34
4,3,35
4,31,36
4,35,37
4,31,38
4,31,39
4,47,40
4,115,41
4,51,42
4,70,17
2444,3,20
24,16,43
4,27,44
4,19,45
4,79,46
4,55,47
4,3,48
4,3,49
4,31,50
4,19,51
4,7,52
4,55,53
4,15,54
4,7,55
4,43,56
4,99,57
4,3,58
4,43,59
4,3,60
4,27,61
4,27,62
4,3,63
4,31,64
4,43,65
4,59,66
4,107,67
4,47,68
4,27,69
4,11,70
4,107,71
4,15,72
4,62,21
492,4,72
4,43,73
4,23,74
4,79,75
4,51,76
4,19,77
4,67,78
4,59,79
4,47,80
4,7,81
4,55,82
4,3,83
4,35,84
4,31,85
4,71,86
4,55,87
4,31,88
4,19,89
4,35,90
4,35,91
4,19,92
4,3,93
4,55,94
4,27,95
4,15,96
4,51,97
4,31,98
4,14,17
4136,3,20
20,15,20
4,28,99
4,26,19
3952,4,99
4,15,100
4,19,101
25932,6,20
4,72,103
4,27,104
4,35,105
4,3,106
4,11,107
4,3,108
4,19,109
4,7,110
4,3,111
4,79,112
4,67,113
4,31,114
4,3,115
4,27,116
4,3,117
4,71,118
4,23,119
4,79,120
4,19,121
4,35,122
4,7,123
4,7,124
4,30,19
44,4,124
4,11,125
4,43,126
4,3,127
4,51,128
4,67,129
4,70,21
5192,4,129
4,11,130
4,55,26
8,7,131
4,59,132
4,10,19
9124,3,20
16,11,20
4,4,70
12,11,133
4,42,17
6308,3,20
48,43,20
4,72,134
4,23,135
4,119,136
4,11,137
4,23,138
4,22,18
5872,3,20
16,8,139
4,66,23
5140,4,139
4,15,140
4,58,17
9884,3,20
10284,3,20
4,16,142
4,107,143
4,35,144
4,71,145
4,67,146
4,47,147
4,23,148
4,27,149
4,3,150
4,19,151
4,43,152
4,67,153
4,75,154
4,31,155
4,27,156
4,31,157
4,27,158
4,51,159
4,55,160
4,35,161
4,107,162
4,3,163
4,35,164
4,3,165
4,55,166
4,31,167
4,87,168
4,23,169
4,51,170
4,27,171
4,3,172
4,31,173
4,39,174
4,7,175
4,3,176
4,15,177
4,3,178
4,3,179
4,47,180
4,35,181
4,55,182
4,31,183
4,51,184
4,7,185
4,99,186
4,23,187
4,87,188
4,15,189
4,3,190
4,51,191
4,7,192
4,59,193
4,22,23
2188,4,193
4,42,18
4584,4,193
4,19,194
4,51,195
4,43,196
4,7,197
4,3,198
4,59,199
4,3,200
4,51,201
4,43,202
4,27,203
4,99,204
4,7,205
4,47,206
4,91,207
4,3,208
4,35,209
4,47,210
4,31,211
4,75,212
4,31,213
4,42,18
6344,4,213
4,47,214
4,35,215
4,3,216
4,31,217
4,119,218
4,3,219
4,55,220
4,23,221
4,39,222
4,55,223
4,51,224
4,27,225
4,38,22
5348,4,225
4,3,226
4,3,227
4,35,228
4,19,229
4,83,230
4,3,231
4,19,232
4,67,233
4,79,234
4,3,235
4,31,236
4,31,237
4,3,238
4,3,239
4,27,240
4,47,241
4,15,242
4,27,229
28,27,243
4,3,244
4,31,245
4,43,246
4,3,247
4,39,248
4,62,19
7196,4,248
4,34,22
27804,4,73
40,31,249
4,23,250
4,31,251
4,35,252
4,27,253
4,19,254
4,71,255
4,70,21
215463,31,21
4,4,24
12,11,1
4,39,2
4,11,3
4,3,4
4,67,5
4,139,6
4,31,7
4,30,20
8008,3,21
36,31,21
4,40,8
4,19,9
4,59,10
4,67,11
4,35,12
4,59,13
4,59,14
4,15,15
4,79,16
4,63,17
4,19,18
4,27,19
4,95,20
4,39,21
4,3,163
8,7,21
4,111,22
4804,6,21
8,3,21
10528,3,21
4,132,24
4,87,25
4,3,26
4,27,27
4,51,28
4,46,20
3388,3,21
28,20,29
4,27,30
4,51,31
4,27,32
4,79,33
4,59,34
4,23,35
4,43,36
4,3,37
4,75,38
4,111,39
4,31,40
4,87,42
4,15,43
4,43,44
4,27,45
4,63,46
4,19,47
4,31,48
4,19,49
4,55,50
4,55,51
4,19,52
4,19,53
4,47,54
4,19,55
4,3,56
4,27,57
4,27,58
4,11,59
4,3,60
4,59,61
4,103,62
4,31,63
4,39,64
4,27,65
4,63,66
4,43,67
4,23,68
4,19,69
4,23,70
4,79,71
4,27,72
4,35,73
4,7,74
5916,6,21
10516,3,21
4,48,76
4,23,77
4,71,78
4,59,79
4,59,80
4,39,81
4,11,82
4,6,20
6388,3,21
12,7,21
4,40,83
4,54,19
6424,3,21
44,36,84
4,55,85
4,3,86
4,31,87
4,7,88
4,67,89
4,31,90
4,15,91
4,23,92
4,63,93
4,39,94
4,35,95
4,38,19
568,4,96
4,75,97
4,27,98
4,43,99
4,3,100
219711,3,131
8,6,21
4,76,101
4,3,102
4,27,103
4,31,104
19960,6,21
4,44,106
4,3,107
4,3,108
4,3,109
4,6,19
5732,3,21
12,7,21
4,11,20
7072,3,21
10700,3,21
4,40,111
4,34,19
10280,3,21
40,35,21
4,36,112
4,63,113
4,3,114
4,3,115
4,3,116
4,83,117
4,35,118
4,39,119
4,35,120
4,119,121
4,3,122
4,3,123
4,67,124
4,47,125
4,31,126
4,39,127
4,15,128
4,3,129
4,39,130
4,15,131
4,19,132
4,3,133
4,3,134
4,27,135
4,35,136
4,71,137
4,22,18
1108,4,137
4,51,138
4,23,139
4,3,140
4,3,141
4,3,142
4,87,143
4,7,144
4,18,20
7800,3,21
24,19,21
10168,3,21
4,8,146
4,39,147
4,22,19
1732,4,147
4,14,23
2108,4,147
4,27,148
4,23,149
4,39,150
4,67,151
4,35,152
4,31,153
4,39,154
4,55,155
4,27,156
4,31,157
4,27,158
4,11,159
4,27,160
4,35,161
4,35,162
4,79,163
4,6,22
9528,3,21
12,7,21
4,4,164
4,47,165
4,23,166
4,10,23
7344,3,21
16,11,21
4,24,167
4,35,168
4,15,169
4,18,22
17940,4,169
4,39,170
4,3,171
4,43,172
4,27,173
4,39,174
4,35,175
4,23,176
4,27,177
4,22,24
5564,4,177
4,31,178
4,27,206
32,31,179
4,3,180
4,59,181
4,59,182
4,35,183
4,35,184
4,11,185
4,119,186
4,47,187
4,51,188
4,67,189
4,3,190
4,59,191
4,83,192
4,23,193
4,35,194
4,59,195
4,67,196
4,47,197
4,55,13
8,7,198
4,51,199
4,3,200
4,31,201
4,19,202
4,63,203
4,23,204
4,3,205
4,47,206
4,47,207
4,19,208
4,11,13
16,15,208
4,11,209
4,63,210
4,83,211
4,63,212
4,79,213
4,63,214
4,35,215
4,79,216
4,115,217
4,3,218
4,51,219
4,47,220
4,7,221
4,83,222
4,43,223
4,3,224
4,3,225
4,3,226
4,11,227
4,23,228
4,15,194
8,7,229
4,43,230
4,63,231
4,27,232
4,39,233
4,67,234
4,79,235
4,31,236
4,35,237
4,7,238
4,3,239
4,35,240
4,19,241
4,83,242
4,15,243
4,43,244
4,43,245
4,23,246
4,47,247
4,19,248
4,27,249
4,30,24
3064,4,249
4,3,250
4,47,251
4,59,252
4,26,20
10036,4,253
4,47,254
4,43,255
4,91,197
8,6,19
4376,4,255
4,34,22
226015,19,22
4,60,1
4,3,2
4,71,3
4,39,4
4,35,5
4,46,24
3164,3,22
12,4,6
4,71,7
4,15,8
4,55,9
4,27,10
4,63,11
4,91,12
4,55,13
4,27,14
4,39,15
4,3,16
4,31,17
4,67,18
4,7,19
4,3,20
4,95,21
4,19,22
4,3,23
4,31,24
4,55,25
4,3,26
4,15,27
4,39,28
4,91,29
4,47,30
4,7,31
4,63,20
16,15,32
4,3,33
4,35,34
4,23,35
4,11,56
16,15,35
4,7,36
4,47,38
4,15,39
4,23,40
4,35,41
4,27,42
4,3,43
4,19,44
4,23,45
4,7,46
4,59,47
4,23,48
4,19,49
4,87,50
4,55,51
12812,6,22
4,40,53
4,47,54
4,35,55
4,47,56
4,51,57
4,3,58
4,23,59
4,3,60
17544,6,22
8,3,22
4,23,23
256,4,60
4,35,61
4,11,62
4,39,63
4,39,64
32328,6,22
8,3,22
4,24,65
4,15,66
4,3,67
4,75,68
4,83,69
4,7,70
4,19,71
4,75,72
4,31,73
4,31,74
4,55,75
4,59,76
4,23,77
4,55,78
4,79,79
4,94,21
4968,3,22
24,19,24
1520,4,79
4,15,80
4,43,81
4,23,82
4,35,83
4,19,173
12,11,84
4,19,85
4,43,86
4,3,87
4,27,88
4,27,89
4,3,90
4,35,91
4,39,92
4,3,93
4,3,94
4,31,95
4,15,96
4,3,97
4,66,23
7860,3,22
24,16,98
4,87,99
4,71,100
4,87,101
4,43,102
4,55,103
4,47,104
4,95,105
4,71,106
4,27,107
4,131,108
4,99,109
4,3,110
4,19,111
4,31,112
4,19,113
4,51,114
4,47,115
4,11,116
4,15,117
4,3,118
4,63,119
4,19,120
4,31,121
4,31,122
4,7,123
4,43,124
4,79,125
4,70,20
208,4,125
4,19,126
4,31,127
4,43,128
4,46,19
9888,3,22
10276,3,22
4,44,130
4,31,131
4,31,132
4,3,133
4,35,134
4,3,135
4,55,136
4,43,137
4,47,138
4,3,139
4,43,140
4,91,141
4,11,142
4,19,143
4,18,20
14232,3,22
16,8,144
4,71,145
4,39,146
4,3,147
4,27,148
4,27,149
4,15,150
4,3,151
4,3,152
4,30,24
6436,3,22
36,31,22
4,36,153
4,47,154
4,51,155
4,51,156
4,7,157
4,19,158
4,59,159
4,47,160
4,31,161
4,15,162
4,3,163
4,35,164
4,26,19
9564,3,22
20,12,165
4,71,166
4,63,167
4,19,168
4,3,169
4,39,170
4,67,171
4,31,172
4,31,173
4,67,174
4,71,175
4,82,23
9772,3,22
24,16,176
4,19,177
4,39,178
4,3,179
4,31,180
4,35,181
4,23,182
4,31,183
4,47,184
4,59,185
4,71,186
4,14,21
1888,4,186
4,83,187
4,91,188
4,19,189
4,91,190
4,31,191
4,39,192
4,3,193
4,23,194
4,6,20
492,4,194
4,31,195
4,35,196
4,47,197
4,47,198
4,27,199
4,6,25
2680,4,199
4,23,200
4,47,201
4,59,202
4,67,203
4,75,204
4,67,205
4,15,206
4,47,207
4,15,208
4,51,209
2540,3,205
8,6,22
4,24,210
4,19,211
4,75,212
4,3,213
4,63,214
4,67,215
1760,3,82
8,6,22
4,28,216
4,79,217
4,11,218
4,11,219
4,19,220
4,43,221
4,27,222
4,3,223
4,78,21
1312,4,223
4,3,224
4,39,225
4,55,226
4,3,227
4,27,228
4,3,229
4,3,230
4,111,231
4,67,232
4,3,233
4,3,234
4,35,235
4,27,236
4,31,237
4,31,238
4,14,24
9424,4,239
4,3,240
4,39,241
4,3,242
4,3,243
4,55,244
4,55,245
4,70,20
6536,4,246
4,87,247
4,3,248
4,15,249
4,47,250
4,46,21
10136,3,22
12,4,251
4,59,252
4,62,21
7692,4,252
4,3,253
4,71,254
4,7,255
4,10,23
236175,64,1
4,31,2
4,31,3
4,47,4
4,71,5
4,15,6
4,23,7
4,47,8
4,51,9
4,27,10
4,3,11
4,3,12
4,15,13
4,35,14
4,127,15
4,63,16
236651,3,40
8,6,23
4,12,17
4,43,18
4,7,19
4,11,20
4,59,21
4,51,22
4,15,23
4,23,24
4,11,25
4,19,26
4,51,27
4,43,28
4,67,29
4,3,30
4,27,31
4,35,32
4,47,33
4,43,34
4,47,35
4,3,36
4,39,37
4,31,38
3272,6,23
8,3,23
4,28,39
4,35,40
4,19,41
4,111,42
4,19,43
4,3,44
4,3,45
4,51,46
4,7,47
4,51,48
4,43,49
4,3,50
4,74,20
1196,4,50
4,7,51
4,7,52
4,27,53
4,39,54
4,63,55
4,23,56
4,14,21
1720,4,57
4,58,24
212,4,57
4,7,58
4,71,59
4,71,60
4,59,61
4,23,62
4,35,63
4,115,64
4,3,65
4,47,66
4,15,67
4,14,26
1560,4,67
4,111,68
4,35,69
4,43,70
4,3,71
4,63,72
4,91,73
4,59,74
4,19,75
4,23,76
4,51,77
4,43,78
4,14,24
1852,4,78
4,39,79
4,43,80
4,7,81
4,47,82
4,35,83
4,15,84
4,39,85
4,23,86
4,47,87
4,31,88
4,7,89
4,15,90
4,87,91
4,31,92
4,63,93
4,39,94
4,7,95
4,27,96
4,55,97
4,35,98
4,75,99
4,63,100
4,27,101
4,99,102
4,35,103
4,3,104
4,3,156
8,7,104
4,59,105
4,3,106
4,11,107
4,83,108
4,31,109
4,47,110
4,43,111
4,15,112
4,87,113
4,39,143
44,43,113
4,6,24
1260,4,113
6912,3,14
24,11,114
4,51,115
4,27,116
4,7,117
4,15,118
4,3,119
4,31,120
4,27,121
4,27,122
4,35,123
4,39,124
4,3,125
4,35,126
4,79,127
4,71,128
4,55,129
4,31,71
8,7,130
4,30,22
1032,4,130
4,27,131
4,31,132
4,15,133
4,63,3
20,19,134
4,27,135
4,27,136
4,31,137
4,31,138
4,23,139
4,47,140
4,91,141
4,31,142
4,23,143
4,19,144
4,47,145
4,7,146
4,43,147
4,35,148
4,67,149
4,147,150
4,3,151
4,39,152
4,19,153
12808,6,23
4,64,155
4,23,156
4,47,157
4,38,25
1640,4,157
4,11,158
4,19,159
4,43,160
4,27,161
4,30,20
8504,3,23
36,28,162
4,54,22
152,4,162
4,7,163
4,39,164
4,43,165
4,63,166
4,3,167
4,3,168
4,22,21
6104,4,168
4,7,169
4,43,170
4,55,171
4,59,172
4,7,173
4,19,174
4,3,175
4,159,176
4,27,177
4,47,178
4,63,179
4,75,180
4,71,181
4,63,182
4,43,183
4,27,184
4,27,185
4,71,186
4,3,187
4,3,188
4,59,189
4,75,190
4,51,191
4,23,192
4,19,193
4,39,194
4,6,25
7272,4,194
4,47,195
4,15,196
4,31,197
4,7,198
4,51,199
4,103,200
4,35,201
4,31,202
4,15,203
4,3,204
4,55,205
4,47,206
4,86,26
3772,4,207
4,51,208
4,42,22
7176,4,208
4,3,209
4,67,210
4,95,211
4,27,212
4,35,213
4,27,214
4,51,215
4,27,113
32,31,215
4,3,216
4,39,217
4,27,218
4,103,219
4,35,220
4,19,221
4,27,222
4,11,223
4,51,224
4,59,225
4,31,226
4,27,227
4,55,228
4,51,229
4,23,230
4,3,231
4,3,232
4,127,233
4,3,234
4,27,235
4,15,236
4,35,237
4,3,238
4,55,239
4,11,240
4,31,241
4,35,242
4,43,243
4,10,24
7908,4,243
4,11,244
4,27,245
4,11,246
4,31,247
4,47,248
4,35,249
4,6,25
1548,4,249
4,43,250
4,10,25
5372,4,250
4,3,251
4,19,252
4,3,253
4,6,25
6048,4,253
4,7,210
12,11,254
4,67,255
4,54,24
246563,63,24
4,16,1
4,3,2
4,31,3
4,35,4
4,79,5
4,27,6
4,3,7
4,19,8
4,79,9
4,15,10
4,3,11
4,15,12
4,7,13
4,83,14
4,19,15
4,3,16
4,11,17
4,3,18
4,11,19
4,18,20
21580,4,19
4,31,20
4,75,21
4,51,22
4,11,23
4,31,24
4,19,25
4,35,26
4,30,26
9700,3,24
36,31,24
4,36,27
4,67,28
4,34,23
8984,3,24
24,16,29
4,27,30
4,39,31
4,39,32
4,35,33
4,3,34
4,39,35
4,19,36
4,23,37
4,91,38
4,35,39
4,19,40
4,51,41
4,39,42
4,11,226
16,15,42
4,7,43
4,39,44
4,3,45
4,19,46
4,27,47
4,59,48
4,35,49
4,47,50
4,35,51
4,34,26
7644,3,24
12,4,52
4,14,23
8168,3,24
20,15,24
4,28,53
4,7,54
4,31,55
4,59,56
4,39,57
4,3,58
4,51,59
4,15,60
4,63,61
4,11,62
4,39,63
4,19,64
4,11,65
4,3,66
4,31,67
12412,6,24
8,3,24
4,8,68
4,19,69
4,63,70
4,35,71
4,43,72
4,15,73
4,83,74
4,7,75
4,26,25
764,4,75
4,11,103
48,30,24
4,8,76
4,71,77
4,67,78
4,55,79
4,55,80
4,75,81
4,79,82
4,67,83
4,3,84
4,39,85
4,55,86
4,18,23
7600,3,24
12,4,87
4,15,88
4,3,89
4,35,90
4,11,91
4,27,92
4,35,93
4,14,21
3528,3,24
20,15,24
4,8,94
4,7,95
4,31,244
12,10,26
3144,4,95
4,11,96
4,3,97
4,47,98
4,71,99
4,63,100
4,99,101
4,35,102
4,99,103
4,38,21
6016,3,24
20,12,104
4,55,105
4,19,106
4,18,22
808,4,106
4,23,107
4,11,108
4,31,109
4,39,110
4,7,111
4,3,112
4,7,113
4,7,114
4,11,16
16,15,114
4,7,115
4,47,144
52,51,115
4,31,116
4,31,117
4,27,118
4,35,119
4,42,21
1804,4,119
4,39,120
4,67,121
4,43,122
4,3,123
4,63,124
4,3,125
4,3,126
4,95,127
4,55,128
4,7,129
4,19,130
4,23,131
4,23,132
4,23,133
4,23,134
4,7,135
4,15,136
4,43,137
4,23,138
4,27,139
4,19,140
4,23,141
4,39,142
4,23,143
4,67,144
4,51,145
4,35,146
4,19,147
4,51,148
4,3,149
4,39,150
4,30,27
3092,4,150
4,3,151
4,39,152
4,47,153
4,19,154
4,3,155
4,3,156
4,54,23
8712,3,24
16,8,157
4,71,158
4,34,21
7492,3,24
40,35,24
4,4,159
4,31,160
4,47,161
4,15,162
4,19,163
4,27,164
4,19,165
2592,3,210
8,3,166
4,19,167
4,7,168
4,35,169
72,3,233
8,6,24
4,12,170
4,39,171
4,27,172
4,3,173
4,51,174
4,67,175
4,107,176
4,31,177
4,31,178
4,63,179
4,59,180
4,3,181
4,51,182
4,19,183
4,23,184
4,79,185
4,11,186
4,15,187
4,59,188
4,59,189
4,31,190
4,7,191
4,51,192
4,51,193
4,11,194
4,3,195
4,39,196
4,83,197
4,19,198
4,62,25
4508,4,198
4,55,199
4,6,27
8324,3,24
12,7,24
4,20,200
4,10,21
1980,4,200
4,27,201
4,7,202
4,27,203
4,31,204
4,27,205
4,67,206
4,15,207
4,19,208
4,3,209
4,19,210
4,27,211
4,31,212
4,55,213
4,3,214
4,11,215
4,31,216
4,31,217
4,67,218
4,3,219
4,83,220
4,3,221
4,7,222
4,19,223
4,31,224
4,75,225
4,71,226
4,55,227
4,19,228
4,3,229
4,35,230
4,19,231
4,43,232
4,6,26
6704,4,232
4,39,233
4,51,234
4,43,235
4,59,236
4,7,237
4,35,238
4,35,239
4,47,240
4,31,241
4,55,242
4,67,243
4,31,244
4,63,245
4,3,246
4,19,247
4,3,248
4,55,249
4,7,250
4,39,251
4,51,252
4,3,253
4,67,181
4,3,254
4,35,255
4,38,25
255955,31,25
4,4,1
4,19,2
4,27,3
4,59,4
4,27,5
4,27,6
4,3,7
4,59,8
4,46,23
3764,3,25
32,24,9
4,43,10
4,15,102
20,19,10
4,27,11
4,11,12
4,55,13
4,19,14
4,55,15
4,31,16
4,103,17
4,55,18
4,115,19
4,18,27
8720,3,25
24,19,25
4,24,20
4,3,21
4,31,22
4,11,23
4,19,24
4,35,25
4,27,26
4,51,27
4,91,28
4,15,29
4,14,24
896,4,29
4,75,30
4,55,31
4,31,32
4,35,10
40,39,32
4,39,33
4,27,34
4,27,35
4,51,36
4,15,37
4,35,38
4,79,39
4,107,40
4,75,41
4,11,42
4,31,43
4,38,23
3100,3,25
9920,3,25
4,28,45
4,47,38
40,39,46
4,3,47
4,23,48
4,27,49
4,43,50
4,23,51
4,19,52
4,47,53
4,3,54
4,3,55
4,34,23
3608,3,25
40,35,25
4,12,56
4,11,57
4,31,58
4,55,59
4,39,60
4,59,61
4,23,62
4,19,63
4,3,64
4,27,65
4,3,66
4,63,67
4,47,68
4,31,69
4,38,24
9024,3,25
44,39,25
9964,3,25
4,20,71
4,15,72
4,55,73
4,67,74
4,26,23
5588,3,25
9980,4,75
4,22,24
7924,3,25
8,3,26
4772,3,25
8088,3,25
4,72,77
4,83,78
4,103,79
4,15,80
4,67,81
4,43,82
4,15,83
4,87,84
4,27,85
4,35,86
4,91,87
4,47,88
4,31,89
4,18,24
4292,3,25
24,19,25
4,20,90
4,31,91
4,3,92
4,35,93
4,30,26
2848,4,93
4,3,94
4,3,95
4,31,96
4,111,97
4,35,98
4,35,99
4,51,100
4,51,101
4,6,24
1284,4,101
4,11,102
4,75,103
4,91,104
4,58,26
5964,3,25
16,8,105
4,35,106
4,51,107
4,7,108
4,3,109
4,27,110
4,3,111
4,51,112
4,43,113
4,39,183
12,11,114
4,31,115
4,63,116
4,7,117
4,59,118
4,63,119
4,43,120
4,11,121
4,11,122
4,23,123
4,59,124
4,63,125
4,83,227
12,11,126
4,75,127
4,127,128
4,67,129
4,51,130
4,3,131
4,7,132
4,79,133
4,31,134
4,23,135
4,27,136
4,35,137
4,23,138
4,59,139
4,3,140
4,95,141
4,55,142
4,55,143
4,54,28
5532,4,143
4,10,22
6780,3,25
16,8,144
4,31,145
4,111,146
4,43,147
4,39,148
4,63,149
4,15,150
2060,3,88
8,6,25
4,16,151
4,23,152
4,71,153
4,3,154
4,31,155
4,23,156
4,3,157
4,39,158
4,62,24
1964,4,158
4,19,159
4,15,160
4,35,161
4,31,162
4,3,163
4,7,164
4,14,24
8668,3,25
20,15,25
4,56,165
4,79,166
4,19,167
4,11,168
4,3,169
4,35,170
4,10,23
2436,4,170
4,10,24
8768,3,25
12,4,171
4,3,172
4,87,173
4,79,174
4,83,175
4,31,176
4,35,177
4,3,178
4,3,179
4,35,180
4,19,181
4,135,182
4,23,183
4,51,184
4,10,24
4196,4,184
4,31,185
4,15,186
4,11,187
4,79,188
4,95,189
4,115,190
4,47,191
4,18,28
6936,4,191
4,15,192
4,51,193
4,55,194
4,19,195
4,3,196
4,62,28
7612,4,196
4,67,197
4,35,198
4,15,199
4,7,200
4,3,201
4,27,202
4,3,203
4,3,204
4,27,205
4,7,206
4,31,207
4,59,208
4,47,209
4,35,210
4,23,211
4,27,212
4,10,22
1104,4,212
4,11,213
4,27,214
4,23,215
4,83,216
4,27,217
4,3,218
4,55,219
4,27,220
4,35,221
4,3,222
4,19,223
4,3,224
4,31,225
4,59,226
4,46,29
9096,4,227
4,95,228
4,3,229
4,27,230
4,34,29
8832,4,230
4,43,231
4,71,232
4,39,233
4,91,234
4,23,235
4,15,236
4,15,237
4,55,238
4,79,239
4,39,240
4,75,241
4,3,242
4,23,243
4,91,244
4,15,245
4,31,246
4,3,247
4,23,248
4,27,249
4,7,250
4,31,251
4,167,252
4,35,253
4,79,254
4,3,255
4,30,26
266855,32,1
4,55,2
4,59,3
4,39,4
4,35,5
4,51,6
4,3,7
4,15,8
4,50,23
12208,4,8
7172,6,26
4,15,23
10076,3,26
24,19,26
4,16,10
4,43,11
4,83,12
4,14,23
952,3,26
20,15,26
4,23,24
1444,3,26
1920,3,26
4,32,14
4,51,15
4,19,16
4,19,17
4,15,18
4,51,19
4,31,20
4,3,21
4,7,22
4,7,23
4,59,171
12,11,24
4,3,25
4,67,26
4,7,27
4,91,28
4,3,29
4,35,30
4,87,31
4,39,32
4,27,33
4,39,34
4,19,35
4,19,36
4,19,37
4,75,38
4,63,39
4,7,40
4,31,41
4,55,42
4,59,43
4,7,44
4,42,24
4380,3,26
44,36,45
4,19,46
4,15,47
4,43,48
4,79,49
4,59,50
4,10,28
5504,3,26
16,11,26
4,36,51
4,3,52
4,3,53
4,35,54
4,47,55
4,87,56
4,27,57
4,11,58
4,35,59
4,27,60
4,3,61
4,27,62
4,3,63
12412,3,233
8,6,26
4,20,85
12,11,64
4,35,65
4,75,66
4,3,67
4,7,68
4,39,69
4,3,70
4,3,71
4,39,72
4,3,73
4,3,74
4,3,75
4,63,76
4,19,77
4,35,78
4,23,79
4,27,80
4,27,81
4,31,82
4,23,83
4,47,84
4,22,27
9576,3,26
16,11,23
4484,3,26
44,23,26
4,20,85
4,103,86
4,103,87
4,43,88
4,71,89
4,7,90
4,7,91
4,3,92
4,19,93
4,43,94
4,51,95
4,19,96
4,75,97
4,95,98
4,23,99
4,67,100
4,23,101
4,3,102
4,35,103
4,3,104
4,43,105
4,71,106
4,43,107
4,35,108
4,79,109
4,39,110
4,14,25
4896,3,26
20,15,26
10252,3,26
4,47,28
9464,3,26
20,12,112
4,63,113
4,67,114
4,47,115
4,19,116
4,23,117
4,51,118
4,31,119
4,31,120
4,3,121
4,71,122
4,43,123
4,3,124
4,83,125
4,35,126
4,7,127
4,63,128
4,3,129
4,23,130
4,15,131
4,47,132
4,15,133
4,39,134
4,47,135
4,63,136
4,11,137
4,3,138
4,27,139
4,35,140
4,67,141
4,51,142
4,35,143
4,47,144
4,39,145
4,46,29
1968,4,145
4,11,146
4,43,147
4,3,148
4,15,149
4,91,150
4,7,151
4,35,152
4,3,153
4,67,154
4,47,155
4,11,156
4,35,157
4,3,158
4,67,159
4,63,160
4,19,161
4,51,162
4,43,163
4,3,164
4,23,165
4,39,166
4,3,167
4,27,168
4,15,169
4,3,170
2064,3,140
8,6,26
4,80,171
4,67,172
4,27,173
4,3,174
4,22,23
1500,4,174
4,3,175
4,19,176
4,14,27
6128,4,176
4,7,177
4,75,178
4,10,25
1116,4,178
4,11,179
4,87,180
4,3,181
4,3,182
4,67,183
4,3,184
4,35,185
4,3,186
4,43,187
4,31,188
4,47,189
4,31,190
4,3,191
4,47,192
4,62,24
4908,4,193
4,11,194
4,59,195
4,23,196
4,27,197
4,66,25
72,20,198
4,39,199
4,39,200
4,27,201
4,35,202
4,3,203
4,79,204
4,59,205
4,23,206
4,3,207
4,15,208
4,59,209
4,23,210
4,31,211
4,19,212
4,59,213
4,59,214
4,47,215
4,6,29
2092,4,215
4,15,216
4,3,217
4,11,218
4,38,25
1332,4,218
4,10,27
72,4,218
4,39,219
4,87,220
4,15,221
4,55,222
4,35,223
4,15,224
4,27,225
4,35,226
4,71,227
4,35,228
4,3,229
4,31,230
23900,6,26
8,3,26
4,19,24
9188,3,26
12,4,231
4,3,232
4,26,25
6024,4,232
4,11,233
4,19,234
4,3,235
4,27,236
4,3,237
4,15,238
4,23,239
4,27,240
4,3,241
4,59,242
4,23,243
4,71,244
4,3,245
4,39,246
4,35,247
4,39,248
4,3,249
4,3,250
4,27,251
4,39,252
4,35,253
4,55,254
4,55,255
4,30,27
276167,35,27
4,32,1
4,38,28
720,3,27
44,39,27
4,12,2
4,35,3
4,3,4
4,3,5
4,83,6
4,18,30
7960,3,27
24,19,27
4,40,7
4,11,8
4,31,9
4,47,10
4,103,11
4,51,12
4,35,13
4,11,193
8,7,14
4,3,15
4,7,16
4,63,17
4,39,18
4,151,19
4,47,20
4,87,21
4,3,22
4,19,23
4,51,24
4,27,25
4,39,26
4,11,27
4,11,28
4,43,29
4,23,30
4,3,31
4,27,32
4,15,33
4,71,34
4,7,35
4,22,28
8020,3,27
9428,3,27
4,8,37
4,34,26
3144,3,27
24,16,38
4,3,39
4,35,40
4,59,41
21764,6,27
8,3,27
4,20,42
4,79,43
4,63,44
4,3,45
21192,6,27
4,60,47
4,27,48
4,43,49
4,79,50
4,67,51
4,35,52
4,79,53
4,15,54
4,15,55
4,3,56
4,95,57
4,47,58
4,26,24
4072,3,27
32,27,27
4,23,25
6900,3,27
9492,3,27
4,52,60
4,75,61
4,39,62
4,47,63
4,35,64
4,55,65
4,23,66
4,39,67
4,7,68
4,47,69
4,39,70
4,15,71
27096,6,27
4,60,73
4,27,74
4,3,75
4,59,76
4,43,77
4,15,78
4,35,79
4,75,80
4,39,81
4,31,82
4,15,83
4,15,84
4,3,85
4,87,86
4,42,29
156,4,86
4,3,87
4,11,88
4,55,89
4,3,90
4,63,91
4,38,30
8392,3,27
24,16,92
4,7,93
4,51,94
4,3,95
4,3,96
4,43,97
4,51,99
4,39,100
4,107,101
4,63,102
4,3,103
4,51,104
4,103,105
4,63,106
4,75,107
4,27,108
4,31,109
4,26,30
7080,3,27
20,12,110
4,63,111
4,15,112
4,11,113
4,27,114
1108,3,150
8,6,27
4,16,115
4,27,116
4,3,246
8,7,116
4,103,117
4,26,26
6928,3,27
32,27,27
4,16,118
4,10,26
8484,3,27
12,4,119
4,3,120
4,3,121
4,31,122
4,3,123
4,35,124
4,15,125
4,18,30
2216,4,125
4,35,126
4,39,127
4,35,128
4,35,129
4,35,130
4,47,131
4,7,132
4,55,133
4,3,134
4,11,135
4,7,136
4,31,137
4,27,138
4,15,139
4,3,140
4,23,141
4,51,142
4,31,143
4,67,144
4,47,145
632,3,126
8,6,27
4,84,146
4,35,147
4,43,148
4,7,149
4,75,150
4,7,151
4,63,152
4,14,26
2600,4,153
4,35,154
4,27,155
4,43,156
4,51,157
4,3,158
4,3,159
4,3,160
4,95,161
4,59,162
4,35,163
4,39,201
24,22,28
7092,3,27
24,16,164
4,51,165
4,55,166
4,51,167
4,39,168
4,71,169
4,55,170
4,51,171
4,19,172
4,35,173
4,51,174
4,19,175
4,15,176
4,11,177
4,43,178
4,3,179
4,83,180
4,43,181
4,7,182
4,27,183
4,11,184
4,51,185
4,11,186
4,91,187
4,43,188
4,3,189
4,31,190
4,23,191
4,55,192
6880,7,193
4,87,194
4,59,195
4,15,196
4,95,197
772,7,197
4,91,198
4,23,199
4,39,200
4,55,201
4,19,202
3396,3,103
8,6,27
4,48,203
4,3,204
4,31,205
4,31,206
4,19,207
4,35,208
4,18,25
4628,4,208
4,54,29
1416,4,208
4,7,209
4,63,210
4,3,211
4,59,212
4,15,213
4,39,214
4,35,215
4,47,216
4,127,217
4,67,218
4,7,219
4,99,220
4,27,221
4,35,222
4,35,223
4,71,224
4,67,96
28,27,225
4,47,226
4,3,227
4,11,228
4,63,229
4,55,230
4,39,231
4,23,232
4,15,233
4,47,234
4,43,235
4,107,236
4,55,237
4,91,238
4,94,29
10136,3,27
28,20,239
4,35,240
4,95,241
4,55,242
4,31,243
4,6,28
1232,4,243
4,39,244
4,39,245
5500,7,246
4,67,247
4,51,248
4,11,249
4,19,250
4,23,251
4,23,252
4,75,253
4,3,254
4,51,255
4,6,28
286699,7,28
4,24,1
4,67,2
4,23,3
4,3,4
4,19,5
4,27,6
4,23,7
4,47,8
4,91,9
4,67,10
4,3,11
4,15,12
4,7,13
4,3,14
4,39,15
4,79,16
4,35,17
4,47,18
4,47,19
4,55,20
4,27,21
4,3,22
4,55,23
4,35,24
4,59,25
4,27,26
4,43,27
4,35,28
4,31,29
4,27,30
4,23,31
23484,6,28
4,35,26
692,4,32
4,27,33
4,79,34
4,27,35
4,31,228
36,34,24
1440,3,28
72,32,36
4,23,37
4,31,38
4,15,39
4,71,40
4,31,41
4,22,27
924,4,41
4,15,36
48,23,42
4,3,43
4,35,44
4,3,45
4,51,46
4,3,47
4,63,48
4,3,49
4,3,50
4,39,51
4,27,52
4,19,53
4,67,54
4,79,55
4,47,56
4,67,57
4,63,58
4,35,59
4,14,31
7816,3,28
20,15,28
4,72,60
4,51,61
4,3,62
4,55,63
4,15,64
4,47,65
4,47,66
4,51,67
4,23,68
4,63,69
4,3,70
4,63,71
4,3,72
4,46,29
3500,3,28
16,8,73
4,35,74
4,59,75
4,55,76
4,18,25
948,4,76
4,27,77
4,51,78
4,42,25
5152,3,28
10440,3,28
10404,3,28
4,27,29
9296,3,28
32,24,81
4,59,82
4,39,83
4,59,84
4,15,85
4,7,86
4,23,87
4,3,88
4,79,89
4,83,90
4,35,91
4,55,92
4,11,93
4,35,94
4,87,95
4,90,26
9432,3,28
20,12,96
4,11,97
4,31,98
4,43,99
4,7,100
4,3,101
4,35,102
4,15,103
4,11,104
4,55,105
4,27,106
4,46,29
2512,4,106
4,27,107
4,23,108
4,83,109
4,43,110
4,3,111
4,99,112
4,42,25
1676,4,112
4,15,113
4,42,31
29080,4,113
4,23,114
4,35,115
4,43,116
4,51,117
4,31,118
4,55,119
4,3,120
4,11,121
4,31,122
4,87,123
4,51,124
4,39,125
4,27,126
4,15,127
4,19,128
4,3,129
4,27,130
4,103,131
4,47,132
4,19,133
4,67,134
4,11,135
4,3,136
4,83,137
4,15,138
4,47,139
4,43,140
4,55,141
4,31,142
4,7,143
4,3,144
4,6,31
56,4,144
4,3,145
4,39,146
4,59,147
4,27,148
4,35,149
4,131,150
4,38,30
4216,4,150
4,11,151
4,95,152
4,47,153
4,7,154
4,3,155
4,15,156
4,35,157
24484,6,28
8,3,28
10740,3,28
4,4,159
4,47,160
4,27,161
4,55,162
4,55,163
4,35,164
4,31,165
4,15,166
4,30,30
5808,4,166
4,51,167
4,15,168
4,31,169
4,39,170
4,51,171
4,59,172
4,7,173
4,19,174
4,30,26
5716,4,174
4,3,175
4,23,176
4,35,177
4,3,178
4,35,179
4,3,180
4,27,181
4,23,182
4,15,183
4,47,184
4,51,185
4,79,186
4,11,187
4,35,188
4,43,189
4,55,190
4,3,191
4,67,192
4,59,193
4,27,194
4,3,195
4,23,196
4,31,197
4,43,198
4,23,199
4,23,200
4,11,201
4,59,202
4,3,203
4,15,204
4,35,205
4,3,206
4,3,207
4,7,208
4,19,209
4,11,210
4,3,211
4,7,212
4,67,213
4,91,22
4,3,214
4,3,215
4,31,216
4,55,217
4,3,218
4,47,219
4,51,220
4,38,30
4636,4,220
4,51,221
4,27,222
4,43,223
4,43,224
4,18,31
9524,3,28
12,4,225
4,59,226
4,7,227
4,35,193
7368,7,228
4,43,229
4,11,230
4,35,231
4,43,232
4,3,233
4,19,234
4,63,235
4,15,236
4,19,237
4,14,26
4144,4,237
4,43,238
4,3,239
4,3,240
4,35,241
4,51,242
4,11,243
4,3,244
4,31,245
4,35,246
4,3,247
4,59,248
4,7,249
4,95,250
4,43,251
4,47,146
12,11,252
4,27,253
4,67,254
4,23,255
4,62,29
268451,4,1
4,59,2
4,15,3
4,7,4
4,7,5
4,71,6
4,51,7
4,35,8
4,179,9
4,71,10
4,11,11
4,3,12
4,43,13
4,47,14
4,27,15
4,47,16
4,19,17
4,63,18
4,19,19
4,123,20
4,35,21
4,10,28
6032,3,29
16,11,29
2496,3,29
4,16,23
4,3,24
4,23,25
4,18,27
1856,3,29
16,8,26
4,31,27
4,7,28
4,51,29
4,11,30
4,3,31
4,99,32
4,3,33
4,11,34
4,23,35
4,58,26
4688,3,29
9416,3,29
4,52,37
4,67,38
4,11,39
4,51,40
4,87,41
4,51,42
4,31,43
4,55,44
7208,6,29
4,124,46
4,3,47
4,18,31
6492,3,29
24,19,29
4,12,48
4,51,49
4,75,50
4,59,51
4,15,52
4,3,53
4,43,54
4,79,55
4,63,56
4,27,57
4,63,58
4,47,59
4,15,60
4,18,28
6144,3,29
24,16,61
4,39,62
4,7,63
3900,3,179
8,6,29
4,4,64
4,7,65
4,19,66
4,15,67
4,11,68
4,39,69
4,59,70
4,63,71
4,55,72
4,3,73
4,71,74
4,83,75
4,43,76
4,95,77
4,31,78
4,11,79
4,39,80
4,59,81
4,111,82
4,42,27
1484,4,82
4,27,83
4,3,84
4,15,85
4,46,31
5604,3,29
40,32,86
4,27,87
4,7,88
4,43,89
4,35,90
4,35,91
4,3,92
4,63,93
4,15,94
4,3,95
27908,6,29
4,24,97
4,91,98
4,31,99
4,46,31
4292,3,29
36,28,100
4,63,101
4,39,102
16412,6,29
4,52,104
4,55,105
4,11,106
4,7,107
4,59,108
4,67,109
4,99,110
4,31,111
4,71,112
4,3,113
4,3,114
4,63,115
4,3,116
22052,6,29
8,3,29
4,48,117
4,11,118
4,23,119
4,3,120
4,15,121
4,31,122
4,59,123
4,18,30
9348,3,29
16,8,124
4,3,125
4,55,126
4,59,127
4,47,128
4,43,129
4,35,130
4,115,131
4,3,132
4,27,133
4,31,134
4,3,135
4,51,136
4,55,137
4,31,138
4,79,139
4,7,140
4,35,141
4,23,142
4,163,143
4,11,144
4,3,145
4,15,146
4,47,147
4,19,148
4,59,149
4,55,150
4,107,151
4,3,152
4,23,153
4,47,154
4,27,155
4,31,156
4,39,157
4,19,158
4,7,159
4,39,160
4,23,161
4,39,162
4,43,163
4,3,164
4,127,165
4,3,166
4,26,30
9596,3,29
32,27,29
4,28,167
4,47,168
4,3,169
4,19,170
4,19,171
4,7,172
4,23,173
4,27,174
4,59,175
276,3,207
8,6,29
4,15,30
8056,3,29
24,19,29
4,20,176
4,63,177
4,27,178
4,19,179
4,51,180
4,3,181
4,3,182
4,3,183
4,3,184
4,71,185
4,55,186
4,3,187
4,47,188
4,3,189
4,3,190
4,23,191
4,23,192
4,67,193
4,3,194
4,83,195
4,59,196
4,23,197
4,39,198
4,7,199
4,19,200
4,95,201
4,35,202
4,27,203
4,3,204
4,3,205
4,59,206
4,15,207
4,31,208
4,39,209
4,42,30
38896,4,209
4,67,210
4,47,211
4,31,212
4,3,213
4,27,214
4,23,215
4,3,216
4,67,217
4,19,218
4,3,219
4,59,220
4,7,221
4,15,222
4,15,223
4,11,224
4,35,225
4,27,226
4,83,227
4,71,228
4,47,229
4,19,230
4,47,231
4,43,232
4,63,233
4,27,234
4,75,235
4,35,236
4,38,28
860,4,236
4,11,237
4,87,238
4,27,239
4,51,240
4,23,241
4,7,242
4,3,243
4,26,27
1012,4,243
4,19,244
4,15,245
4,11,246
4,47,247
4,75,248
4,47,249
4,19,250
4,35,251
4,7,252
4,11,253
4,3,254
4,35,255
4,50,30
8060,4,255
306127,7,1
4,3,2
4,23,3
4,103,4
4,11,5
4,23,6
4,35,7
4,35,8
4,31,9
4,35,10
4,3,11
4,55,12
4,42,28
3424,3,30
12,4,13
4,3,14
4,26,31
3956,3,30
32,27,30
4,28,15
4,3,16
4,87,17
4,35,18
4,23,19
4,7,20
4,27,21
4,47,22
4,31,23
4,51,24
4,19,128
16,15,25
4,10,27
1320,3,30
16,11,30
4,52,26
4,43,27
4,3,28
4,27,29
4,3,30
4,27,31
4,43,32
4,27,33
4,7,34
4,71,35
4,47,36
4,7,37
4,71,38
4,7,39
4,23,40
4,127,41
4,7,42
4,39,43
4,22,27
2812,3,30
28,23,30
4,16,44
4,3,45
4,67,46
4,15,47
4,19,48
4,39,49
4,11,50
4,3,51
4,83,52
4,19,53
4,3,54
4,79,55
4,15,56
4,15,57
4,63,58
4,27,59
4,67,60
4,3,61
4,18,31
8356,3,30
24,19,30
4,4,62
4,3,63
4,43,64
4,51,65
4,79,66
4,27,67
4,50,28
612,4,67
4,43,68
4,7,69
4,75,70
4,51,71
4,3,72
4,7,73
4,75,74
4,35,75
4,3,76
4,3,77
4,83,78
4,55,79
4,35,80
4,31,81
4,87,82
4,35,83
4,91,84
4,79,85
4,3,86
4,23,87
4,3,88
4,39,89
4,71,90
4,18,31
9084,3,30
24,19,30
4,32,91
4,6,27
1948,4,91
4,15,182
20,19,91
4,23,92
4,51,93
4,63,94
4,50,28
3856,3,30
44,36,95
4,35,96
4,27,97
4,3,98
4,22,31
9248,3,30
28,23,30
4,4,99
4,35,100
4,63,101
4,43,102
4,27,103
4,23,104
4,51,105
4,7,106
4,19,107
4,23,108
4,15,109
4,115,110
4,19,111
4,54,31
6308,3,30
24,16,112
4,3,113
4,31,114
4,75,115
4,19,116
4,115,117
4,3,118
4,3,119
4,15,120
4,43,121
4,3,122
4,19,123
4,39,124
4,35,125
4,51,126
4,23,127
4,107,128
4,27,129
4,23,130
4,67,131
4,79,132
4,39,133
4,11,134
4,55,48
24,23,135
4,83,136
4,43,137
4,30,26
6924,3,30
12,4,138
4,43,139
4,31,140
4,11,141
4,15,142
4,27,143
4,11,144
4,67,145
4,27,146
4,19,147
4,31,148
4,27,149
4,23,150
4,19,151
4,19,152
4,43,153
4,59,154
4,19,155
4,3,156
4,39,157
4,31,158
4,135,159
4,35,160
4,63,161
4,14,31
764,4,161
4,15,162
4,47,163
4,27,164
4,3,165
4,39,166
4,23,167
4,3,168
4,27,169
4,19,204
24,23,169
4,147,170
4,38,27
24,20,171
4,39,172
4,3,173
4,3,174
4,19,175
4,63,176
4,55,177
4,51,178
14300,6,30
4,56,180
4,51,181
3648,7,182
4,63,183
4,3,184
4,35,185
4,15,186
4,15,187
4,27,188
4,11,189
4,3,190
4,43,191
4,51,192
4,3,193
4,3,194
4,7,195
4,131,196
4,35,197
4,59,198
4,7,199
4,70,27
1248,4,199
4,11,200
4,55,201
4,34,29
3844,4,201
4,31,202
4,11,203
1356,7,204
4,23,205
4,19,206
4,19,207
4,87,208
4,10,27
8756,3,30
16,11,30
4,40,209
4,3,210
4,3,211
4,27,212
4,15,213
4,3,214
4,71,215
4,27,216
4,7,217
4,27,218
4,99,219
4,95,220
4,23,221
4,67,222
4,111,223
4,35,224
4,15,225
4,167,226
4,63,227
4,27,228
4,19,229
4,31,230
4,35,231
4,3,232
4,3,233
4,39,234
4,55,235
4,31,236
4,59,237
4,3,238
4,35,239
4,75,240
4,35,241
4,31,242
4,3,243
4,10,27
980,4,243
4,63,244
4,15,245
4,3,246
4,15,247
4,23,248
4,47,249
4,63,250
4,10,28
2100,4,250
20,15,70
20,18,30
4,4,251
4,19,151
24,23,251
4,35,252
4,43,253
4,15,254
4,3,255
152,7,255
4,58,31
316195,30,0
4,5,1
4,39,2
4,71,3
4,23,4
4,19,5
4,27,6
4,34,27
1676,3,31
10092,3,31
4,60,8
4,39,9
4,63,10
4,3,11
4,3,12
4,75,13
4,51,14
4,35,15
4,99,16
4,15,17
4,19,18
4,3,19
4,3,20
4,59,21
4,79,22
4,47,23
4,43,24
4,19,25
4,31,26
4,58,30
8080,3,31
24,16,27
4,31,28
4,15,29
4,11,30
4,7,241
12,11,30
4,14,30
6516,3,31
12,4,31
4,15,32
4,91,33
4,19,34
4,18,27
1632,3,31
16,8,35
4,6,29
5620,3,31
12,7,31
4,56,36
4,35,37
4,31,38
4,43,39
4,55,40
4,27,41
4,3,42
4,3,43
4,131,44
4,15,45
4,19,46
4,15,47
4,27,48
4,39,49
4,3,50
4,31,51
4,19,52
4,63,53
4,87,54
4,3,55
4,23,56
4,47,57
4,31,58
4,39,59
4,23,60
4,3,61
4,3,62
4,35,63
4,11,64
4,39,65
4,23,66
4,39,67
4,27,68
4,27,69
4,31,70
4,47,71
4,115,72
4,39,73
4,31,74
4,15,75
4,55,76
4,31,77
4,3,78
4,59,79
4,23,80
4,83,81
4,55,82
4,3,83
4,54,29
2428,4,83
4,3,84
4,75,85
4,55,86
4,71,87
4,43,88
4,55,89
4,95,90
4,23,91
4,47,92
4,23,93
4,59,94
4,55,95
4,7,96
4,3,97
4,11,98
4,3,99
4,23,100
4,23,101
4,35,102
4,95,103
31900,6,31
8,3,31
4,52,104
4,15,105
4,31,106
4,47,107
4,31,108
4,47,109
4,11,110
28808,6,31
8,3,31
4,68,111
4,3,112
4,59,113
4,51,114
4,27,115
4,71,116
4,27,117
4,35,118
4,71,119
4,67,120
4,63,121
4,75,122
4,27,123
4,43,124
4,35,125
4,55,126
4,23,127
4,3,128
4,63,129
4,15,130
4,59,131
4,27,132
4,7,46
12,11,132
4,55,133
4,15,134
4,35,135
4,39,136
4,31,137
4,3,138
4,15,139
4,23,140
4,71,141
4,43,142
30548,6,31
4,32,144
4,27,30
8,7,145
4,55,146
4,75,147
4,31,148
4,43,149
4,42,30
1704,4,149
4,11,150
4,3,151
4,63,152
4,3,153
4,27,154
15664,6,31
4,68,156
4,55,157
4,19,158
4,27,159
4,39,160
4,67,161
4,3,162
4,71,163
4,15,164
4,67,165
4,23,166
4,3,167
4,11,168
4,3,169
4,35,170
4,59,171
4,51,172
4,15,173
4,27,174
4,3,175
4,71,176
4,67,177
4,23,178
4,34,29
4200,4,179
4,19,180
4,11,181
4,39,182
4,35,183
4,7,184
4,43,185
4,39,186
4,99,187
4,115,188
4,3,189
4,35,190
4,3,191
4,79,192
4,43,193
4,23,213
28,27,193
4,3,194
4,35,195
4,51,196
4,19,197
4,39,198
4,3,199
4,19,200
4,23,201
4,35,202
4,43,203
13504,6,31
4,56,205
4,39,206
4,55,207
4,3,208
4,35,209
4,23,210
4,11,211
4,35,212
4,23,213
4,47,214
4,35,215
4,11,216
4,3,217
4,15,218
4,55,219
4,75,220
4,31,221
4,7,222
4,3,223
4,3,224
4,19,225
4,59,226
4,27,227
4,3,228
4,119,229
4,3,230
4,27,231
4,66,30
8528,4,231
4,27,232
4,31,233
4,23,234
4,79,235
4,102,29
3168,4,236
4,35,237
4,3,238
4,11,247
16,15,238
4,31,239
4,23,240
4,75,241
4,47,242
4,19,243
4,47,244
4,3,245
4,35,246
308,7,247
4,67,176
16,15,248
4,67,249
4,3,250
4,3,251
4,43,252
4,63,253
4,35,254
4,23,255
4,19,146
21252,6,30
3764,4,53
7500,7,12
12680,7,146
5652,6,30
18376,4,159
6088,6,30
9876,4,169
15072,7,73
3500,6,29
2224,4,149
5040,7,83
4012,7,86
15916,6,29
1616,4,255
