0,0,0
1,1,5
0,0,72
4,2,1
0,0,243
8,3,111
4,2,3
0,0,247
12,3,67
4,3,17
4,2,0
0,0,35
3,2,6
0,0,25
8,3,205
24,3,52
4,3,48
12,3,61
28,3,184
8,3,93
8,3,118
4,2,4
0,0,164
4,2,2
0,0,59
28,3,222
20,3,139
20,3,85
16,3,193
4,3,44
4,3,89
20,3,89
36,3,8
4,3,35
12,3,82
4,3,123
24,3,232
8,3,36
112,3,42
8,3,100
28,3,46
56,3,254
4,3,236
28,3,29
16,3,90
12,3,70
148,6,2
0,0,132
36,3,19
8,3,13
16,3,154
12,3,37
8,3,58
16,3,202
4,3,57
68,3,252
124,3,232
4,3,71
24,3,242
60,3,234
36,3,221
184,3,213
20,3,85
4,3,205
24,3,163
20,3,0
1,7,1
4,43,2
4,3,3
4,23,4
4,11,5
4,39,6
4,35,7
4,3,8
4,70,5
0,0,136
24,19,9
4,71,10
4,3,11
4,39,12
4,19,13
4,55,14
4,35,15
4,59,16
4,23,17
4,27,18
4,67,19
4,19,20
4,27,21
4,3,22
4,31,23
4,3,24
4,99,25
4,27,26
4,51,27
4,62,3
0,0,133
68,66,0
0,0,28
4,59,29
4,3,30
4,55,31
4,43,32
4,3,33
4,3,34
1452,6,0
4,68,36
4,7,37
4,63,38
4,51,39
4,39,40
4,23,41
4,3,42
4,3,43
4,39,44
4,23,45
4,35,46
4,35,47
4,3,48
4,3,49
4,19,50
4,15,51
4,23,52
4,70,4
0,0,75
8,3,53
4,55,54
4,19,55
4,75,56
4,67,57
4,3,58
4,31,59
4,7,60
4,7,61
4,51,62
4,3,63
4,15,64
4,63,65
4,55,66
4,15,67
4,3,68
4,7,69
4,55,70
4,63,71
4,43,72
4,47,73
4,83,74
4,3,75
4,91,76
4,87,77
4,11,78
4,3,79
4,83,80
4,19,81
4,35,83
4,35,84
4,43,85
4,39,64
20,19,86
4,59,87
4,3,88
4,19,89
4,63,90
4,23,91
4,27,92
4,39,93
4,59,94
4,7,95
4,47,96
4,55,97
4,35,98
4,43,99
4,67,100
4,75,101
4,27,102
4,79,103
4,31,104
2052,3,11
8,6,0
4,12,105
4,26,3
3888,4,105
4,27,106
4,67,107
4,83,108
4,3,109
4,31,110
4,59,111
4,47,112
4,55,113
4,43,114
4,7,115
4,3,116
4,83,117
4,27,118
4,50,4
0,0,170
12,7,119
4,71,120
4,71,121
4,107,122
4,43,123
4,67,124
4,30,6
4972,4,124
4,39,125
4,63,126
4,3,127
4,3,128
4,3,129
4,27,130
4,3,131
4,11,132
4,11,133
4,11,134
4,31,135
4,55,136
4,27,137
4,27,138
4,47,139
4,143,105
8,7,140
4,63,141
4,43,142
4,51,143
4,27,144
4,31,145
4,35,146
4,38,8
3612,4,146
4,63,147
4,67,148
4,7,149
4,51,150
4,3,151
4,3,152
4,19,153
4,59,154
4,87,155
4,23,156
4,83,157
4,7,158
4,15,159
4,35,160
4,43,161
4,35,162
4,51,163
4,39,164
4,19,165
4,15,166
4,7,167
4,3,168
4,23,169
4,3,170
4,31,171
4,3,172
4,63,173
4,3,174
4,59,175
4,43,176
4,11,177
4,22,6
836,4,177
4,35,178
4,83,179
4,51,180
4,43,181
4,39,182
4,55,183
4,23,184
4,55,185
4,31,186
4,7,187
4,27,188
4,3,189
4,3,190
4,31,191
4,63,192
4,15,193
4,63,194
4,3,195
4,59,196
4,55,197
4,15,198
4,103,199
4,11,200
4,31,201
4,39,202
4,67,203
4,31,204
4,35,205
4,51,206
4,59,207
4,7,208
4,43,209
4,39,210
4,43,211
4,31,212
4,35,213
4,51,214
4,71,216
4,3,217
4,79,218
4,26,8
8024,4,219
4,63,220
4,74,4
5204,4,220
4,31,221
4,27,222
4,3,223
4,55,224
4,91,225
4,51,226
4,3,227
4,3,228
4,19,229
4,39,230
4,27,231
4,15,232
4,59,233
4,95,234
4,23,235
4,7,236
4,3,237
4,23,238
4,79,239
4,7,240
4,3,241
4,27,242
4,3,243
4,71,244
4,55,245
4,3,246
4,35,247
4,27,248
4,3,249
4,23,250
4,7,251
4,11,252
4,3,253
4,3,254
4,23,255
4,26,1
9579,44,135
28,26,0
8472,3,1
12,4,1
4,51,2
4,3,3
4,67,4
4,15,5
4,51,6
4,3,7
4,31,8
4,59,9
4,43,10
4,59,11
4,19,12
4,59,13
4,3,14
4,15,15
4,19,16
4,38,4
940,3,1
24,16,17
4,38,5
5528,3,1
28,20,18
4,43,19
4,11,20
4,15,21
4,18,4
1276,3,1
24,19,1
4,12,22
4,3,23
4,47,24
4,19,25
4,63,26
4,71,27
4,31,28
4,43,29
4,75,30
4,67,31
4,27,32
4,39,33
4,51,34
4,15,35
4,139,36
4,27,221
32,31,36
4,11,37
4,39,38
4,15,39
4,15,40
4,15,41
4,87,42
4,99,43
4,43,44
4,23,45
4,51,46
4,23,47
4,3,48
4,31,49
4,3,50
4,63,51
4,27,52
4,59,53
4,47,54
4,75,55
4,19,56
4,3,57
4,87,58
4,51,59
4,27,60
4,55,61
4,19,62
4,47,63
4,67,64
4,23,65
4,30,3
3228,3,1
10116,3,1
4,28,67
4,63,68
4,23,69
4,103,70
4,47,71
4,3,72
4,11,73
4,39,74
4,43,75
4,3,76
4,35,77
4,7,78
4,31,79
4,31,80
4,23,81
4,3,82
4,3,83
4,3,84
4,47,85
4,123,86
4,3,87
4,27,88
4,31,89
4,99,90
4,15,91
4,47,92
4,43,93
4,3,94
4,59,95
4,35,96
4,19,97
4,27,98
4,35,99
4,3,100
4,23,101
4,3,102
4,83,103
4,35,104
4,79,105
4,59,106
4,83,107
4,43,108
4,27,109
4,27,110
4,63,111
4,63,112
4,47,113
4,31,114
4,31,115
4,39,116
4,15,117
4,67,118
4,55,119
4,23,120
4,27,121
4,27,122
4,47,123
4,3,124
4,19,125
4,19,126
4,3,127
4,87,128
4,27,129
4,39,130
4,47,131
4,39,132
4,43,133
4,15,134
4,11,135
4,55,90
24,23,136
4,3,137
4,23,138
4,3,139
4,26,8
15160,4,139
4,51,140
4,3,141
4,15,142
4,51,143
4,7,144
4,3,145
4,35,146
4,10,7
8636,3,1
16,8,147
4,47,148
4,59,149
4,19,150
4,59,151
4,83,152
4,7,153
4,7,154
4,119,155
4,11,156
4,7,157
4,39,158
4,3,159
4,27,160
4,3,161
4,27,162
15804,6,1
4,36,164
4,3,165
4,50,6
896,4,165
4,19,166
4,3,167
4,6,4
8672,3,1
12,7,1
4,20,168
4,43,169
4,47,170
4,87,171
4,35,172
4,27,173
4,59,174
4,11,175
4,7,176
4,23,177
4,47,178
4,59,179
4,75,180
4,55,181
4,3,182
4,67,183
4,59,184
4,34,4
6484,4,184
4,23,185
4,34,6
9096,3,1
12,4,186
4,59,187
4,35,188
4,11,189
4,3,190
4,3,191
4,3,192
4,7,193
4,55,194
4,3,195
4,3,196
4,7,197
4,31,198
4,19,199
4,59,200
4,35,201
4,75,202
4,47,203
4,23,204
4,3,205
4,123,206
4,7,207
4,107,208
4,35,209
4,7,210
4,63,211
4,19,212
4,23,213
4,23,214
4,15,215
4,43,216
4,71,217
4,3,218
4,27,219
4,3,220
4,39,221
4,87,222
4,51,223
4,31,224
4,3,225
4,3,226
4,59,249
4,3,227
4,91,228
4,3,229
4,15,230
4,39,231
4,31,232
4,63,233
4,39,234
4,43,235
4,47,236
4,79,237
4,47,238
4,23,239
4,55,240
4,3,241
18784,6,1
4,64,243
4,51,244
4,7,245
4,87,246
4,15,247
4,79,248
4,35,249
4,75,250
4,43,251
4,7,252
4,87,253
4,7,254
4,75,255
4,54,2
19411,7,2
4,84,1
4,131,2
4,55,3
4,51,4
4,3,5
4,23,6
4,23,7
4,123,8
4,35,9
4,3,10
4,35,11
4,71,12
4,31,13
4,63,14
4,19,15
4,87,16
4,3,17
4,35,18
7980,3,184
8,6,2
4,12,19
4,111,20
4,15,21
4,75,22
4,31,23
4,95,24
4,11,25
4,31,26
4,35,27
4,107,28
4,75,29
4,75,30
4,103,31
4,18,5
10256,3,2
24,19,2
4,52,32
4,11,33
4,67,34
4,3,35
4,63,36
4,70,1
9536,3,2
32,24,37
4,75,38
4,67,39
4,11,40
4,39,41
4,22,9
7120,3,2
28,20,42
4,63,43
4,15,44
4,15,45
4,31,46
4,7,47
4,31,48
4,59,49
4,39,50
4,11,51
4,19,52
4,35,53
4,3,54
4,87,55
4,11,56
4,35,57
4,11,58
4,35,59
4,47,60
4,3,61
4,35,62
4,3,63
4,83,64
4,42,9
3392,3,2
40,32,65
4,31,66
4,79,67
4,23,68
4,63,69
4,63,70
4,51,71
4,59,72
4,42,8
3108,4,72
4,63,73
4,123,74
4,15,75
4,7,76
4,59,77
4,55,78
4,11,79
4,19,80
4,3,81
4,3,82
4,35,83
4,3,84
4,30,8
948,4,84
4,46,4
1620,4,84
4,27,85
4,51,86
4,3,87
4,19,88
4,71,89
4,59,90
4,103,91
4,135,92
4,31,93
4,31,94
4,3,95
4,47,96
4,3,97
4,43,98
4,3,99
4,3,100
4,71,101
4,23,102
4,3,103
4,23,104
4,31,105
4,39,106
4,3,107
4,3,108
4,19,109
4,23,110
4,3,111
4,23,112
4,51,113
4,55,114
4,47,115
4,23,116
4,59,117
4,3,118
4,75,119
4,67,120
4,59,121
4,3,122
4,63,123
4,7,124
4,63,125
4,15,126
4,35,127
4,31,128
4,55,129
4,15,130
4,19,131
4,91,132
4,31,133
4,54,9
4996,4,134
4,15,135
4,94,6
2708,4,135
4,11,136
4,43,137
4,43,138
4,59,139
4,15,140
4,43,141
4,31,142
4,3,143
4,19,144
4,23,145
4,3,146
4,23,147
4,67,148
4,3,149
4,3,150
4,27,151
4,107,152
4,59,153
4,3,154
4,3,155
4,71,156
4,111,157
4,31,158
4,27,159
4,31,160
4,71,161
4,31,162
4,63,163
4,3,164
4,31,165
4,35,166
4,51,65
36,35,167
4,47,168
4,43,169
4,47,170
4,3,171
4,31,172
4,3,173
4,3,174
4,31,175
4,23,176
4,35,177
4,23,178
4,103,179
4,43,180
4,23,181
4,11,182
4,3,183
4,3,184
4,31,185
4,43,186
4,35,187
4,43,188
4,35,189
4,3,190
4,87,191
4,99,192
27676,7,193
4,51,194
4,71,195
4,27,196
4,35,197
4,39,198
4,147,199
4,35,200
4,27,201
4,27,202
4,123,203
4,15,204
4,43,6
8,7,205
4,3,206
4,3,207
4,3,208
4,23,209
4,3,210
4,79,211
4,11,212
4,3,213
4,23,214
4,139,215
4,27,216
4,3,217
4,11,218
4,51,219
4,83,220
4,111,221
4,79,222
4,31,223
4,3,224
4,23,225
4,51,226
4,3,227
4,43,228
4,79,229
4,63,230
4,23,231
4,27,232
4,83,233
4,43,234
4,43,235
4,47,236
4,11,237
4,31,238
4,3,239
4,27,240
4,23,241
4,63,242
4,19,243
4,55,244
4,3,245
4,62,1
2632,4,245
4,3,246
4,35,247
4,59,248
4,3,249
4,3,250
4,55,251
4,31,252
4,3,253
4,31,254
4,31,255
4,38,3
30003,27,3
4,76,1
4,39,2
4,15,3
4,19,4
4,99,5
4,27,6
4,27,7
4,58,10
9188,3,3
32,24,8
4,7,9
4,15,10
4,107,11
4,19,12
4,59,13
4,35,14
4,39,15
4,31,16
4,31,17
4,91,18
4,47,19
4,83,20
4,19,21
4,27,22
4,35,23
4,6,8
1096,4,23
4,51,24
4,23,25
4,7,26
4,11,27
4,75,28
4,3,29
880,3,217
8,6,3
4,56,30
68,3,208
8,6,3
4,40,31
4,31,32
4,31,33
4,35,34
4,55,35
4,3,36
4,31,37
4,23,38
4,95,39
4,35,40
4,107,41
4,51,42
4,19,43
4,31,44
4,3,45
4,7,46
4,18,8
7220,3,3
24,19,3
4,32,47
4,99,48
4,67,49
4,19,50
4,87,51
4,47,52
4,119,53
4,7,54
4,39,55
4,63,56
4,39,57
4,7,58
4,3,59
4,55,60
4,79,61
4,79,62
4,7,63
4,35,64
4,63,65
4,31,66
4,27,67
4,39,68
4,3,69
4,6,8
4120,3,3
12,7,3
4,16,70
4,39,71
4,79,72
4,6,0
6164,3,3
12,7,3
4,32,73
4,7,74
4,3,75
4,55,76
4,43,77
4,7,78
4,75,79
4,47,80
4,91,81
4,31,82
4,43,83
4,35,84
4,11,85
4,27,86
4,35,87
4,7,88
4,35,89
4,59,90
4,91,91
4,19,92
4,43,93
4,63,94
4,59,95
4,31,96
4,3,97
4,7,98
4,23,99
4,39,52
12,11,100
4,83,101
4,3,102
4,3,103
4,83,104
4,47,105
4,35,106
4,55,107
4,82,6
9728,3,3
28,20,108
4,7,109
4,19,110
4,43,111
4,55,112
4,11,113
4,3,114
1800,3,163
8,6,3
4,16,115
4,55,116
4,31,117
4,19,118
4,11,119
4,59,120
4,87,121
4,7,122
4,15,123
4,43,124
4,7,125
4,3,126
4,71,127
4,59,128
4,79,129
4,35,130
4,3,131
4,10,5
4524,4,131
4,71,132
4,19,133
4,63,134
4,75,135
4,3,136
4,15,137
4,27,138
4,11,139
4,19,140
4,51,141
4,6,10
9432,3,3
12,7,3
4,24,142
4,3,143
4,15,144
4,115,145
4,59,146
4,47,147
4,23,148
4,27,149
4,63,150
4,71,151
4,3,152
4,3,153
4,23,154
4,43,155
4,22,0
6020,4,156
4,59,157
4,15,158
4,31,159
4,47,160
4,19,161
4,3,162
4,55,163
4,99,164
4,3,165
4,31,166
4,43,167
4,7,168
4,75,169
4,51,170
4,83,171
4,3,172
4,3,173
4,27,174
4,107,175
4,43,176
4,15,177
4,35,178
4,63,179
4,22,1
4324,4,179
4,3,180
4,75,181
4,31,182
4,6,10
3908,4,182
4,39,46
36,35,183
4,23,184
4,54,4
2724,4,185
4,34,9
2292,4,186
4,51,187
4,59,188
4,11,189
4,15,190
4,3,191
192,3,172
8,6,3
4,80,192
4,79,193
4,43,194
4,39,195
4,95,196
4,3,197
4,3,198
4,11,199
4,3,200
4,59,201
4,3,202
4,15,203
4,23,204
4,43,205
4,47,206
4,14,10
3616,4,206
4,38,7
1196,4,206
4,7,207
4,63,208
4,71,209
4,3,210
4,95,211
4,27,212
4,31,213
4,59,214
4,19,215
4,39,216
4,111,217
4,59,218
4,19,219
4,54,2
720,4,223
40,31,220
4,51,221
39520,6,3
4,68,223
4,39,224
4,51,225
4,22,4
6900,4,225
4,23,226
4,3,227
4,99,228
4,35,229
4,23,230
4,47,231
4,50,6
5044,4,232
4,35,233
4,35,234
4,31,235
4,47,236
4,10,10
9180,4,236
27632,6,3
4,44,238
4,3,239
4,3,240
4,51,241
4,91,242
4,35,243
4,63,244
4,35,245
4,27,246
4,67,247
4,115,248
4,95,249
4,15,250
4,3,251
4,3,252
4,39,253
4,3,254
4,19,255
4,18,4
40691,15,4
4,64,1
4,3,2
4,18,6
7424,3,4
24,19,4
4,4,3
4,15,4
4,55,5
4,6,0
1964,3,4
12,7,4
4,52,6
4,3,7
41184,7,8
4,63,9
4,11,10
4,35,11
4,35,12
4,59,13
4,19,14
4,79,15
4,51,16
4,71,17
4,55,18
4,83,19
4,71,20
4,7,21
4,23,22
4,3,23
4,51,24
4,75,25
4,43,26
4,23,27
4,79,28
4,23,29
4,19,30
4,27,31
4,3,32
4,26,11
256,4,32
26396,6,4
20,4,33
4,11,34
4,83,35
4,47,36
4,27,37
4,19,38
4,47,39
4,3,40
4,63,41
4,23,42
4,51,43
4,143,44
4,3,45
42768,6,4
4,92,47
4,27,48
4,43,49
4,35,50
4,3,51
4,31,52
4,3,53
4,67,54
4,99,55
4,63,56
4,59,57
4,14,6
2564,3,4
20,15,4
10540,3,4
10488,3,4
4,40,60
4,51,61
4,43,62
4,22,8
172,4,62
4,55,63
4,91,64
4,34,2
5288,3,4
12,4,65
4,3,66
4,35,67
4,15,68
4,107,69
4,59,70
4,15,71
4,31,72
4,63,73
4,19,74
4,31,75
4,55,76
4,43,77
4,23,78
4,19,79
4,39,80
4,103,81
4,7,82
4,35,83
5848,6,4
8,3,4
4,28,84
4,27,85
4,43,86
4,15,87
4,3,88
4,55,89
4,15,90
4,59,91
4,63,92
4,19,93
4,87,94
4,35,95
4,55,96
4,3,97
4,43,98
4,75,99
4,11,100
4,19,101
4,55,102
4,71,103
4,11,104
4,51,105
4,27,106
4,35,107
4,139,108
4,71,109
4,19,110
4,19,111
4,31,112
4,47,113
4,23,114
4,11,115
4,23,116
4,67,117
4,23,118
4,11,119
4,35,120
4,23,121
4,27,122
4,3,123
4,39,124
4,63,125
4,15,126
4,23,127
4,15,128
4,67,129
4,55,130
4,67,131
4,47,132
4,3,133
4,23,134
4,87,135
4,47,136
4,3,137
4,19,138
4,43,139
4,15,140
4,35,141
4,31,142
4,91,143
4,51,144
4,11,145
4,15,146
4,35,147
4,39,148
4,55,149
4,59,150
4,3,151
4,67,152
4,19,153
4,3,154
4,19,155
4,3,156
4,59,157
4,27,158
4,95,159
4,103,160
4,67,161
4,103,162
4,67,163
4,23,164
4,18,6
5496,4,164
4,31,165
4,63,166
4,43,167
4,6,0
3252,4,167
4,27,168
4,23,169
4,42,12
3424,4,169
4,35,170
4,7,171
4,10,12
5028,4,171
4,99,172
4,55,173
4,19,174
4,79,175
4,51,176
4,3,177
4,63,178
4,39,12
40,39,179
4,47,180
4,47,181
4,47,182
4,11,183
4,87,184
4,35,185
4,31,186
4,19,187
4,35,188
4,79,189
32916,6,4
4,48,191
4,47,192
4,63,193
4,3,194
4,55,195
4,55,196
4,83,197
4,131,198
4,87,199
4,3,200
4,31,201
4,51,202
4,51,203
4,27,204
4,3,205
4,27,206
4,19,207
4,3,208
4,75,209
4,3,210
4,3,211
4,23,212
4,35,213
4,35,214
4,11,215
4,7,216
4,31,217
4,11,218
4,7,219
4,55,220
4,3,221
4,43,222
4,3,223
4,31,224
4,71,225
4,83,226
4,59,227
4,31,228
4,31,229
4,3,230
4,19,231
4,75,232
4,7,233
40044,6,4
4,76,235
4,14,8
2772,4,235
4,11,236
4,3,237
4,15,238
4,3,239
4,59,240
4,47,241
4,139,242
4,6,10
980,4,242
4,23,243
4,59,244
4,59,245
4,19,246
4,11,247
4,3,248
4,11,249
4,3,250
4,23,251
4,23,252
4,35,253
4,39,254
4,14,10
3664,4,254
4,39,255
4,58,5
51167,20,1
4,63,2
4,10,0
800,3,5
16,11,5
4,28,3
4,43,4
4,19,5
4,67,6
4,43,7
4,3,8
4,39,9
4,63,10
4,15,11
4,19,12
4,63,13
4,19,14
4,22,11
6372,3,5
28,23,5
4,44,15
4,3,16
4,39,17
4,35,18
4,47,19
4,103,20
4,11,21
4,39,22
4,3,23
4,27,24
4,31,25
4,3,26
4,23,27
4,7,28
4,31,29
4,7,30
4,3,31
4,79,32
4,51,33
4,63,34
4,39,35
4,111,36
4,39,37
4,11,38
4,47,39
4,31,40
4,31,41
4,31,42
4,35,43
4,10,4
7092,3,5
16,11,5
4,7,6
624,4,43
4,3,44
4,67,45
4,7,46
4,31,47
4,3,48
4,3,49
4,23,50
4,23,51
4,35,52
4,3,53
4,35,54
4,19,55
4,83,56
4,3,57
4,35,58
4,47,59
4,43,60
4,11,61
4,139,62
4,51,63
4,31,64
4,55,65
4,3,66
4,19,67
4,91,68
4,95,69
4,31,210
36,35,69
4,67,70
4,23,71
4,95,72
4,119,73
4,3,74
4,19,75
4,31,76
4,43,77
4,103,78
4,15,79
4,91,80
4,107,81
4,51,82
4,71,83
4,27,84
4,47,85
4,23,86
4,26,2
472,4,86
4,71,87
4,42,10
3300,4,87
4,7,88
4,19,89
4,43,90
4,55,91
4,87,92
4,18,8
7528,3,5
24,19,5
4,87,13
1144,4,92
4,35,93
4,47,94
4,47,95
4,3,96
4,3,97
4,3,98
4,103,99
4,3,100
4,71,101
4,39,102
4,15,103
4,67,104
4,103,105
4,35,106
4,31,107
4,59,108
4,79,109
4,11,110
4,23,111
4,99,112
4,59,113
4,3,114
4,27,115
4,10,6
4144,4,116
4,35,117
4,43,118
4,3,119
4,95,120
4,19,121
4,59,122
4,3,123
4,83,124
4,27,125
4,35,126
4,39,127
4,63,128
4,71,129
4,23,130
4,31,131
4,51,132
4,79,133
4,23,134
4,18,9
5500,4,134
4,7,135
4,19,136
4,39,137
4,19,138
4,83,139
4,54,3
6532,3,5
20,12,140
4,23,141
4,51,142
4,31,143
4,3,144
4,3,145
4,47,146
4,55,147
4,19,148
4,63,149
4,26,2
224,4,149
4,15,150
4,27,151
4,35,152
4,15,153
4,70,9
2924,4,153
4,7,154
4,59,155
4,39,156
4,47,157
3096,3,136
8,6,5
4,40,158
4,71,159
4,67,160
4,63,161
4,78,12
7712,3,12
6508,4,161
4,19,162
4,59,163
4,55,164
4,55,165
4,51,166
4,119,167
4,3,168
4,23,169
4,115,170
4,3,171
4,39,172
4,3,173
4,35,174
4,15,175
4,3,176
4,43,177
4,47,178
4,39,179
4,75,180
4,19,181
4,59,182
4,7,183
4,3,184
4,27,185
4,35,186
4,27,187
4,11,188
4,35,189
4,31,190
4,67,191
4,35,192
4,39,193
4,59,194
4,23,195
4,23,196
4,27,197
4,27,198
4,51,199
4,63,200
4,147,201
4,11,202
4,31,203
4,23,204
4,14,12
5948,4,204
4,27,205
4,31,206
4,75,207
4,3,208
4,23,209
4,50,1
60736,4,209
4,11,210
4,75,211
4,35,212
4,23,213
4,19,214
4,3,215
4,31,216
4,67,217
4,35,218
4,11,219
4,47,220
4,55,221
4,31,222
4,35,223
4,35,224
4,59,225
4,51,226
4,63,227
4,55,228
4,35,229
4,10,9
1488,4,229
4,23,230
4,47,231
4,91,232
4,87,233
4,3,234
4,23,235
4,127,236
4,35,237
4,3,238
4,75,239
4,47,240
4,51,241
4,19,242
4,59,243
4,35,244
4,83,245
4,3,246
4,3,247
4,75,248
4,3,249
4,3,250
4,59,251
4,6,7
10836,4,251
4,91,252
4,23,253
4,55,254
4,3,255
4,30,6
1200,4,255
4,38,6
62407,4,1
4,51,2
4,87,3
4,18,0
2412,3,6
24,19,6
4,4,4
4,31,5
4,39,6
4,31,7
4,15,8
4,31,9
4,51,10
4,3,11
4,11,12
4,47,13
4,19,14
4,3,15
4,18,11
63276,4,15
4,23,16
4,3,17
4,39,18
4,39,19
4,27,20
4,3,21
4,59,22
4,3,23
4,35,24
4,59,25
4,11,26
4,39,27
4,31,28
4,47,29
4,39,30
4,3,31
4,75,32
4,55,33
4,23,34
4,63,35
4,42,8
6252,3,6
32,24,36
4,15,37
4,47,38
4,39,39
4,43,40
4,47,41
4,63,42
4,34,9
64160,4,42
4,15,43
4,39,44
4,19,45
4,3,46
4,55,47
4,3,48
4,19,49
4,63,50
4,3,51
4,11,52
4,23,53
4,35,54
4,99,55
4,87,56
4,42,7
2152,3,6
24,16,57
4,19,58
4,47,59
4,75,60
4,131,61
4,3,62
4,3,63
4,47,64
4,23,65
4,35,66
9624,3,110
8,6,6
4,60,67
4,18,3
7420,3,6
24,16,68
4,39,69
4,23,70
4,59,71
4,11,72
4,51,73
4,19,74
4,3,75
4,34,0
480,4,75
4,39,76
4,51,77
4,3,78
4,55,79
4,3,80
4,31,81
4,31,82
4,31,83
4,31,84
4,31,85
4,27,86
4,3,87
4,39,88
4,11,89
4,51,90
4,11,91
4,35,92
4,31,93
4,47,94
4,59,95
4,63,96
4,11,97
4,59,98
4,55,99
4,35,100
4,35,101
4,47,102
16060,6,6
8,3,6
4,44,103
4,63,104
4,63,105
4,3,106
4,43,107
4,59,108
35628,6,6
8,3,6
4,12,109
4,38,2
5880,3,6
20,12,110
4,31,111
4,23,112
4,91,113
4,43,114
4,35,115
4,11,116
4,3,117
4,22,7
4136,4,117
4,35,118
4,3,119
4,3,120
4,59,121
4,66,14
1384,4,121
4,11,122
4,55,123
4,35,124
4,63,125
4,3,126
4,55,127
4,47,128
4,71,129
4,31,130
4,3,131
62712,6,6
4,96,133
4,39,134
4,103,135
4,63,136
4,111,137
4,63,138
4,78,13
2636,4,138
4,15,139
4,7,140
4,51,141
4,11,142
4,31,143
4,19,144
4,43,145
4,35,146
4,43,147
4,87,148
4,18,14
4252,4,148
4,82,13
4500,4,148
4,11,149
4,59,150
4,75,151
4,3,152
4,3,153
4,22,4
10364,3,6
28,23,6
4,36,154
4,67,155
5144,3,232
8,6,6
4,60,156
4,59,157
4,35,158
4,14,11
428,4,158
4,31,159
4,7,160
4,35,161
4,3,162
4,39,163
4,10,1
5852,4,163
4,55,164
4,39,165
4,47,166
4,7,167
4,3,168
4,26,3
54860,4,165
20,11,169
4,27,170
4,27,171
4,55,172
4,55,173
4,51,174
4,15,175
4,43,176
4,43,177
4,59,178
4,23,179
4,11,180
4,7,181
4,95,182
4,10,3
4412,4,182
4,19,183
4,38,12
9864,3,6
10596,3,6
4,32,185
4,3,186
4,3,187
4,3,188
4,39,189
4,43,190
4,87,191
4,18,1
3496,4,191
4,27,192
4,31,193
4,71,194
4,47,195
4,31,196
4,99,197
4,23,198
4,67,199
4,75,200
4,67,201
4,19,202
4,43,203
4,47,204
4,3,205
4,51,206
4,63,207
4,35,208
4,15,209
4,79,210
4,23,211
4,11,135
16,15,211
4,27,212
71340,6,6
4,20,214
4,3,215
4,59,216
4,31,217
4,55,218
4,27,219
4,22,0
6468,4,219
4,47,220
4,19,221
4,39,222
4,35,223
4,79,224
4,3,225
4,31,226
4,3,227
4,11,228
4,43,229
4,51,230
4,31,231
4,3,232
4,43,233
4,23,234
4,79,235
4,15,236
4,35,237
4,7,238
4,27,245
8,7,239
4,3,240
4,31,241
4,35,242
4,35,243
4,3,244
4,15,245
4,47,40
40,39,246
4,15,247
4,11,248
4,23,249
4,27,250
4,15,251
4,11,252
4,35,253
4,59,254
4,67,255
4,38,7
72571,4,1
4,107,2
4,31,3
4,23,4
4,51,5
4,35,6
4,31,7
4,31,8
4,75,9
4,14,8
3244,3,7
20,15,7
4,36,10
4,59,11
4,47,12
4,14,6
8788,3,7
20,15,7
4,32,13
4,3,14
4,31,15
4,3,16
4,3,17
4,35,18
4,35,19
4,27,20
4,55,21
4,63,22
4,71,23
4,23,24
4,11,25
4,23,26
4,15,27
4,18,11
664,4,27
4,63,28
4,15,29
4,3,30
4,51,31
4,51,32
4,55,33
4,31,34
4,35,35
4,43,36
4,27,37
4,31,38
4,75,39
4,15,40
4,39,41
4,95,42
4,67,43
4,55,44
4,3,45
4,19,46
4,71,47
4,114,5
5536,3,7
12,4,48
4,119,49
4,103,50
4,70,4
2224,4,50
4,15,51
4,51,52
4,43,53
4,31,54
4,43,55
4,35,56
4,22,13
8264,3,7
28,23,7
4,12,57
4,15,58
4,11,59
4,35,60
4,47,61
4,7,62
4,26,10
5540,3,7
12,4,63
4,55,64
4,39,65
4,11,66
4,70,5
376,4,66
4,3,67
4,15,68
4,79,69
4,27,70
4,35,71
4,3,72
4,91,73
4,3,74
4,23,75
4,3,76
4,23,77
4,35,78
4,18,1
6068,3,7
24,19,7
4,24,79
4,3,80
4,143,81
4,7,82
4,51,83
4,3,84
4,59,85
4,78,10
6388,3,7
40,32,86
4,10,1
1308,4,86
4,19,87
4,39,88
4,11,89
4,15,90
4,59,91
4,27,92
4,3,93
4,3,94
4,3,95
4,55,96
4,31,97
4,23,98
4,35,99
68272,6,7
8,3,7
10552,3,7
4,56,101
4,11,102
4,47,103
4,19,104
4,19,105
4,55,106
4,15,107
4,19,108
4,39,109
4,79,110
61488,6,7
8,3,7
4,12,111
4,3,112
4,59,113
4,6,5
256,4,113
4,3,114
4,15,115
4,99,116
4,59,117
4,35,118
4,99,119
4,14,13
3104,4,119
4,43,120
4,35,121
4,31,122
4,91,123
4,50,12
7844,3,7
10584,3,7
4,40,125
4,27,126
4,3,127
4,107,128
4,59,129
4,7,130
4,19,131
4,31,132
4,31,133
4,47,134
4,26,13
2364,4,134
4,79,135
4,19,136
4,99,137
4,91,138
4,22,3
7444,3,7
28,23,7
10532,3,7
10484,3,7
4,64,141
4,15,142
4,23,143
4,3,144
4,22,4
4704,4,144
4,11,145
4,14,2
4676,4,145
4,18,14
2196,4,146
4,31,147
4,15,148
4,27,149
4,3,150
4,47,151
4,34,1
9400,3,7
24,16,152
4,31,153
4,19,154
4,62,8
4928,4,154
4,3,155
4,3,156
4,31,157
4,47,158
4,67,159
4,35,160
4,27,161
4,59,162
4,3,163
4,3,164
4,23,165
4,23,166
4,47,167
4,3,168
4,11,169
4,67,170
4,39,171
4,67,172
4,47,173
4,6,5
8632,3,7
12,7,7
4,36,174
4,43,175
4,55,176
4,71,177
4,79,178
4,51,179
4,55,180
4,27,181
4,39,182
4,15,183
4,3,184
4,27,185
4,19,186
4,27,187
4,7,188
4,54,4
4904,4,188
4,27,189
4,39,190
4,71,191
4,3,199
8,7,191
4,26,12
7380,4,191
4,27,192
4,47,193
4,31,194
4,19,195
4,3,196
4,3,197
4,63,198
244,7,199
4,99,200
4,35,201
4,59,202
4,22,6
8068,4,202
4,3,203
4,15,204
4,27,205
4,43,206
4,3,207
4,75,208
4,111,209
4,15,210
4,51,211
4,47,212
4,55,213
4,51,214
4,23,215
4,23,216
4,19,217
4,63,218
4,59,219
4,7,220
4,11,221
4,59,222
4,3,223
4,3,224
4,35,225
4,19,226
4,19,227
4,51,228
4,47,229
4,51,230
4,75,231
4,87,232
4,47,233
4,51,234
4,59,235
4,19,236
4,3,237
4,7,238
4,51,239
4,7,240
4,19,241
4,19,242
4,11,243
4,7,244
4,3,245
4,71,246
4,31,247
4,3,248
4,91,249
4,23,250
4,55,251
4,47,252
4,43,253
4,3,254
4,15,255
4,78,8
82871,20,1
4,38,12
10252,3,8
20,12,2
4,27,3
4,30,10
284,3,8
36,31,8
4,12,4
4,55,5
4,79,6
4,63,7
4,95,8
4,11,9
4,3,10
4,43,11
4,19,12
4,30,15
6624,3,8
36,31,8
4,12,13
4,11,14
4,3,15
4,11,16
4,11,17
4,31,18
4,15,19
4,7,20
4,43,21
4,3,22
4,19,23
4,87,24
4,51,25
4,91,26
4,87,27
4,3,28
4,67,29
4,3,30
4,3,31
4,59,32
4,3,33
4,51,34
4,27,35
4,31,36
4,39,37
4,59,38
4,54,13
2328,3,8
10312,3,8
4,16,40
4,19,41
4,67,42
4,39,43
4,99,44
4,55,45
4,27,46
4,7,47
4,71,48
4,47,49
4,3,50
4,18,9
8264,3,8
20,15,4
6296,3,8
44,19,8
4,28,51
4,59,52
4,67,53
4,11,54
4,3,55
4,27,56
4,79,57
4,83,58
4,19,59
4,59,60
79880,6,8
4,60,62
4,11,63
4,79,64
4,31,65
4,3,66
4,23,67
4,11,68
4,23,69
4,35,70
4,27,71
4,11,72
4,3,73
4,87,74
4,15,75
4,55,76
4,10,13
2132,4,76
4,43,77
4,31,78
4,27,79
4,27,80
4,15,81
4,35,82
4,39,83
4,3,84
4,3,85
4,55,86
4,31,87
4,74,16
9624,3,8
36,28,88
4,103,89
4,47,90
4,107,91
4,3,92
4,23,93
4,43,94
4,31,95
4,99,96
4,91,97
4,15,98
4,54,12
10212,3,8
36,28,99
4,39,100
4,55,101
4,35,102
4,3,103
14196,6,13
9660,3,8
12,4,103
4,6,0
7844,3,8
16,11,8
4,8,104
4,7,105
4,15,106
4,19,107
4,79,108
4,31,109
4,19,110
4,39,111
4,3,112
4,75,113
4,7,114
4,19,115
4,39,116
4,63,117
4,7,118
4,31,119
4,95,120
4,15,121
4,58,5
2428,4,121
4,39,122
4,47,123
4,15,124
4,11,125
4,3,126
4,23,127
4,43,128
4,27,129
4,3,130
4,43,131
4,43,132
4,35,133
4,51,134
4,30,10
6632,3,8
16,8,135
4,63,136
4,3,137
4,35,138
4,63,139
4,75,140
4,26,13
6260,3,8
20,12,141
4,19,142
4,39,143
4,23,144
4,15,145
4,3,146
4,47,147
4,55,148
4,75,149
4,55,150
4,23,151
4,71,152
4,47,153
4,15,154
4,83,155
4,31,156
4,67,157
4,23,158
4,3,159
4,47,160
4,7,161
4,3,162
4,19,163
4,23,164
4,47,165
4,91,166
4,31,167
4,55,168
4,83,169
4,39,170
4,27,171
4,23,172
4,43,173
4,39,174
4,39,175
4,31,176
4,79,177
4,23,178
4,11,179
4,47,180
4,127,181
4,3,182
4,3,183
4,23,184
4,19,146
24,23,184
4,35,185
4,47,186
4,23,187
4,79,188
4,7,189
4,7,190
4,3,191
4,83,192
4,39,193
4,51,194
4,3,195
4,67,196
4,30,13
3660,4,196
4,23,197
4,67,198
4,3,199
4,27,200
4,95,201
4,7,202
4,23,203
4,47,204
4,19,205
4,3,206
4,55,207
4,31,208
4,3,209
4,15,77
20,19,209
4,79,210
4,3,211
4,35,212
4,39,213
4,35,214
4,15,215
4,35,216
4,23,217
4,23,218
4,15,219
4,67,220
4,51,221
4,7,222
4,35,223
4,31,224
4,11,225
4,55,226
4,31,227
4,50,16
6176,4,227
4,63,228
4,35,229
4,3,230
4,7,231
4,39,232
4,63,233
4,59,234
4,27,235
4,54,10
1260,4,235
4,3,236
4,54,4
5028,4,236
4,3,237
4,3,238
4,31,239
4,27,240
4,35,241
4,83,242
4,3,243
4,55,244
4,27,245
4,27,246
4,3,247
4,39,248
4,31,249
4,63,250
4,23,251
4,31,252
4,35,253
4,71,254
4,31,255
4,158,9
93059,52,1
4,83,2
4,55,3
4,34,17
9132,3,9
28,23,7
7740,3,9
68,35,9
4,48,4
4,55,5
4,43,6
4,79,7
4,55,8
4,59,9
4,7,10
4,31,11
4,23,12
4,15,13
4,55,14
4,27,15
4,31,16
4,75,17
4,11,18
60736,6,9
8,3,9
4,36,19
4,63,20
4,83,21
4,31,22
4,7,23
4,123,24
4,15,25
4,63,26
4,15,27
4,59,28
4,74,4
7464,3,9
28,20,29
4,18,14
7896,3,9
10612,3,9
4,44,31
4,3,32
4,99,33
4,35,34
4,23,35
4,23,36
4,43,37
4,35,38
4,39,39
14760,6,9
10600,3,9
73552,4,41
4,34,5
9632,3,9
16,8,42
4,22,13
5824,3,9
28,23,9
4,16,43
4,47,44
4,59,45
4,35,46
4,31,47
4,3,48
4,3,49
4,54,10
6816,3,9
28,20,50
4,27,51
4,47,52
4,11,53
4,71,54
4,31,55
4,43,56
4,31,57
4,63,58
4,71,59
4,11,60
4,3,61
4,19,62
4,67,63
4,39,64
4,27,65
4,23,66
4,47,67
4,42,4
5056,3,9
32,24,68
4,3,69
4,19,70
4,75,71
4,31,72
4,3,73
4,47,74
4,23,75
4,35,76
4,71,77
4,31,78
4,31,79
4,3,80
4,67,81
4,43,82
4,31,83
4,55,84
4,79,85
4,43,86
4,35,87
4,27,88
4,11,89
4,23,90
4,23,91
4,23,92
4,39,93
4,31,94
4,35,95
4,51,96
4,78,16
6768,3,9
40,32,97
4,47,98
4,63,99
4,63,100
4,3,101
4,59,102
4,19,103
4,31,104
4,11,105
4,3,106
4,15,107
4,31,108
4,51,109
4,51,110
4,98,16
5684,3,9
40,32,111
4,3,112
4,47,113
4,51,114
4,35,115
4,43,116
4,43,117
4,47,118
4,46,15
1920,4,118
4,31,119
4,39,120
4,91,121
4,23,122
4,22,16
8584,3,9
28,23,9
4,48,123
4,11,124
4,23,125
4,11,126
4,39,127
61000,6,9
4,92,129
4,10,4
8312,3,9
10632,3,9
10592,3,9
4,60,132
4,11,133
4,23,134
4,75,135
4,23,136
4,83,137
4,35,138
4,39,139
4,43,140
4,22,4
1444,4,140
4,43,141
4,3,142
4,43,143
4,47,144
4,99,145
4,42,5
10204,3,9
32,24,146
4,3,147
4,99,148
4,19,149
4,3,150
4,43,151
4,3,152
4,51,153
4,23,154
4,3,155
4,19,156
4,23,157
4,59,158
4,3,159
4,3,160
4,43,161
4,63,162
4,38,6
4300,4,162
19788,6,9
32,16,163
4,71,164
4,27,165
4,87,166
4,3,167
4,23,168
4,3,169
4,19,170
4,15,171
4,79,172
4,27,173
4,38,14
676,4,173
4,15,174
4,3,175
4,47,176
4,23,177
4,3,178
4,79,179
4,47,180
4,23,181
4,3,182
4,27,183
4,71,184
4,59,185
4,31,186
4,3,187
4,51,188
4,18,6
3348,4,188
4,47,189
4,43,190
4,83,191
4,11,192
4,59,193
4,63,194
4,23,195
4,35,196
4,74,16
476,4,196
4,23,197
4,51,198
4,18,14
552,4,198
4,7,199
4,35,200
4,43,201
4,7,202
4,31,203
4,35,204
4,3,205
4,79,206
4,55,207
4,3,208
4,67,209
4,39,210
4,43,211
4,51,212
4,55,213
4,83,214
4,23,215
4,31,216
4,51,217
4,51,218
4,43,219
4,23,220
4,7,221
4,83,222
4,31,223
4,19,224
4,22,14
2348,4,225
4,39,226
4,14,5
5124,4,226
4,3,227
4,15,228
4,50,5
1180,4,228
4,7,229
4,3,230
9336,3,245
8,6,9
4,32,231
4,15,232
4,31,233
4,3,234
4,35,235
4,31,236
4,27,237
4,31,238
4,47,239
4,47,240
4,67,241
4,31,242
4,6,5
6824,4,242
4,51,243
4,35,244
4,55,245
4,87,246
4,63,247
4,11,248
4,59,249
4,63,250
4,26,16
4388,4,250
4,15,251
4,91,252
4,79,253
4,43,254
4,3,255
4,86,10
103787,7,10
4,4,1
4,43,2
4,42,4
9344,3,10
21000,4,3
4,35,4
4,63,5
4,7,6
4,11,7
4,11,8
4,27,9
4,63,10
4,31,11
4,78,12
9848,3,10
12,4,12
49460,6,10
4,16,14
4,11,15
4,131,16
4,34,8
1988,3,10
32,24,17
4,15,18
4,35,19
4,7,20
4,75,21
4,75,22
4,3,23
4,3,24
4,3,25
4,7,26
4,78,4
4244,3,10
20,12,27
4,47,28
4,35,29
4,87,30
4,63,31
4,7,32
4,87,33
4,35,34
4,15,35
4,51,36
4,39,37
4,35,38
4,35,39
4,75,40
4,3,41
4,83,42
4,23,43
4,3,44
4,127,45
4,39,46
4,23,47
4,30,12
9480,3,10
20,12,48
4,27,49
4,75,50
4,59,51
4,3,52
4,11,53
4,55,54
4,7,13
12,11,54
4,87,55
4,67,56
4,83,57
4,3,58
4,3,59
4,14,5
6596,3,10
20,12,60
4,19,61
4,55,62
4,67,63
4,43,64
4,35,65
4,42,16
5724,3,10
8,3,14
5856,3,10
28,12,66
4,83,67
4,35,68
4,39,69
4,3,70
4,35,71
4,3,72
4,7,73
4,3,74
4,19,75
4,3,76
4,35,77
4,47,78
4,55,79
4,67,80
4,6,9
4888,3,10
12,7,10
4,40,81
4,55,82
4,11,83
4,3,84
4,3,85
4,55,86
4,35,87
4,71,88
4,23,89
4,23,90
4,27,91
4,35,92
4,23,93
4,51,94
4,51,95
4,3,96
4,83,97
4,55,98
4,11,99
4,63,100
4,47,101
4,19,102
4,31,103
4,23,104
4,3,105
4,3,106
4,23,107
4,11,108
4,19,109
4,39,110
4,19,111
4,83,112
4,15,113
4,75,114
4,39,115
4,19,116
4,15,117
4,3,118
4,67,119
4,31,120
4,55,121
4,15,122
4,58,8
4108,4,122
4,75,123
4,31,124
4,83,125
4,31,126
4,7,127
4,27,128
4,47,129
4,79,130
4,3,131
4,10,13
992,4,131
4,3,132
4,23,133
4,87,134
4,19,135
4,19,136
4,79,137
4,15,138
4,51,139
4,63,140
4,95,141
4,35,142
4,34,14
5096,4,142
4,19,143
4,67,144
4,71,145
4,47,146
4,35,147
4,3,148
4,31,149
4,23,150
4,59,151
4,91,152
4,3,153
4,23,154
4,27,155
4,3,156
4,35,157
4,31,158
4,18,15
6180,4,158
4,34,3
3960,4,158
4,27,159
4,3,160
4,95,161
4,51,162
4,7,163
4,35,164
4,31,165
4,15,166
4,67,167
4,3,168
4,11,169
4,19,170
4,23,171
4,3,172
4,83,173
4,11,174
4,7,175
28,7,175
4,43,176
4,3,177
4,3,178
4,35,179
4,11,180
4,23,181
4,87,182
4,31,183
4,11,184
4,75,185
4,19,186
4,51,187
17548,6,10
4496,4,189
4,27,190
4,66,8
1032,4,190
4,18,15
3324,4,190
4,39,191
4,51,192
4,3,193
4,11,194
4,43,195
4,3,196
4,31,197
4,11,198
4,27,199
4,39,201
4,75,202
4,23,203
4,7,204
4,39,205
4,26,12
8668,3,10
12,4,206
4,75,207
4,63,208
4,51,209
4,23,210
4,35,211
4,23,212
4,63,213
4,7,214
61512,6,10
4,44,216
4,7,217
4,7,218
4,59,219
111803,3,210
8,6,10
4,4,220
4,55,221
4,75,222
4,59,223
4,3,224
4,3,225
4,87,226
4,3,227
4,55,228
4,11,229
4,75,230
4,47,231
4,195,232
4,43,233
4,55,234
4,10,13
3444,4,234
4,15,235
4,91,236
4,11,237
4,59,238
4,79,239
4,39,240
4,99,241
4,31,242
4,11,243
4,19,244
4,3,245
4,19,246
4,27,247
4,139,248
4,59,249
4,95,250
4,35,251
4,31,252
4,35,253
4,3,254
4,91,255
4,38,11
113995,43,11
4,8,1
4,19,2
4,19,3
4,7,4
4,35,5
4,90,17
2836,3,11
20,12,6
4,63,7
4,55,8
4,35,9
4,63,10
4,23,11
4,6,7
704,3,11
12,7,11
4,24,12
4,31,13
4,3,14
4,79,15
4,7,16
4,19,17
4,39,18
4,3,19
4,35,20
4,55,21
4,55,22
4,43,23
4,30,5
5616,3,11
36,28,24
4,34,4
7072,3,11
40,35,11
4,12,25
4,63,26
4,39,27
4,71,28
4,42,18
7796,3,11
24,16,29
4,23,30
4,83,31
4,27,32
4,59,33
4,38,18
1080,4,33
4,11,34
4,55,35
4,31,36
4,38,7
9080,3,11
44,39,11
4,4,37
4,27,38
4,103,39
4,43,40
4,55,41
115611,3,12
8,6,11
4,16,42
4,27,43
4,39,44
4,3,45
4,31,46
4,15,47
4,47,48
4,10,14
80,4,48
4,43,49
4,27,50
4,27,51
4,19,52
4,59,53
4,3,54
4,31,55
4,31,56
4,43,57
4,67,58
4,3,59
4,59,60
4,63,61
4,3,62
4,39,63
4,7,64
4,47,65
4,59,66
4,19,67
4,63,68
4,35,69
4,71,70
4,23,71
4,39,72
4,30,16
4772,3,11
28,20,73
4,51,74
4,51,75
4,58,9
5020,3,11
64,59,11
4,28,76
4,3,77
4,83,78
4,95,79
4,79,80
4,6,10
5228,3,11
12,7,11
4,20,81
4,31,82
4,3,83
4,7,84
4,51,85
4,39,86
4,3,87
4,3,88
4,7,89
4,15,90
4,22,14
9472,3,11
28,23,11
4,12,91
4,107,92
4,35,93
4,99,94
4,19,95
4,27,96
4,23,97
4,39,98
4,75,99
4,63,100
4,19,101
4,42,13
8212,3,11
48,43,11
4,36,102
4,31,103
4,31,104
4,3,105
4,51,106
4,43,107
4,91,109
4,27,110
4,3,111
4,3,112
4,19,113
4,11,114
4,31,115
4,43,116
4,7,117
4,27,118
4,3,119
4,51,120
4,31,121
4,3,122
4,42,15
2900,4,122
4,11,123
4,27,124
4,3,125
4,3,126
4,19,127
4,63,128
4,31,129
4,15,130
4,27,131
4,3,132
4,15,133
4,79,134
4,15,135
4,39,136
4,63,137
4936,7,137
4,67,138
4,35,139
4,3,140
4,43,141
4,39,142
4,43,143
4,31,144
4,27,145
4,19,146
4,35,147
4,15,148
4,39,149
4,83,150
4,19,151
4,43,152
4,11,153
4,3,154
4,58,7
6120,4,154
4,7,155
4,27,156
4,3,157
4,59,158
4,27,159
4,23,160
4,31,161
4,27,162
4,103,163
4,103,164
4,39,165
4,31,166
4,39,167
4,47,168
4,7,169
4,47,170
4,23,171
4,43,172
4,51,173
4,27,174
4,59,175
4,31,176
4,31,177
4,51,178
4,27,179
4,15,180
4,63,181
4,19,182
4,51,183
4,15,184
4,3,185
4,31,186
4,59,187
4,47,188
4,63,189
4,3,190
4,55,191
4,79,192
4,55,193
4,19,194
4,3,195
4,83,196
4,19,197
4,66,14
3556,4,197
4,3,198
4,23,199
4,71,200
4,74,15
1304,4,200
4,23,201
4,47,202
4,66,6
5912,4,202
4,31,203
4,19,204
4,15,205
4,31,206
4,83,207
4,3,208
4,71,209
4,47,210
4,71,211
4,31,212
4232,3,77
8,6,11
4,36,213
4,79,214
4,11,215
4,27,216
4,35,217
4,39,218
4,39,219
4,27,220
4,7,221
4,67,222
4,3,223
4,59,224
4,107,225
4,62,7
9100,4,225
4,7,226
4,26,19
9020,4,226
4,31,227
4,3,228
4,3,229
4,11,230
4,23,231
4,23,232
4,47,233
4,31,234
4,3,235
4,27,236
4,35,237
4,35,238
4,3,239
4,31,240
4,15,241
4,15,242
4,3,243
4,47,244
4,43,245
4,3,246
4,63,247
4,14,9
4772,4,247
4,11,248
4,35,249
4,3,250
4,39,251
4,51,252
4,39,253
4,19,254
4,19,255
4,26,12
124127,23,12
4,24,1
4,18,16
8180,3,12
20,12,2
4,35,3
4,79,4
4,55,5
4,3,6
4,3,7
4,31,8
4,131,9
4,39,10
4,43,11
4,66,10
9344,3,12
32,24,12
4,35,13
4,51,14
4,31,15
4,19,16
4,55,17
66764,6,12
4,20,19
4,31,20
4,35,21
4,7,22
4,23,23
4,27,24
4,19,25
4,23,26
4,131,27
4,23,28
4,15,29
4,11,30
4,39,31
4,59,32
4,75,33
4,3,34
4,71,35
4,11,36
4,15,37
4,87,38
4,7,39
4,10,16
9576,3,12
16,11,12
4,36,40
4,22,4
3820,3,12
28,23,12
4,8,41
4,23,42
4,31,43
4,35,44
4,27,45
4,19,46
4,23,47
4,30,17
956,4,48
4,3,49
4,7,50
4,123,51
4,23,52
4,67,53
4,19,54
4,31,55
4,75,56
4,103,57
4,34,20
1920,4,57
4,3,58
4,39,59
4,31,60
4,55,61
4,51,62
4,23,63
4,30,13
7228,3,12
36,31,12
4,28,64
4,67,65
4,51,66
4,55,67
4,35,68
4,31,69
4,31,70
4,10,10
3736,3,12
12,4,71
4,3,72
4,23,73
4,11,74
4,11,75
4,75,76
4,27,77
4,6,6
5740,3,12
12,7,12
4,20,78
4,3,79
4,27,80
4,31,81
4,87,82
4,3,83
4,7,84
4,43,81
32,31,85
4,19,86
4,31,87
4,66,13
556,4,87
4,3,88
4,11,89
4,35,90
4,59,91
4,7,92
4,23,93
4,3,94
4,11,95
4,43,96
4,83,97
4,63,98
4,75,99
4,15,100
4,7,101
4,3,102
4,35,103
4,35,104
4,23,105
4,11,106
4,3,107
4,39,108
4,3,109
4,15,110
4,107,111
4,51,112
4,3,113
4,3,114
4,51,115
4,51,116
4,11,117
4,23,118
4,31,119
4,22,15
2800,4,119
4,50,13
1664,4,119
4,35,120
4,35,121
4,31,7
4,3,122
4,43,123
4,59,124
4,39,125
4,39,126
4,23,127
4,83,128
4,43,129
4,3,130
4,27,131
4,67,132
4,3,133
4,51,134
4,23,135
4,39,136
4,63,137
4,55,138
4,27,139
4,42,16
7296,3,12
16,8,140
4,27,141
4,35,142
4,3,143
4,67,144
4,82,13
88,12,145
4,27,146
4,3,147
4,31,148
4,23,149
4,3,150
4,3,151
4,95,152
4,67,153
4,35,154
4,27,155
4,63,156
4,31,157
4,35,158
4,15,159
4,7,160
4,3,161
4,47,162
4,27,163
4,11,164
4,3,165
4,39,166
4,15,167
4,3,168
4,3,169
4,35,170
4,59,171
4,79,172
4,15,173
4,39,174
4,135,175
4,35,176
4,31,177
4,39,178
4,75,179
4,43,180
4,95,181
4,51,182
4,35,183
4,3,184
4,71,185
4,43,186
4,83,187
4,71,188
4,19,189
4,75,190
4,103,191
4,55,192
4,51,193
4,31,194
4,15,195
4,31,196
4,71,197
4,19,198
4,3,199
4,11,200
62320,6,12
4,24,202
4,71,203
4,3,204
4,31,205
4,27,206
4,7,207
4,50,20
8040,4,208
4,23,209
4,39,210
4,27,211
4,71,212
4,87,213
4,79,214
4,19,216
4,3,217
4,27,218
4,23,219
4,3,220
4,27,221
4,35,222
4,31,223
4,6,11
4948,4,223
4,59,224
4,11,225
17352,3,214
8,3,226
4,35,227
4,35,228
4,83,229
4,14,16
5476,4,229
4,19,230
4,67,231
4,7,232
4,87,233
4,35,234
4,63,235
4,23,236
4,19,237
4,3,238
4,34,6
3100,4,238
4,3,239
4,15,240
4,7,241
4,14,5
5244,4,241
4,27,242
4,35,243
4,15,244
4,3,245
4,35,246
4,35,247
4,11,248
4,51,249
4,15,250
4,3,251
23780,6,12
8,3,12
4,28,252
4,27,253
4,51,254
4,3,255
4,30,13
133823,59,13
1656,3,13
9664,3,13
9588,3,13
9536,3,13
4,60,5
4,31,6
4,23,7
4,47,8
4,19,9
4,27,10
4,35,11
4,7,12
4,43,13
4,3,14
4,7,15
4,23,16
4,39,17
4,19,18
4,22,20
3096,3,13
28,23,13
4,12,19
4,15,20
4,15,21
4,39,22
48720,6,13
4,36,24
4,27,25
4,30,12
6456,3,13
9300,3,13
9280,3,13
4,44,28
4,51,29
4,87,30
4,3,31
4,46,12
1760,3,13
24,16,32
4,3,33
4,15,34
4,43,35
4,83,36
4,51,37
4,35,38
4,115,39
4,31,40
4,59,41
4,35,42
4,22,11
488,4,42
4,47,43
4,19,44
4,67,45
4,59,46
4,3,47
4,47,48
4,3,49
4,31,50
4,11,51
4,23,52
4,18,12
2248,3,13
24,19,13
4,24,53
4,51,54
4,3,55
4,43,56
4,47,57
4,35,58
4,30,20
7352,3,13
16,8,59
4,51,60
4,19,61
4,83,62
4,42,19
1984,4,62
4,11,63
4,39,64
4,55,65
4,31,66
4,75,67
4,47,68
4,27,69
4,3,70
4,31,71
4,23,72
42008,6,13
9360,3,13
4,24,74
58536,6,13
4,32,76
4,63,77
4,27,78
4,63,79
4,59,80
4,27,81
4,71,82
4,63,83
4,51,84
4,3,85
4,31,86
4,3,87
4,3,88
4,39,89
4,43,90
4,27,91
4,35,92
4,59,93
4,55,94
4,39,95
4,59,96
4,91,97
4,3,98
4,35,99
4,55,100
4,91,101
4,47,102
4,35,103
4,39,104
4,63,105
4,31,106
4,26,17
7668,3,13
32,27,13
4,8,107
4,47,108
4,7,109
4,39,110
4,87,111
4,3,112
4,23,113
4,31,114
4,75,115
4,11,116
4,71,117
448,3,124
8,6,13
4,16,118
4,23,119
4,19,120
4,42,8
4784,3,13
12,4,121
4,3,122
4,7,123
4,3,124
4,7,125
4,35,126
4,3,127
4,63,128
4,51,129
4,3,130
4,27,131
4,19,132
4,23,133
4,55,134
4,18,19
124,4,134
4,7,135
12108,6,13
4,16,137
4,3,138
4,31,139
4,67,140
4,19,141
4,3,142
4,59,143
4,59,144
4,3,145
4,39,146
4,39,147
4,15,148
4,19,149
4,3,150
4,39,151
4,31,152
4,51,153
4,51,154
4,11,155
4,47,156
4,67,41
20,19,157
4,67,158
4,67,159
4,42,21
3660,4,159
4,11,160
4,75,161
4,95,162
4,10,8
204,4,155
20,14,13
4,12,163
4,55,164
4,3,165
4,43,166
4,51,167
4,19,168
4,83,169
4,43,170
4,83,171
4,39,172
4,23,173
4,35,174
4,3,175
4,3,176
4,15,177
4,3,178
4,27,179
4,3,180
4,67,181
4,67,182
4,39,183
4,3,184
4,15,185
4,27,186
4,39,187
4,30,8
4676,4,187
4,15,188
4,27,189
4,55,190
4,51,191
4,10,10
2480,4,191
4,59,192
4,43,193
4,70,8
652,4,193
4,11,194
4,30,10
7256,4,194
4,3,195
4,11,196
4,63,197
4,15,198
4,39,199
4,55,200
4,7,201
4,3,202
4,67,203
4,43,204
4,47,205
4,3,206
4,7,207
4,35,208
4,35,209
4,3,210
4,63,211
4,27,212
4,23,213
4,31,214
4,43,215
4,39,216
4,39,217
4,31,218
4,15,219
4,47,220
73796,6,13
4,28,222
4,63,223
4,43,224
4,47,225
4,19,226
4,63,227
20404,3,76
8,6,13
4,88,228
4,14,6
1512,4,228
4,23,229
4,3,230
4,75,231
4,35,232
4,99,233
4,15,234
4,3,235
4,39,236
4,151,237
4,39,238
4,11,239
4,19,240
4,10,10
8020,4,240
4,35,241
4,11,242
4,15,243
4,39,244
4,7,245
4,3,246
4,7,247
4,50,17
3920,4,247
4,19,248
4,31,249
4,19,250
4,3,251
4,3,252
4,83,253
4,47,254
4,3,255
4,30,14
143343,39,14
4,60,1
4,35,2
4,59,3
4,11,4
4,15,5
4,7,6
4,75,7
4,35,8
4,54,18
2984,3,14
20,12,9
4,51,10
3928,3,53
8,6,14
4,39,6
27816,4,10
4,18,18
3920,3,14
72,43,14
4,12,11
4,111,12
4,31,13
4,27,14
34744,6,14
4,52,16
4,15,17
4,23,18
4,43,19
4,47,20
4,11,21
4,75,22
4,15,23
4,63,24
4,27,25
4,59,26
4,3,27
4,3,28
4,15,29
4,3,30
5828,3,220
8,6,14
4,32,31
4,35,32
4,15,37
8,7,33
4,3,34
4,23,35
4,66,21
8396,3,14
36,28,36
4,63,37
4,15,38
4,27,39
4,18,21
2944,3,14
24,19,14
4,4,40
4,15,41
4,19,42
4,14,21
8100,3,14
20,15,14
4,32,43
4,7,44
4,11,45
4,51,46
4,3,47
4,39,48
4,75,49
4,31,50
4,15,51
4,47,52
4,11,53
4,67,54
4,27,55
4,3,56
4,63,57
4,51,58
4,39,59
4,3,60
4,43,61
4,3,62
4,63,63
4,3,64
4,23,65
4,7,66
4,59,67
4,15,68
4,19,69
4,27,70
4,23,71
4,59,72
4,47,73
4,27,74
4,31,75
4,55,76
4,39,77
4,59,78
4,19,79
4,3,80
4,54,7
3736,3,14
9536,3,14
4,52,82
4,83,83
4,47,84
4,35,85
4,27,86
4,31,87
4,47,88
4,23,89
4,27,90
4,11,91
4,55,92
4,43,93
4,35,94
4,22,6
9204,3,14
16,8,95
4,79,96
4,91,97
4,55,98
62360,6,14
8,3,14
4,8,99
4,7,100
4,6,13
82188,4,113
16,7,101
4,35,102
4,55,103
4,91,104
4,71,105
4,47,106
4,67,107
4,51,108
4,19,109
4,95,110
4,23,111
4,55,112
4,19,113
4,47,114
4,3,115
4,19,116
4,35,117
4,39,118
4,23,119
4,67,120
4,35,121
4,11,122
4,11,123
4,23,124
4,59,125
4,35,126
4,27,127
4,47,128
4,3,129
4,47,130
4,35,131
4,71,132
4,19,133
4,3,134
4,26,18
1456,4,135
4,95,136
4,19,137
4,3,138
4,3,139
4,27,140
4,39,141
4,59,142
4,35,143
4,15,144
4,62,18
4596,4,145
4,47,146
4,47,147
4,23,148
4,95,149
4,35,150
4,3,151
4,15,152
4,11,153
4,39,154
4,79,155
4,55,156
4,31,157
4,27,158
4,14,19
8996,3,14
20,15,14
4,56,159
4,91,160
4,3,161
4,3,162
4,79,163
4,11,164
47432,6,14
4,40,166
4,7,167
4,39,168
4,3,169
4,19,170
4,18,8
3948,4,170
4,11,171
4,39,172
4,3,173
4,31,174
4,23,175
4,35,176
4,31,177
4,19,178
4,7,179
4,71,180
4,91,181
4,43,182
4,3,183
4,15,184
4,51,185
43888,6,14
4,24,187
21800,3,173
8,6,14
4,63,17
7568,3,14
9664,3,14
4,8,189
4,23,190
4,7,191
4,10,8
9168,3,14
16,11,14
4,48,192
4,55,44
28,27,193
4,23,194
4,99,195
4,87,196
4,11,197
4,3,198
4,63,199
4,27,200
4,7,201
4,35,202
4,27,203
4,55,204
4,31,205
4,75,206
4,35,207
4,67,208
4,23,209
4,55,210
4,43,211
4,55,212
4,39,213
4,23,214
4,63,215
4,119,216
4,27,217
4,23,218
4,47,219
4,18,20
9404,3,14
12,4,220
4,67,221
4,47,222
4,35,223
4,55,224
4,39,225
4,15,226
4,3,227
4,43,228
4,47,229
4,18,21
8512,4,229
4,111,230
4,55,231
4,11,232
4,31,233
4,15,234
4,22,8
7324,4,234
4,15,235
4,23,236
4,27,237
4,7,238
4,43,239
4,3,240
4,23,241
4,15,242
4,63,243
4,3,244
4,3,245
4,43,246
4,11,247
4,95,248
4,71,249
4,43,250
4,31,251
4,3,252
4,47,253
4,83,254
4,75,255
4,46,15
153259,32,2
4,51,3
4,51,4
4,91,5
4,119,6
4,23,7
4,35,8
4,3,9
4,7,10
4,3,11
4,59,12
4,3,13
4,23,14
4,39,15
4,3,16
4,47,17
4,3,18
4,10,13
2492,3,15
16,11,15
4,36,19
4,39,20
4,23,21
4,39,22
4,51,23
4,51,24
4,79,25
4,39,26
4,23,27
4,59,28
4,63,29
4,19,30
4,3,31
4,51,32
4,51,33
4,43,34
4,3,35
4,23,36
4,27,37
4,3,38
4,22,8
3320,3,15
24,16,39
4,23,40
4,31,41
4,31,42
4,39,43
4,27,44
4,79,45
4,3,46
4,91,47
4,3,48
4,31,49
4,15,50
4,71,51
4,19,52
65256,6,15
8,3,15
4,60,53
4,35,54
4,15,55
4,87,56
4,30,22
9600,3,15
9872,3,15
4,44,58
4,35,59
4,7,60
4,23,61
6676,3,11
8,3,62
4,59,63
4,3,64
4,51,65
4,35,66
4,30,18
4520,3,15
20,12,67
4,103,68
4,23,69
4,31,70
4,23,71
4,47,72
4,31,73
4,26,9
3936,3,15
12,4,74
4,83,75
4,15,76
4,27,77
4,99,78
4,3,79
4,19,80
4,11,81
4,59,82
4,35,83
4,19,84
4,11,85
4,39,86
4,31,87
4,43,88
4,27,89
4,23,90
4,43,91
4,71,92
4,7,93
4,19,94
4,39,95
4,3,96
4,3,97
4,43,98
4,35,99
4,7,100
4,18,9
4920,3,15
9732,3,15
4,68,102
4,23,103
4,87,104
4,91,105
4,91,106
4,39,107
11372,6,15
8,3,15
9744,3,15
9652,3,15
4,32,110
4,59,111
4,27,112
4,26,17
4784,3,15
32,27,15
4,28,113
4,79,114
4,31,115
4,3,116
4,71,117
4,7,248
12,11,117
4,23,118
4,31,119
4,63,120
4,18,21
5944,3,15
24,19,15
4,12,121
4,31,122
4,27,123
4,18,10
9680,3,15
20,12,124
4,51,125
4,43,126
4,6,12
4448,4,126
4,75,127
4,19,128
4,19,129
4,3,130
4,3,131
4,31,132
4,95,133
4,3,134
4,43,135
4,35,136
4,3,137
4,23,138
14376,6,15
8,3,15
4,24,139
4,59,140
4,31,141
4,31,142
4,3,143
4,31,144
4,15,145
4,67,146
4,23,147
4,59,148
4,43,149
4,55,150
4,67,151
4,31,152
4,43,153
27044,6,15
8,3,15
4,28,154
4,31,155
4,67,156
4,59,157
4,59,158
4,3,159
4,67,160
4,11,161
4,19,162
4,35,163
4,123,164
4,3,165
4,3,166
4,87,167
4,3,168
4,71,169
4,67,170
4,3,171
4,3,172
4,6,9
1960,4,172
4,123,173
4,107,174
4,19,175
4,63,176
4,7,177
4,74,21
2484,4,177
4,15,178
4,39,179
4,27,180
4,3,181
4,35,182
4,31,183
4,11,184
4,27,185
4,11,186
4,51,187
4,22,14
852,4,187
4,43,188
4,19,189
4,75,190
4,3,191
4,3,192
4,47,193
4,3,194
4,11,195
4,10,20
8292,3,15
16,11,15
4,28,196
4,11,197
4,19,198
4,22,16
6468,4,199
4,54,10
4600,4,199
4,11,156
48,27,200
4,39,201
4,55,202
4,23,203
4,47,204
4,11,205
4,71,206
4,39,207
4,63,208
4,67,209
4,19,210
4,42,8
3272,4,210
4,35,211
4,39,212
4,43,213
4,55,214
4,54,16
3960,4,215
4,67,216
4,11,217
4,23,218
4,42,19
1080,4,218
4,11,219
4,19,220
4,54,18
5400,4,220
4,3,221
4,31,222
4,7,223
4,18,17
3760,4,223
4,31,224
4,26,16
7816,4,224
4,11,225
4,51,226
4,59,227
4,23,228
4,23,229
4,7,230
4,35,231
4,71,232
4,27,233
4,55,234
4,23,235
4,35,236
4,55,237
4,3,238
4,3,239
4,31,240
4,7,241
4,3,242
4,3,243
4,3,244
4,35,245
4,35,246
4,27,247
4,30,21
8044,4,247
4,11,248
4,23,249
4,63,250
4,95,251
4,95,252
4,51,253
4,75,254
146044,6,15
8,3,15
4,48,255
4,30,16
163263,27,16
4,28,1
4,35,2
4,91,3
4,27,4
4,43,5
4,47,6
4,115,7
4,3,8
4,91,9
4,47,10
4,27,11
4,63,12
4,31,13
4,39,14
4,35,15
4,71,16
4,23,17
4,27,18
4,35,19
4,11,20
4,3,21
4,51,22
4,3,23
4,15,24
4,43,25
4,75,26
4,46,10
66352,4,26
4,11,27
4,35,28
4,55,29
4,47,30
4,35,31
4,51,32
4,19,33
4,43,34
4,23,35
4,35,36
4,43,37
4,31,38
4,27,39
4,3,40
4,63,41
4,63,42
4,3,43
41032,6,16
4,60,46
4,19,47
4,23,48
4,87,49
4,50,8
8476,3,16
28,20,50
4,3,51
4,71,52
4,39,53
4,87,54
4,55,55
4,23,56
4,3,57
4,26,9
4156,3,16
32,27,16
4,56,58
4,47,59
4,7,60
4,43,61
4,47,62
4,15,63
4,11,64
4,35,65
4,67,66
4,27,67
4,55,68
4,43,69
4,42,11
2924,4,69
4,11,70
4,47,71
4,31,72
4,3,73
4,35,74
4,47,75
4,3,76
4,91,77
4,23,78
4,3,79
4,27,80
4,55,81
4,22,20
6780,3,16
16,8,82
4,35,83
4,131,84
4,39,85
4,35,86
4,67,87
4,35,88
4,31,89
4,27,90
4,99,91
4,43,92
4,71,93
4,87,94
4,55,95
4,23,96
4,3,97
4,31,98
4,22,20
8888,3,16
28,23,16
4,20,99
4,7,100
4,83,101
4,27,102
4,31,103
4,39,104
4,47,105
4,47,106
4,51,107
4,3,108
4,39,109
4,3,110
4,23,111
4,14,22
10328,3,16
20,15,16
10464,3,16
4,36,113
4,23,114
4,135,115
4,7,116
4,87,117
4,23,118
4,34,19
8224,3,16
10496,3,16
4,16,120
4,11,121
4,51,122
4,59,123
4,3,124
4,23,125
4,7,126
4,59,127
4,7,128
4,7,129
4,59,130
4,3,131
4,75,132
4,51,133
4,23,134
4,83,135
4,91,136
4,27,137
4,19,138
4,19,139
4,75,140
4,31,141
4,31,142
4,18,23
2708,4,142
4,7,143
4,43,144
4,27,145
4,3,146
4,3,147
4,58,9
8896,3,16
10496,3,16
4,8,149
4,3,150
4,31,151
4,35,152
4,115,153
4,27,154
4,11,155
4,31,156
4,54,13
1332,4,156
4,7,157
4,3,158
4,19,159
4,55,160
4,3,161
4,111,162
4,47,163
4,83,164
4,11,165
4,27,166
58224,6,16
8,3,16
9540,3,16
10324,3,16
4,24,169
4,83,170
4,3,171
4,19,172
4,27,173
4,59,174
4,51,175
4,3,176
4,3,177
4,15,178
4,27,179
4,55,180
4,3,181
4,15,182
4,11,183
4,22,12
9844,3,16
24,16,184
4,3,185
4,3,186
4,55,187
4,55,188
4,47,189
4,75,190
4,18,10
324,4,190
4,27,191
4,131,192
4,39,193
4,43,194
4,43,195
4,43,196
4,47,197
4,6,13
3492,4,197
4,27,198
28068,6,16
10376,4,198
4,15,199
4,22,11
4116,4,199
4,39,200
4,3,201
4,51,202
4,114,19
9256,3,16
10368,3,16
4,16,204
4,19,205
4,23,206
4,75,207
4,3,208
4,3,209
4,55,210
4,31,211
4,59,212
4,79,213
4,3,214
4,107,215
4,103,216
4,43,217
4,15,218
4,27,219
4,87,220
4,71,222
4,19,223
4,3,224
4,83,225
4,3,226
4,23,227
4,15,228
4,3,229
10564,3,34
8,6,16
4,12,230
4,83,231
4,3,232
4,31,233
4,59,234
4,3,235
4,3,236
4,3,237
4,11,238
4,3,239
4,79,240
4,59,241
4,99,242
4,27,243
4,35,244
4,3,245
4,31,104
36,35,245
4,3,246
4,3,247
4,30,14
6184,4,247
4,11,248
4,27,249
4,15,250
4,7,251
4,35,252
4,111,253
4,7,254
4,35,255
173375,30,17
4,8,215
4,3,1
4,27,2
4,67,3
4,3,4
4,7,5
4,43,6
4,3,7
4,23,8
4,43,9
4,15,10
4,7,11
4,3,12
4,19,13
4,15,14
4,47,15
4,3,16
4,3,17
4,67,18
4,3,19
4,7,20
4,30,11
9508,3,17
36,31,17
4,28,21
4,43,22
4,11,23
4,27,24
4,107,25
4,55,26
4,51,27
4,43,28
4,31,29
4,43,30
4,14,10
1704,3,17
12,4,31
4,7,32
4,79,33
4,23,34
4,59,35
4,27,36
4,23,37
4,59,38
4,75,39
4,31,40
4,7,41
4,39,42
4,19,43
4,15,44
4,23,45
4,23,46
4,3,47
4,31,48
4,3,49
4,119,50
4,27,51
4,6,10
2956,3,17
12,7,17
4,60,52
4,103,53
4,62,12
9640,3,17
60,52,54
4,107,55
4,39,56
4,23,57
4,15,58
4,35,59
4,15,60
4,31,61
4,3,62
4,3,63
4,103,64
4,31,65
4,35,66
4,15,67
4,55,68
4,27,69
4,51,70
4,43,71
4,7,72
4,115,73
4,62,24
8304,3,17
28,20,74
4,39,75
4,47,76
4,67,77
4,3,78
4,3,79
4,11,80
4,51,81
4,3,82
4,3,83
4,3,84
4,63,85
4,71,86
4,31,87
4,15,88
4,3,89
4,51,90
4,14,19
3116,4,90
4,43,91
4,31,92
4,102,11
5476,3,17
12,4,93
4,43,94
4,131,95
4,35,96
4,31,97
4,3,98
4,47,99
4,23,100
4,3,101
4,11,102
4,7,103
4,7,104
4,3,105
4,79,106
4,78,18
7304,3,17
12,4,107
4,35,108
4,7,109
4,11,110
4,51,111
4,47,112
4,3,113
4,27,114
4,7,115
4,95,116
4,27,117
4,99,118
4,47,119
4,27,120
4,51,121
4,31,122
4,27,123
4,23,124
4,43,125
4,55,126
4,19,127
4,35,128
4,27,129
4,27,130
4,51,131
4,43,132
4,43,133
4,67,134
4,11,135
4,75,136
4,26,18
9492,3,17
9656,3,17
4,48,138
4,67,139
4,107,140
4,71,141
4,35,142
4,27,143
4,15,2
20,19,143
4,11,162
16,15,144
4,3,145
4,7,146
4,26,15
5896,3,17
32,27,17
4,4,147
4,23,148
4,123,149
4,15,150
4,107,151
4,3,152
4,23,153
4,51,154
4,7,155
4,47,156
4,47,157
4,71,158
4,19,159
4,59,160
4,3,161
4,79,162
4,27,163
4,35,164
4,19,165
4,55,166
4,99,167
4,11,168
4,3,169
4,3,170
4,51,171
4,35,172
4,39,235
24,23,173
4,35,174
4,11,175
4,91,176
4,3,177
4,15,178
4,3,179
4,54,16
7060,4,179
4,7,180
4,51,181
4,43,182
4,31,183
4,47,184
34520,6,17
8,3,17
4,7,16
6128,4,184
4,11,185
4,43,186
4,19,187
4,19,188
4,42,9
9060,3,17
24,16,189
4,15,190
4,15,191
4,51,192
4,11,193
4,3,194
4,6,11
3712,4,194
4,3,195
4,39,196
4,42,16
8376,3,17
48,43,17
4,12,197
4,27,198
4,11,199
4,11,200
4,39,201
4,3,202
4,10,20
1456,4,202
4,31,203
4,7,204
4,35,205
4,35,206
4,3,207
4,15,208
4,15,209
4,11,210
4,51,211
4,18,10
236,4,211
4,47,212
4,51,213
4,35,214
8176,7,215
4,87,216
4,35,217
4,87,218
4,46,14
6220,4,219
4,35,220
4,55,221
4,71,222
4,3,223
4,43,224
4,27,225
4,3,226
4,27,227
4,51,228
4,39,229
4,3,230
4,3,231
4,67,232
4,86,25
4312,4,232
4,35,233
4,39,234
4,27,235
4,75,236
4,3,237
4,43,238
4,55,239
4,39,240
4,63,241
4,31,242
4,23,243
4,3,244
4,26,23
3700,4,244
4,11,245
4,43,246
4,39,247
4,10,23
956,4,247
4,47,248
4,11,249
4,59,250
4,43,251
4,27,252
4,63,253
4,47,254
4,23,255
4,14,18
183299,71,18
4,8,1
4,23,2
4,27,3
4,34,25
5872,3,18
24,16,4
4,95,5
4,11,6
4,3,7
4,23,8
4,15,9
4,39,10
4,71,11
4,115,12
4,15,13
4,31,14
4,35,15
4,3,16
4,43,17
4,27,18
4,35,19
4,47,20
4,39,21
4,83,22
4,11,23
4,31,24
4,19,25
4,58,25
8576,3,18
12,4,26
4,31,27
4,47,28
4,3,29
4,26,17
3668,3,18
32,27,18
4,12,30
4,15,31
4,27,32
4,103,33
28224,6,18
69412,4,33
4,51,34
4,47,35
4,47,36
4,19,37
4,35,38
4,35,39
4,51,40
17092,3,121
8,6,18
4,80,41
4,27,42
4,39,43
4,67,44
4,35,45
4,47,46
4,103,47
4,3,48
4,107,49
4,3,50
4,3,51
4,31,52
4,19,53
4,31,54
4,35,55
4,27,56
4,31,57
4,31,58
4,27,59
4,11,124
4,3,60
4,22,16
6376,3,18
12,4,61
4,39,62
4,87,63
4,59,64
4,6,12
5072,3,18
12,7,18
4,24,65
4,3,66
4,7,67
4,3,68
4,3,69
4,47,70
4,31,71
4,23,72
4,3,73
4,31,74
4,27,75
4,15,76
4,55,77
4,15,78
4,63,79
4,23,80
4,27,81
4,27,82
4,3,83
4,39,84
4,7,85
4,47,86
4,55,87
24732,6,18
4,92,89
4,67,90
3828,3,68
8,6,18
4,156,91
4,87,92
4,43,93
4,35,94
4,11,95
4,39,96
4,83,97
4,3,98
4,3,99
4,3,100
4,35,101
4,15,102
4,35,103
4,7,104
4,55,105
4,3,106
4,63,107
4,7,108
4,59,109
4,39,110
4,7,111
4,43,112
4,31,113
4,59,114
4,3,115
4,35,116
4,15,117
4,79,118
4,7,119
4,23,120
4,31,121
4,43,122
4,19,123
36740,6,18
8,3,18
4,112,124
4,79,125
4,10,16
1720,4,125
4,7,126
4,43,127
4,55,128
4,11,129
4,71,130
60028,6,18
8,3,18
4,48,131
4,3,132
4,63,133
4,55,134
4,3,135
4,27,136
4,43,137
4,31,138
4,31,139
4,83,140
4,103,141
4,31,142
4,62,20
6164,3,18
28,20,143
4,59,144
4,119,145
4,47,146
4,63,147
4,39,148
4,43,149
4,14,17
3892,4,149
4,31,150
4,19,151
4,79,152
4,47,153
4,3,154
4,3,155
4,35,156
4,83,157
4,19,158
4,55,159
4,63,160
4,35,161
4,43,162
4,31,163
4,63,164
4,114,13
5328,4,164
4,7,165
4,63,166
4,63,167
4,19,168
4,19,169
4,15,170
4,23,171
4,91,172
4,27,173
4,31,174
4,35,175
4,3,176
4,43,177
4,35,178
4,75,179
4,51,180
4,3,181
4,163,182
68240,6,18
8,3,18
4,16,183
4,3,184
4,75,185
4,103,186
4,55,187
4,3,188
4,51,189
4,3,190
4,95,191
4,19,192
4,31,193
4,3,194
4,79,195
4,31,196
4,3,197
4,50,13
8316,4,197
4,27,198
4,86,11
6532,4,198
4,19,199
4,47,200
4,23,201
4,7,202
4,67,203
4,3,204
4,103,205
36384,6,18
4,16,207
4,19,208
4,19,209
4,10,24
4780,4,209
4,23,210
4,50,20
732,4,210
4,23,211
4,34,16
5944,4,211
4,39,212
4,26,11
4376,4,212
4,43,213
4,19,214
4,51,215
4,31,216
4,71,217
4,7,218
4,47,219
4,55,220
4,107,221
4,47,222
4,51,223
4,67,224
4,71,225
4,59,226
4,6,12
6448,4,227
4,27,228
4,55,229
4,35,230
4,30,26
3332,4,230
4,7,231
4,3,232
4,35,233
4,31,234
4,55,235
4,19,236
4,3,237
4,27,238
4,11,239
4,43,240
4,7,241
4,3,242
4,11,243
4,39,244
4,39,245
4,19,246
4,35,247
4,67,248
4,55,249
4,47,250
4,23,251
4,11,252
4,47,253
4,79,254
4,3,255
4,46,19
193939,23,19
193919,4,166
8,3,1
4,39,2
4,7,3
4,7,4
4,67,5
4,19,6
4,18,17
32420,4,6
71100,6,19
4,40,8
4,66,21
36,32,9
4,51,10
4,54,13
436,4,10
4,11,11
4,27,12
4,87,13
4,23,14
4,3,15
4,23,16
4,19,17
4,47,18
4,31,19
4,31,20
4,11,21
4,47,22
4,119,23
4,79,24
4,51,25
4,27,26
4,43,27
4,59,28
4,23,29
4,35,30
4,3,31
4,31,32
4,27,33
4,23,34
4,7,35
4,46,23
72320,4,35
4,7,36
4,3,37
4,35,38
4,31,39
4,3,40
4,15,41
4,31,42
4,38,12
940,4,42
4,23,43
4,123,44
4,11,45
4,19,46
4,19,47
4,55,48
4,87,49
4,27,50
4,51,51
4,35,52
4,7,53
4,63,54
4,55,55
4,19,56
4,35,57
4,31,58
4,23,59
4,27,60
4,3,61
4,3,62
4,27,63
4,35,64
4,11,65
4,71,66
4,19,67
4,35,68
4,3,69
4,35,70
4,3,71
4,59,72
4,3,73
4,115,74
4,35,75
4,3,76
4,27,77
4,83,78
4,7,79
4,47,80
4,19,81
4,75,82
4,55,83
4,79,84
4,3,85
4,71,86
4,23,87
4,31,88
4,99,89
4,15,90
4,31,91
4,7,92
4,31,93
4,6,25
4628,3,19
12,7,19
4,40,94
4,7,95
4,51,96
4,87,97
4,43,98
4,35,99
4,39,100
4,47,101
4,15,102
4,31,103
4,15,104
4,15,105
4,15,106
4,27,107
4,39,108
4,39,109
4,75,110
4,39,111
4,27,112
4,39,113
4,7,114
4,79,115
4,19,116
4,43,117
4,47,118
4,51,119
4,23,120
4,3,121
4,7,122
4,19,123
4,3,124
4,55,125
4,51,126
4,31,127
4,27,128
4,47,129
4,23,130
4,27,131
4,7,132
4,23,133
4,19,134
4,15,135
4,42,22
5372,3,19
48,43,19
4,24,136
4,19,137
4,3,138
4,31,139
4,62,14
1072,4,139
4,3,140
4,15,141
4,23,142
4,47,143
4,35,144
4,51,145
4,15,146
4,39,147
4,3,148
4,43,149
4,27,150
4,43,151
4,59,152
4,3,153
4,19,154
4,51,155
4,11,156
4,39,157
4,3,158
4,39,159
4,43,160
4,3,161
4,14,25
3496,4,161
4,55,162
4,3,163
4,3,164
4,3,165
4,3,166
4,23,167
4,39,168
4,47,169
4,75,170
4,31,171
4,79,172
4,3,173
4,51,174
4,39,175
4,3,176
4,83,177
4,71,178
4,35,179
4,67,180
4,55,181
4,51,182
4,27,183
4,15,184
4,7,185
4,59,186
4,3,187
4,35,188
4,27,189
4,3,190
4,3,191
4,23,192
4,15,193
4,111,194
4,23,195
4,51,196
4,3,197
4,39,198
4,26,21
8748,3,19
16,8,199
4,47,200
4,47,201
4,59,202
4,6,22
2776,4,202
4,3,203
4,47,204
4,23,205
4,19,206
4,19,207
4,3,208
4,11,209
4,11,210
4,55,211
4,3,212
4,59,213
4,19,214
4,7,215
4,59,216
4,7,217
4,39,218
4,59,219
4,15,220
4,15,221
4,47,222
4,11,223
4,34,22
3644,4,223
4,39,224
4,3,225
4,6,26
2500,4,225
4,35,226
4,27,227
4,39,228
4,59,229
4,43,230
4,51,231
4,31,232
4,23,233
4,3,234
4,39,235
4,103,236
4,31,237
4,47,238
4,55,239
4,47,240
4,23,241
4,39,242
4,43,243
4,3,244
4,87,245
4,47,246
4,23,247
4,59,218
8,7,248
4,14,21
6632,4,248
4,15,249
4,31,250
4,18,16
2184,4,250
4,39,251
4,35,252
4,35,253
4,3,254
4,55,255
4,54,20
203207,20,1
4,51,2
4,26,17
7072,3,20
32,24,3
4,3,4
4,75,5
4,47,6
4,3,7
4,83,8
4,35,9
4,47,10
4,31,11
4,7,12
4,27,13
4,35,14
4,19,15
4,23,16
4,67,17
4,127,18
4,75,19
4,6,15
788,4,19
4,27,20
4,39,21
4,11,22
4,27,23
4,147,24
4,55,25
4,51,26
4,55,27
4,15,28
4,15,29
4,43,30
4,26,19
2024,3,20
32,27,20
9404,3,20
4,80,32
4,35,33
4,3,34
4,11,35
4,43,36
4,39,37
4,59,38
4,35,39
4,35,40
4,15,41
4,67,42
4,59,43
4,95,44
4,35,45
4,11,46
4,43,47
4,111,48
4,39,49
4,63,50
4,27,51
4,3,52
4,3,53
4,75,54
4,47,55
4,15,56
4,79,57
4,27,58
4,71,59
4,111,60
4,35,61
4,47,62
4,79,63
4,39,64
4,119,65
4,70,13
6356,3,20
24,16,66
4,55,67
4,3,68
4,27,69
4,31,70
4,55,71
4,3,72
4,35,73
4,3,74
4,38,19
5492,3,20
20,12,75
4,31,76
4,23,77
4,7,78
4,103,79
4,7,80
4,115,81
4,35,82
4,39,83
4,91,84
4,15,85
4,35,86
4,39,87
15248,3,147
8,6,20
4,32,88
4,3,89
4,3,90
4,71,91
4,3,92
4,63,93
4,35,94
4,19,95
4,51,96
4,15,97
4,38,23
6896,3,20
40284,4,99
4,43,100
4,79,101
4,19,102
4,51,103
4,51,104
4,15,105
4,27,106
4,27,107
4,27,108
4,11,109
4,19,110
4,23,111
4,55,112
4,87,113
8412,3,93
8,6,20
4,60,114
4,27,115
4,67,116
4,139,117
4,43,118
4,15,119
4,14,18
3632,4,119
4,27,120
4,27,121
4,87,122
4,26,26
19792,4,122
4,19,123
4,67,124
4,43,125
4,3,126
4,27,127
4,3,128
4,51,129
4,31,130
4,43,131
4,26,23
3788,4,131
4,11,132
4,35,133
4,31,134
4,39,135
4,95,136
4,39,137
4,7,138
4,83,139
4,35,140
4,71,141
4,35,142
4,31,143
4,27,144
4,30,25
3820,4,144
4,11,145
4,63,146
4,3,147
4,27,148
4,51,149
4,47,150
4,3,151
4,23,152
4,51,153
4,11,154
4,59,155
4,43,156
4,15,157
4,23,158
4,31,159
4,19,160
4,14,13
4928,4,160
4,59,161
4,3,162
4,23,163
4,10,15
7852,3,20
16,11,20
10452,3,20
4,16,165
4,43,166
4,47,167
4,3,168
4,79,169
4,51,170
4,35,171
4,6,25
2400,4,171
4,19,172
4,3,173
4,11,174
4,35,175
4,7,176
4,63,177
4,35,178
4,15,179
4,11,180
4,3,181
4,51,182
4,79,183
4,15,48
16,15,184
4,43,185
4,55,186
4,39,187
4,95,188
4,31,189
4,19,190
4,59,191
4,31,192
4,19,193
4,3,194
4,107,195
4,3,196
4,51,197
4,31,198
4,3,199
4,3,200
4,3,201
4,3,202
4,99,203
4,11,204
4,43,205
4,31,206
4,14,28
7580,4,207
4,67,208
4,27,209
4,11,210
4,71,211
4,18,15
3368,4,211
4,55,212
4,31,213
4,43,214
4,23,215
4,35,216
4,55,217
4,23,218
4,3,219
4,6,23
10364,3,20
12,7,20
4,44,220
4,3,221
4,19,222
4,67,223
4,67,224
4,55,225
4,3,226
4,3,227
4,47,228
4,63,229
4,7,230
4,99,231
4,19,232
4,39,233
4,27,234
4,35,235
4,27,236
4,39,237
4,82,25
2260,4,238
4,51,239
4,34,27
100,4,239
4,83,240
4,87,241
4,3,242
4,31,243
4,67,244
4,39,245
4,11,246
4,3,247
4,31,248
4,27,249
4,19,250
4,39,251
4,39,252
4,39,253
4,11,254
4,83,255
4,10,21
213735,7,21
4,28,1
4,3,2
4,31,3
4,39,4
4,15,5
4,3,6
4,27,7
4,39,8
4,67,9
4,23,10
4,11,11
4,3,12
4,115,13
4,35,14
4,19,15
4,35,16
4,50,28
10192,3,21
12,4,17
4,7,18
4,59,19
4,31,20
4,19,21
4,7,22
4,3,23
4,59,24
4,23,25
1532,3,116
8,6,21
4,60,26
4,47,27
4,47,28
4,11,29
4,19,30
64352,6,21
8,3,21
4,48,31
4,75,32
4,7,33
4,51,34
4,11,35
4,39,36
4,27,37
4,47,38
4,11,39
4,10,22
7456,3,21
16,11,21
4,19,25
612,4,39
52540,6,21
4,112,41
4,107,42
4,95,43
4,79,44
4,59,45
4,7,46
4,6,20
8136,3,21
12,7,21
4,8,47
4,27,48
4,191,49
4,15,50
4,30,23
7392,3,21
12,4,51
4,15,52
72360,6,21
4,76,54
4,7,55
4,31,56
4,31,57
4,3,58
4,47,59
4,30,16
3848,3,21
36,31,21
10180,3,21
4,52,61
4,31,62
4,51,63
4,3,64
4,3,65
4,19,66
4,55,67
4,87,68
4,59,69
4,87,70
4,43,71
4,95,72
4,23,73
4,39,74
4,83,75
4,19,76
4,3,77
4,23,78
4,3,79
4,3,80
4,3,81
4,3,82
4,3,83
4,67,84
4,47,85
4,3,86
4,11,87
4,15,88
4,23,89
4,35,90
4,39,91
4,67,92
4,103,93
12472,6,21
8,3,21
4,20,94
4,67,95
4,35,96
4,3,97
4,34,14
5604,3,21
28,20,98
4,43,99
4,63,100
4,19,101
4,91,102
4,3,103
4,3,104
4,31,105
4,31,106
4,35,107
4,23,108
4,31,109
4,3,110
4,107,111
4,3,112
4,63,113
4,23,114
4,3,115
4,19,116
4,23,117
4,11,118
4,14,14
280,4,118
4,63,119
4,19,120
4,67,121
4,3,122
4,39,123
4,15,124
4,47,125
4,79,126
4,75,127
4,11,128
4,31,129
4,47,130
4,39,131
4,55,132
4,22,17
652,4,132
62236,6,21
36,23,21
4,4,133
4,3,134
4,46,27
7700,3,21
52,47,21
4,52,135
4,91,136
4,47,137
4,19,138
4,139,139
4,39,140
17636,6,21
8,3,21
4,12,141
4,47,142
4,39,143
4,27,144
4,71,145
4,51,146
4,39,147
4,31,148
4,51,149
4,59,150
4,51,151
4,91,152
4,15,153
4,35,154
80476,6,21
4,83,29
2072,4,155
4,7,156
4,99,157
4,15,158
4,34,16
7088,3,21
40,35,21
4,16,159
4,46,15
1532,4,159
4,39,160
4,31,161
4,99,162
4,3,163
4,83,164
4,27,165
4,71,166
4,27,167
4,83,168
4,47,169
4,35,170
4,47,171
4,3,172
4,39,173
4,39,174
4,3,175
4,66,18
9308,3,21
10548,3,21
61156,4,177
4,27,178
4,26,28
5052,4,178
4,39,179
4,46,18
5060,4,179
4,15,180
4,3,181
4,38,22
9716,3,21
24,16,182
4,6,25
628,4,182
4,58,23
3628,4,182
4,7,183
108,3,195
8,6,21
4,20,184
4,27,185
4,31,186
4,15,187
4,99,188
4,35,189
4,51,190
4,3,191
4,7,192
4,15,193
4,35,194
4,87,195
4,63,196
4,39,197
4,67,198
4,31,199
4,63,200
4,35,24
28,27,201
4,31,202
4,51,203
4,39,204
4,7,205
4,3,206
4,87,207
4,3,208
4,19,209
4,55,210
4,31,211
4,123,212
4,63,213
4,23,214
4,79,215
4,71,216
4,3,217
4,103,218
4,3,219
4,71,220
4,107,221
4,35,222
4,23,223
4,47,224
4,31,225
4,3,226
4,27,227
4,38,16
8484,4,227
4,11,228
4,3,229
4,3,230
4,3,231
4,42,28
3512,4,231
4,3,232
4,14,19
3000,4,232
4,7,233
4,3,234
4,47,235
4,59,236
4,15,237
4,95,238
4,79,239
4,19,240
4,11,241
4,3,242
4,50,14
8044,4,242
4,11,243
4,3,244
4,15,245
4,47,246
4,39,247
4,3,248
4,71,249
4,31,250
4,3,251
4,43,252
4,15,253
4,67,254
4,3,255
4,14,22
224383,4,1
4,63,2
4,3,3
4,119,4
4,3,5
4,31,6
4,43,7
4,11,8
4,6,21
7048,3,22
12,7,22
4,120,9
4,23,10
4,43,11
4,75,12
4,43,13
4,35,14
4,19,15
4,3,16
4,3,17
4,63,18
4,19,19
4,23,20
4,15,21
4,23,22
4,67,23
4,35,24
4,47,25
4,115,26
4,19,27
4,7,28
4,51,29
4,3,30
4,31,31
4,91,32
4,35,33
4,35,34
4,34,28
2692,3,22
40,35,22
4,20,35
4,83,36
4,27,37
4,59,38
4,63,39
4,43,40
4,26,27
9864,3,22
24,16,41
4680,3,112
8,6,22
4,27,20
5188,3,22
16,8,42
4,63,43
4,83,44
4,19,45
4,11,46
4,54,21
10596,3,22
52,44,47
4,15,48
4,27,49
4,35,50
4,51,51
4,75,52
4,23,53
4,47,54
4,3,55
4,11,56
4,3,57
4,35,58
4,79,59
4,67,60
4,35,61
4,3,62
4,19,63
4,3,64
4,47,65
4,3,66
4,55,67
4,15,68
4,67,69
4,75,70
4,11,71
4,3,72
4,43,73
4,38,29
6136,3,22
40,32,74
4,7,75
4,23,76
4,15,77
4,51,78
4,19,79
4,23,80
4,71,81
4,43,82
4,23,83
4,71,84
4,26,24
3492,3,22
32,27,22
4,8,142
8,7,85
4,95,86
4,30,18
3996,3,22
28,20,87
4,15,88
4,3,89
4,23,90
4,30,27
8064,3,22
20,12,91
4,38,26
9328,3,22
10804,3,22
4,8,93
4,27,94
4,19,95
4,31,96
4,3,97
4,15,98
4,19,99
4,58,18
4952,3,22
28,20,100
4,3,101
4,3,102
4,19,103
4,43,104
4,35,105
4,15,106
4,47,107
4,7,108
4,27,109
4,11,110
4,31,111
4,18,15
1868,4,111
9260,6,22
4,32,113
4,15,114
61000,6,22
4,80,116
4,19,117
4,27,118
4,43,119
4,83,120
4,39,121
4,67,122
4,43,181
12,11,123
4,43,124
4,3,125
1224,7,125
4,3,126
4,35,127
4,143,128
4,11,129
4,75,130
4,83,131
4,19,132
4,35,133
4,43,134
4,19,135
4,75,136
4,23,137
4,27,138
4,27,139
4,3,140
4,11,141
4,115,142
4,115,143
4,3,144
4,3,145
4,31,146
4,27,147
4,35,148
4,7,149
4,23,150
4,55,151
4,43,152
4,67,153
4,55,154
4,11,155
4,19,156
4,3,157
4,71,158
4,66,28
2064,3,23
3076,4,158
4,15,159
4,31,160
4,11,161
4,3,162
4,31,163
4,59,164
4,3,165
4,22,27
2780,4,165
4,51,166
4,15,167
4,11,168
4,39,169
4,23,170
4,3,171
4,42,25
5972,4,171
4,15,172
4,35,173
4,42,20
6548,4,173
4,11,174
4,15,175
4,27,176
4,35,177
4,47,178
4,19,179
4,23,180
4,15,181
4,27,182
4,63,183
4,59,184
4,63,185
4,59,186
4,59,187
4,83,188
4,67,189
4,83,190
4,23,191
4,11,192
4,55,193
4,55,194
10532,6,22
4,36,196
4,71,197
4,43,198
4,43,199
4,43,200
4,23,201
4,27,202
4,27,203
4,47,204
4,15,205
11032,6,22
4,20,207
4,63,208
4,75,209
4,31,210
4,35,211
4,55,212
4,103,213
4,10,21
5460,4,213
4,31,214
4,51,215
4,23,216
4,67,217
4,67,218
4,59,219
4,7,220
4,3,221
4,55,222
4,3,223
4,51,224
4,99,225
4,67,226
4,15,227
4,63,228
4,23,229
4,95,230
4,43,231
4,71,232
4,71,233
4,3,234
4,19,235
4,31,236
4,10,30
7376,4,236
4,35,237
4,55,238
4,71,239
4,27,240
4,87,241
4,19,242
4,11,243
4,62,29
3104,4,244
4,19,245
4,43,246
4,99,247
4,43,248
4,23,249
4,63,42
24,23,250
4,31,251
4,35,252
4,31,253
4,18,16
1772,4,254
4,39,255
4,58,23
234827,7,23
4,48,1
4,35,2
4,23,3
4,67,4
4,35,5
4,3,6
4,23,7
4,3,8
4,66,22
2128,3,23
72,67,23
4,8,9
4,31,10
4,55,11
4,55,12
4,39,13
4,47,14
4,7,231
12,11,14
4,11,15
4,51,16
4,3,17
4,47,18
4,26,17
10072,3,23
32,27,23
4,48,19
4,27,20
4,27,21
4,27,22
4,3,23
4,7,24
4,3,25
4,83,26
4,71,123
32,31,27
4,87,28
4,7,29
4,27,30
4,7,31
4,31,32
4,23,33
4,71,34
4,3,35
4,23,36
4,23,37
4,31,38
4,31,39
4,11,40
4,3,41
4,3,42
4,26,15
7384,3,23
32,27,23
4,4,43
4,59,44
4,11,45
4,55,46
4,7,47
4,26,25
1360,4,47
4,19,48
4,90,27
6036,3,23
28,20,49
4,43,50
4,3,51
4,3,52
4,22,18
3288,3,23
12,4,53
4,39,249
4,3,54
4,35,55
4,43,56
4,3,57
4,87,58
4,3,59
4,43,60
4,31,61
4,23,62
4,63,63
4,31,64
4,71,65
4,23,66
4,103,67
4,39,68
4,111,69
4,19,70
4,59,71
4,27,72
4,47,73
4,23,74
4,35,75
4,3,76
4,15,77
4,15,226
20,19,77
4,27,78
4,31,79
4,19,80
4,83,81
4,47,82
4,31,83
4,26,16
9052,3,23
32,27,23
4,4,84
4,47,85
4,75,86
4,139,87
4,3,88
4,23,89
4,35,90
4,19,91
4,59,92
4,11,93
4,51,94
4,15,95
4,15,96
4,31,97
4,119,98
4,3,99
4,6,28
2272,4,99
4,23,100
4,27,101
4,3,102
4,3,103
4,39,104
4,59,105
4,119,106
4,51,107
4,23,108
4,79,109
4,47,110
4,55,111
4,35,112
4,31,113
4,27,114
4,59,115
4,19,116
4,83,117
4,39,118
4,67,119
4,35,120
4,22,25
3652,4,120
4,35,121
4,43,122
3956,7,123
4,23,124
4,71,125
4,43,126
4,7,127
4,30,30
236,4,127
4,3,128
4,23,152
28,27,128
4,19,129
4,39,130
4,7,131
4,27,132
4,38,24
9260,3,23
10632,3,23
4,72,134
4,35,135
4,23,136
4,19,137
4,75,138
4,35,139
4,47,140
4,23,141
4,27,142
4,35,143
4,39,144
4,7,145
4,35,146
4,31,147
4,31,148
4,79,149
4,11,150
4,59,151
4,23,152
4,103,153
4,3,154
4,27,155
4,19,156
4,7,157
4,42,17
4356,4,157
4,47,158
4,103,159
4,3,160
4,18,26
5116,4,160
4,43,161
4,19,162
4,35,163
4,27,164
4,15,165
4,79,166
4,43,167
4,31,168
4,75,169
4,43,170
4,51,171
4,3,172
4,3,173
4,55,174
4,30,16
3540,4,174
4,19,175
4,39,176
4,15,177
28624,6,23
8,3,23
10800,3,23
4,36,179
4,6,28
5324,4,179
4,47,180
4,3,181
4,67,182
4,15,183
4,3,184
4,3,185
4,15,186
4,23,187
4,27,188
4,71,189
4,15,190
4,27,191
4,3,192
4,31,193
4,39,194
31268,6,23
8,3,23
4,8,195
4,27,196
4,3,197
4,27,198
4,23,199
4,19,200
4,55,201
4,50,18
9084,3,23
20,12,202
4,11,203
4,39,204
4,19,205
4,11,206
4,71,207
4,55,208
4,3,209
4,39,210
4,43,211
4,7,212
4,63,213
4,27,214
4,54,27
5056,4,214
4,3,215
4,55,216
4,19,217
4,31,218
4,87,219
4,31,220
4,27,221
4,83,222
4,91,223
4,103,224
4,67,225
4,35,226
4,59,227
4,51,228
4,63,229
4,18,21
7752,4,229
4,3,230
4,19,231
4,11,85
16,15,231
4,23,232
4,47,233
4,39,234
4,35,235
4,3,236
4,10,25
8028,4,236
4,43,237
4,103,238
4,99,239
4,75,240
4,47,241
4,51,242
4,75,243
4,63,244
4,15,245
4,30,26
4548,4,245
4,43,177
24,23,246
4,3,247
4,19,248
4,47,249
4,15,250
4,95,251
4,59,252
4,18,24
2600,4,252
4,7,253
4,27,254
4,79,255
4,10,24
245347,64,1
4,51,2
4,31,3
4,15,4
4,39,73
8,7,5
4,67,6
4,11,7
4,67,8
4,19,9
4,3,10
4,3,11
4,95,12
4,39,13
4,3,14
4,10,17
2776,3,24
16,11,24
4,24,15
4,43,16
4,11,17
4,3,18
4,15,19
4,19,20
4,75,21
4,47,22
4,59,23
4,3,24
4,47,25
4,63,26
4,27,27
4,3,28
4,14,18
6348,3,24
20,15,24
4,4,29
4,99,30
4,31,31
4,19,32
4,11,33
72232,6,24
8,3,24
4,56,34
4,22,28
54760,4,34
4,11,204
44,23,35
4,3,36
4,19,37
4,3,38
4,107,39
4,79,40
4,3,41
4,38,20
2996,3,24
44,39,24
10588,3,24
4,48,43
4,27,44
4,6,19
2112,3,24
12,7,24
4,24,45
4,18,27
1648,4,45
4,3,46
4,23,47
4,3,48
4,31,49
4,3,50
4,107,51
4,47,52
4,75,53
4,43,54
4,31,55
4,7,56
4,31,57
4,3,58
4,111,59
4,83,60
4,39,61
4,3,62
4,23,63
4,31,64
4,23,65
4,47,66
4,11,67
4,10,21
2548,4,67
4,39,68
4,3,69
4,91,70
4,67,71
4,59,72
4,27,73
4,47,74
4,3,75
4,55,76
4,35,77
4,6,26
3560,3,24
12,7,24
4,48,78
4,66,27
7632,3,24
16,8,79
4,59,80
4,10,18
1948,4,80
4,19,81
4,3,82
4,27,83
4,31,84
4,23,85
4,3,86
4,43,87
4,47,88
4,67,89
4,11,90
4,79,91
4,19,92
4,47,93
4,27,94
4,55,95
4,19,96
4,11,97
4,31,98
4,3,99
4,43,100
4,87,101
4,63,102
2752,3,100
8,6,24
4,36,103
4,31,104
4,43,105
4,3,106
4,3,107
4,51,108
4,67,109
4,55,110
73696,6,24
4,68,112
4,131,113
4,3,114
4,43,115
4,43,116
4,43,117
4,23,118
4,51,119
4,19,120
4,43,121
4,87,122
4,3,123
4,11,124
4,15,125
4,47,126
4,15,127
4,35,128
4,3,129
4,3,130
4,63,131
4,19,132
4,47,11
16,15,133
4,31,134
4,35,135
4,55,136
4,31,137
4,42,29
580,4,137
4,11,138
4,19,139
4,119,140
4,7,141
4,10,22
8048,3,24
16,11,24
4,28,142
4,7,143
4,7,144
4,75,145
4,27,146
43968,6,24
4,56,148
4,51,149
4,3,150
4,42,23
2500,4,150
4,75,151
4,11,152
4,34,27
408,4,152
4,43,153
4,3,154
4,15,155
4,43,156
4,3,157
4,3,158
4,15,159
4,7,160
4,15,161
4,27,162
4,79,163
4,47,164
4,31,165
4,27,166
4,63,167
4,55,168
4,35,169
4,39,170
4,39,171
4,42,22
4056,4,171
4,11,172
4,51,173
4,59,174
4,27,175
4,3,176
4,99,177
4,19,178
4,15,179
4,71,180
4,31,181
4,11,182
4,27,183
4,103,184
4,3,185
4,59,186
4,7,187
4,27,188
4,35,189
4,39,190
4,51,191
4,23,192
4,15,193
4,18,21
1540,4,193
4,27,194
4,35,195
4,3,196
4,35,197
4,75,198
4,59,199
4,59,200
4,43,201
1840,3,239
8,6,24
4,12,202
4,71,203
4,19,204
4,71,205
4,19,206
4,15,207
4,71,208
4,51,209
4,3,210
4,63,211
4,19,212
4,23,213
4,39,214
4,15,215
4,103,216
4,55,217
4,35,218
4,39,219
4,27,220
4,79,221
4,51,222
4,47,223
4,3,224
4,39,225
4,51,226
4,83,227
4,11,228
4,3,229
4,47,230
4,39,231
4,19,232
4,35,233
4,115,234
4,23,235
4,11,236
4,11,237
4,31,238
4,35,239
4,34,26
7008,4,240
4,55,241
4,15,242
4,27,243
4,3,244
4,3,245
4,3,246
4,15,247
4,23,248
4,27,249
4,7,250
4,23,251
4,31,252
4,35,253
4,99,254
4,47,255
4,26,25
255191,20,1
4,15,2
4,50,30
9480,3,25
52,44,3
4,27,4
4,11,5
4,31,6
4,59,7
4,51,8
4,83,9
4,43,10
4,63,11
4,50,21
7900,3,25
44,36,12
4,99,13
4,3,14
4,42,27
3704,3,25
10052,3,25
10044,3,25
4,28,17
4,15,18
4,35,19
4,15,20
4,39,21
4,51,22
41184,6,25
4,20,24
4,51,25
4,35,26
4,23,27
4,15,103
20,19,27
4,66,23
796,3,29
5984,3,25
24,12,28
4,47,29
4,31,30
4,63,31
16840,6,25
4,28,33
4,3,34
4,43,35
4,51,36
4,3,37
4,3,38
4,27,39
4,43,40
4,55,41
4,19,42
4,31,43
4,103,44
4,39,45
4,47,46
4,3,47
4,31,48
4,3,49
4,111,50
4,39,52
4,23,53
4,3,54
4,47,55
4,39,56
4,35,57
4,103,58
4,3,59
4,15,60
4,67,61
4,27,62
4,51,63
4,43,64
4,43,65
4,47,66
4,63,67
4,39,68
4,47,69
4,59,70
4,94,19
6840,3,25
16,8,71
4,23,72
4,71,73
4,59,74
4,51,75
4,35,76
4,18,22
3676,3,25
8,3,29
7564,3,25
32,19,25
4,12,77
4,43,78
4,39,79
4,3,80
4,15,81
4,31,82
47260,6,25
8,3,25
4,52,83
4,43,84
4,3,85
4,83,86
4,67,87
4,39,88
4,59,89
4,63,90
4,3,91
4,23,92
4,31,93
4,91,94
4,3,95
4,35,96
4,114,23
4532,3,25
36,28,97
4,26,29
3160,4,97
4,39,98
4,91,99
4,51,100
4,43,101
4,23,102
4,10,19
2048,4,102
4,27,103
4,47,104
4,27,105
4,19,106
4,38,26
4704,3,25
10312,3,25
4,32,108
4,31,109
4,71,110
4,119,111
4,51,112
4,3,113
4,47,114
4,51,115
4,15,116
4,19,117
4,3,118
4,23,119
4,27,120
4,3,121
4,35,122
4,66,24
72,8,123
4,103,124
4,3,125
4,31,126
4,31,127
4,23,128
4,31,129
4,31,130
4,55,131
4,19,132
4,59,133
4,3,134
4,3,135
4,50,19
61332,4,136
4,27,137
4,31,138
4,27,139
4,23,140
4,3,141
4,23,142
4,18,23
1180,4,142
4,27,143
4,75,144
4,6,19
10148,3,25
4,32,146
4,19,147
4,3,148
4,79,149
4,63,150
4,3,151
4,39,152
4,19,153
4,3,154
4,3,155
4,22,27
4760,4,155
4,51,156
4,39,157
4,3,158
4,3,159
4,35,160
4,23,161
4,107,162
4,3,163
4,51,164
4,3,165
40492,6,25
4,56,167
4,63,168
4,3,169
4,7,170
4,23,171
4,103,172
4,23,173
4,55,174
4,15,175
4,59,176
4,55,177
4,35,178
4,47,179
4,10,30
1324,4,179
4,71,180
4,31,181
4,31,182
4,35,183
4,59,184
4,11,185
4,47,186
4,31,187
4,67,188
4,35,189
4,47,190
4,19,191
4,91,192
4,3,193
4,11,194
4,31,195
4,67,196
4,83,197
4,35,198
4,27,199
4,66,20
9476,3,25
28,20,200
4,3,201
4,31,202
4,19,203
4,39,204
4,115,205
4,3,206
4,10,24
3432,4,206
4,6,22
2344,4,206
4,3,207
4,79,208
4,31,209
4,35,210
4,31,211
4,31,212
4,19,213
4,27,214
4,46,21
9872,3,25
24,16,215
4,3,216
4,23,217
4,66,23
640,4,217
4,19,218
4,83,219
4,3,220
4,31,221
4,3,222
4,27,223
4,95,224
4,7,225
4,107,226
4,19,227
4,3,228
4,19,229
4,3,230
4,31,231
4,14,19
2168,4,231
4,7,232
4,59,233
4,103,234
4,67,235
4,51,236
4,3,237
4,3,238
4,27,239
4,47,240
4,27,241
4,83,242
4,15,243
4,47,244
4,27,245
4,3,246
4,39,247
4,19,248
4,19,249
4,27,250
4,35,251
4,3,252
4,51,253
4,35,254
4,3,255
4,6,26
265259,4,1
4,35,2
4,19,3
4,39,4
4,23,5
4,23,6
4,3,7
4,3,8
4,31,9
4,3,10
4,91,11
4,35,12
4,15,13
4,59,14
4,82,20
3348,3,26
12,4,15
4,67,16
4,42,31
6076,3,26
28,20,17
4,51,18
4,31,19
4,30,29
9924,3,26
36,31,26
10016,3,26
4,43,29
340,4,20
4,3,21
4,51,22
4,3,23
4,27,24
4,35,25
4,3,26
4,3,27
4,3,28
4,11,29
4,31,30
4,11,31
4,31,32
4,27,33
4,3,34
4,3,35
4,127,36
4,55,37
4,87,38
4,3,39
4,43,40
4,15,41
4,23,42
4,103,43
4,3,44
4,11,45
4,3,46
4,19,47
4,3,48
4,3,49
4,6,20
1612,4,49
4,39,50
4,23,51
4,31,52
4,19,53
4,3,54
4,55,55
4,19,56
4,19,57
4,3,58
4,47,59
4,35,60
4,39,61
4,3,62
4,19,63
4,67,64
4,51,65
4,39,66
4,59,67
4,35,68
4,75,69
4,47,70
4,35,71
4,35,72
4,27,73
4,35,74
4,63,75
4,31,76
4,31,77
4,39,78
4,3,79
4,35,80
4,23,81
4,3,82
4,79,83
4,6,27
1608,4,83
4,23,84
4,3,85
4,31,86
4,3,87
4,3,88
4,43,89
4,3,90
4,3,91
4,47,92
4,31,93
4,47,94
4,15,95
4,23,96
4,47,97
4,35,98
4,23,99
4,27,100
4,3,101
4,19,102
4,23,103
4,14,30
5252,3,26
20,15,26
4,8,104
4,27,105
4,43,106
4,3,107
4,15,108
4,3,109
4,79,110
4,63,111
4,3,112
4,19,113
4,15,114
4,31,115
4,51,116
4,15,117
4,83,118
4,35,119
4,15,120
4,3,121
4,23,122
4,35,123
4,27,124
4,55,125
4,35,126
4,71,127
4,59,128
4,31,129
4,27,130
4,31,131
4,34,30
3596,4,131
4,19,132
4,103,133
4,39,134
4,15,135
4,35,136
4,55,137
4,43,138
4,35,139
4,23,140
4,47,141
4,39,142
4,27,143
4,15,144
4,31,145
4,35,146
4,103,147
4,23,148
4,31,149
4,23,150
4,3,151
4,3,152
4,59,153
4,3,154
4,51,155
4,39,156
4,39,157
4,39,158
4,19,159
4,3,160
4,27,161
4,43,162
4,23,163
4,15,164
4,7,165
4,43,166
4,3,167
4,27,168
4,7,169
4,42,28
5596,4,182
12,3,170
4,23,171
4,66,27
4856,4,171
4,47,203
4,3,172
4,3,173
4,47,174
4,31,175
4,3,176
4,3,177
4,86,23
6804,3,26
28,20,178
4,31,179
4,55,180
4,83,181
4,7,182
4,3,183
4,19,184
4,3,185
4,87,186
4,19,187
4,23,188
4,67,189
4,23,190
4,31,191
4,55,192
4,131,193
4,51,194
4,31,195
4,51,196
4,18,29
8236,3,26
24,19,26
4,16,197
4,27,198
4,47,199
4,11,200
4,67,201
4,75,202
4,23,203
4,67,204
4,35,205
4,7,206
4,39,207
4,11,208
4,23,209
4,75,210
4,27,211
4,31,212
4,23,213
4,35,214
4,23,215
4,31,216
4,7,217
4,50,22
3744,4,217
4,7,218
4,35,219
4,27,220
4,79,221
4,3,222
4,54,30
4740,4,222
4,15,223
4,3,224
4,35,225
4,3,226
4,31,227
4,39,228
4,3,229
4,39,230
4,3,231
4,39,232
4,35,233
4,27,234
4,11,235
4,3,236
4,31,237
4,47,238
4,26,23
28,27,26
4,39,18
624,4,238
4,47,239
4,71,240
4,91,241
4,83,242
4,35,243
4,90,20
6312,4,244
4,115,245
4,35,246
4,43,247
4,75,248
4,15,249
4,19,250
4,7,251
4,95,252
4,19,253
4,47,254
4,59,255
4,6,27
274395,52,137
4,3,1
4,47,2
4,55,3
4,3,4
4,26,23
1516,3,27
32,27,27
9300,3,27
4,56,6
4,99,7
4,27,8
4,3,9
4,15,10
4,47,11
4,75,12
4,3,13
4,11,14
4,27,15
4,3,16
4,35,17
4,3,18
4,7,19
4,3,20
4,23,21
4,31,22
4,51,23
4,50,29
47356,4,24
4,91,25
4,47,26
4,35,27
4,31,28
4,7,29
4,19,30
4,19,31
4,63,32
4,39,33
4,51,34
7636,6,27
4,64,36
4,23,37
4,43,38
4,79,39
4,51,40
4,39,41
4,51,42
4,3,43
4,19,44
4,31,45
4,51,46
4,23,47
4,26,30
7708,3,27
32,27,27
4,4,48
4,3,49
4,27,50
4,103,51
64948,6,27
8,3,27
4,32,52
4,11,53
4,47,54
4,31,55
4,27,56
4,47,57
4,43,58
4,43,59
4,3,60
4,79,61
4,63,62
4,79,63
18872,6,27
8,3,27
4,40,64
4,55,65
4,39,66
4,59,67
4,43,68
4,19,69
4,15,70
4,63,71
4,19,72
4,91,73
4,23,74
4,15,75
4,51,76
4,23,77
4,63,78
4,75,79
4,79,80
4,47,81
4,39,82
4,39,83
4,31,84
4,34,20
4100,3,27
24,16,85
4,27,86
4,91,87
4,3,88
4,35,89
4,14,20
7044,3,27
20,15,27
4,4,90
4,3,91
4,3,92
4,3,93
4,7,94
4,7,95
4,83,96
4,51,97
4,39,98
4,87,99
4,19,100
4,79,101
4,55,102
4,3,103
4,27,104
4,19,105
4,3,106
4,43,107
4,3,108
4,43,109
4,43,110
4,15,111
4,3,112
4,83,113
4,31,114
4,51,115
4,35,116
4,31,117
4,43,118
4,3,119
4,91,120
4,7,121
4,31,122
4,43,123
4,31,124
4,15,125
4,15,126
4,75,127
4,47,128
4,31,129
4,55,130
4,19,131
4,31,132
4,35,133
4,63,134
4,35,135
4,19,136
4,75,137
4,39,138
4,63,139
4,15,140
4,43,141
28740,6,27
4,23,29
2844,4,142
4,23,143
4,3,144
4,27,145
4,31,146
4,43,147
4,19,148
4,35,149
4,67,150
4,87,151
4,11,152
4,91,153
52540,6,27
4,44,155
4,95,156
4,3,157
4,15,158
4,15,159
4,35,160
4,39,161
4,71,162
4,3,163
4,11,164
4,99,165
4,19,166
4,23,167
4,95,168
4,23,169
4,55,170
4,59,171
4,82,21
8336,3,27
16,8,170
48,31,172
4,31,173
4,51,174
4,39,175
25588,6,27
4,68,177
4,3,178
4,55,179
4,19,180
4,11,181
4,47,182
4,31,183
4,87,184
4,7,185
4,11,186
4,31,187
4,23,188
4,19,189
4,15,190
4,19,191
4,47,192
4,15,81
12,11,193
4,3,194
4,51,195
4,3,196
4,3,197
4,3,198
4,35,199
4,59,200
4,87,201
4,63,202
4,83,203
4,3,204
4,63,205
4,3,206
4,51,207
4,107,208
4,23,209
4,43,210
4,3,211
4,11,212
4,59,213
4,27,214
4,63,215
4,11,216
4,35,217
4,6,23
676,4,217
4,43,218
4,39,219
4,27,220
4,91,221
4,59,222
4,23,223
4,19,224
4,59,225
4,14,30
5148,4,225
4,23,226
4,31,227
4,83,228
4,51,229
4,62,25
6000,4,229
4,19,230
4,23,231
4,47,232
4,55,233
4,31,234
4,27,235
4,3,236
4,83,237
4,55,238
4,55,239
4,67,240
4,43,241
4,23,242
4,39,243
4,35,244
4,59,245
4,47,246
4,31,247
4,47,248
4,7,249
4,79,250
4,3,251
4,91,252
4,67,253
4,19,254
4,71,255
4,30,28
284627,63,28
10248,3,28
4,60,2
4,79,3
4,50,27
54576,4,3
4,7,4
4,22,27
3996,3,28
28,23,28
10328,3,28
4,31,20
2468,3,28
12,4,6
4,15,7
4,11,8
4,74,26
71152,4,8
4,7,9
4,39,10
4,99,11
4,43,12
4,71,13
4,10,25
7204,3,28
16,11,28
4,12,14
4,27,15
4,3,16
4,87,17
4,58,27
10432,3,28
20,12,18
4,46,21
4864,3,28
16,8,19
4,39,20
4,3,21
4,19,22
4,111,23
4,19,24
4,47,25
4,59,26
4,3,27
4,35,28
4,27,29
4,11,30
39336,6,28
8,3,28
4,32,31
4,59,32
4,19,33
4,23,34
4,35,35
4,3,36
4,86,25
8312,3,28
52,44,37
4,42,22
8484,3,28
16,8,38
4,51,39
4,55,40
4,26,24
32,4,41
4,3,42
4,19,43
4,3,44
4,43,45
4,19,46
4,63,47
4,115,48
4,27,49
4,7,50
4,39,51
4,43,52
4,71,53
4,59,54
4,38,27
9872,3,28
44,39,28
10744,3,28
4,12,56
4,83,57
4,3,58
4,6,21
7596,3,28
12,7,28
4,32,59
4,35,60
4,31,61
4,31,62
4,43,63
4,35,64
4,31,65
4,7,66
4,23,67
4,43,68
4,55,69
4,34,30
6144,3,28
10568,3,28
4,24,71
4,35,72
4,19,73
4,35,74
4,74,20
7568,3,28
12,4,75
4,107,76
4,67,77
4,31,78
4,3,79
4,7,80
4,43,81
4,15,82
4,30,21
904,4,82
4,31,83
4,11,84
4,59,85
4,3,86
4,3,87
4,35,88
8496,3,12
8,6,28
4,24,89
4,7,90
4,11,91
4,31,92
4,35,93
4,123,94
4,3,95
4,3,96
4,91,97
4,59,98
4,18,31
4644,3,28
24,16,99
4,35,100
4,55,101
4,3,102
4,19,103
4,3,104
4,23,105
4,11,106
4,55,107
4,87,108
4,63,109
4,59,110
4,75,111
4,35,112
4,7,113
4,3,114
4,3,115
4,99,116
4,79,117
4,3,118
4,11,119
4,19,120
4,59,121
4,3,122
4,27,123
4,47,124
4,35,125
4,31,126
4,15,127
4,31,128
4,35,129
4,26,22
440,4,129
4,23,130
4,71,131
4,3,132
4,11,133
4,35,134
4,31,135
4,27,136
4,31,137
4,51,138
4,27,139
4,43,140
4,35,141
4,39,142
4,107,143
4,11,144
4,19,145
4,79,146
4,19,147
4,27,148
4,59,149
4,71,150
4,7,151
4,11,152
4,35,153
4,51,154
4,107,155
4,31,156
4,31,157
4,67,158
4,51,159
4,35,160
4,3,161
4,47,162
4,83,163
4,67,164
4,47,165
4,39,166
4,35,167
4,27,168
4,23,169
4,3,170
4,83,171
4,7,172
4,18,22
5792,4,172
4,47,173
4,43,174
4,43,175
4,50,22
488,4,175
4,115,176
4,23,177
4,27,178
4,15,179
4,3,180
4,71,181
4,15,182
4,27,183
4,3,184
4,3,185
4,7,186
4,43,187
4,14,25
10436,3,28
20,15,28
4,4,188
4,71,189
4,43,190
4,23,191
4,3,192
4,31,193
4,39,194
4,67,195
4,31,196
4,3,197
4,31,198
4,31,199
4,19,200
4,55,201
4,19,202
4,127,203
4,10,29
7080,4,203
4,11,204
4,47,205
4,11,206
4,39,207
4,59,208
46720,6,28
4,36,210
4,75,211
4,43,212
4,51,213
4,75,214
4,3,215
4,23,216
4,63,217
4,35,218
4,27,219
4,27,220
4,35,221
4,23,124
28,27,221
4,11,222
4,11,223
4,27,224
4,31,225
4,19,226
4,19,227
4,43,228
4,31,229
4,95,230
4,54,30
3992,4,231
4,63,232
4,111,233
4,79,234
4,31,235
4,59,236
4,15,237
4,7,238
4,71,239
4,47,240
4,3,241
4,31,242
4,75,243
4,39,244
4,27,245
4,23,246
4,31,247
4,31,248
4,27,249
4,71,250
11504,6,28
8,3,28
4,8,251
4,31,252
4,31,253
4,23,254
4,75,255
294995,6,29
4,36,1
4,67,2
4,18,30
1116,3,29
24,19,29
10316,3,29
4,32,4
4,19,5
4,31,6
4,35,7
4,26,31
269,3,29
32,27,29
4,12,8
4,15,9
4,15,10
4,83,11
4,31,12
4,71,13
4,59,15
4,83,16
4,3,17
4,47,18
4,3,19
4,31,20
4,3,21
2952,6,29
4,52,23
4,35,24
4,11,25
4,43,26
4,27,27
4,27,28
4,3,29
4,3,30
4,43,31
4,35,32
4,3,33
4,27,34
4,47,35
4,3,36
4,27,37
4,3,38
4,30,28
1440,3,29
16,8,39
4,59,40
4,51,41
4,3,42
4,3,43
4,3,44
4,55,45
4,75,46
4,31,47
4,59,48
4,15,49
4,55,50
4,47,51
4,3,52
4,3,53
4,3,54
4,23,55
4,19,56
4,15,57
4,23,58
4,39,59
4,47,60
4,111,61
4,51,62
4,35,63
4,11,64
4,79,65
4,3,66
4,99,67
4,115,68
4,67,69
4,75,70
4,55,71
4,19,72
4,19,73
4,59,75
4,3,76
4,11,77
4,63,78
4,10,22
9496,3,29
16,11,29
4,40,79
4,39,80
4,39,81
4,19,82
4,31,83
4,143,84
4,43,85
4,51,86
4,39,87
4,7,88
4,75,89
4,7,90
4,83,91
4,59,92
4,31,93
4,3,94
4,31,95
4,19,96
4,87,97
4,3,98
4,51,99
4,7,100
4,31,101
4,27,102
4,18,27
9164,3,29
24,19,29
4,36,103
4,47,104
4,47,105
4,67,106
4,47,107
4,31,108
4,19,109
4,30,21
6344,4,109
4,6,28
3000,4,109
4,39,110
4,7,111
4,67,112
4,11,113
4,43,114
4,71,115
4,59,116
4,47,117
4,79,118
4,35,119
4,127,120
4,27,121
4,6,31
9136,3,29
12,7,29
4,48,122
4,43,123
4,71,124
4,99,125
4,7,126
4,43,127
4,19,128
4,3,129
44072,6,29
4,80,131
4,23,132
4,31,133
4,35,134
4,43,135
4,31,136
4,11,137
4,3,138
4,15,139
4,99,140
4,55,141
4,23,142
4,131,143
4,27,144
4,35,145
4,55,146
4,18,21
8940,3,29
24,19,29
4,12,147
4,7,148
4,3,149
4,7,150
4,83,151
4,55,152
4,3,153
4,3,154
4,47,155
4,23,156
4,67,157
4,3,158
4,63,159
4,23,160
4,3,161
4,3,162
4,31,163
4,19,164
4,19,165
4,27,166
4,51,167
4,31,168
4,31,169
4,3,170
4,103,171
4,35,172
4,103,173
4,14,27
5184,4,173
4,11,174
4,171,175
4,7,176
4,30,30
1972,4,176
4,51,177
4,79,178
4,47,179
4,3,180
4,47,181
4,51,182
4,35,183
4,95,184
4,31,185
4,27,186
4,83,187
4,51,188
4,51,189
4,71,190
4,19,191
4,19,192
4,3,193
4,75,194
4,55,195
4,19,196
4,43,197
4,39,198
4,47,199
4,3,200
4,35,201
4,35,202
4,3,203
4,7,204
4,3,205
4,47,206
4,66,26
3464,4,206
4,47,207
4,23,208
4,11,209
4,87,210
4,35,211
4,15,212
4,67,213
4,62,24
7772,4,213
4,55,214
4,15,215
4,3,216
4,47,217
4,71,218
4,35,219
4,63,220
4,31,221
4,55,222
4,59,223
4,15,224
4,14,27
8932,4,224
4,15,225
4,39,226
4,50,26
3868,4,226
4,15,227
4,71,228
4,31,229
4,43,230
68228,6,29
8,3,29
4,56,231
4,99,232
4,7,233
4,59,234
4,107,235
4,39,236
4,51,237
4,3,238
4,39,239
4,35,240
4,47,241
4,35,242
4,50,24
2292,4,243
4,31,244
4,75,245
4,43,246
4,3,247
4,31,248
4,15,249
4,18,25
8636,4,249
4,11,250
4,3,251
4,59,252
4,31,253
4,3,254
4,27,255
4,46,30
305551,59,30
4,16,1
4,31,2
4,3,3
4,47,4
4,15,5
4,3,6
4,23,7
4,79,8
4,55,9
4,7,10
4,63,11
4,51,12
4,7,13
4,63,14
4,59,15
4,3,16
4,58,22
3568,3,30
32,24,17
4,51,18
4,39,19
4,31,20
4,51,21
4,3,22
4,27,23
4,27,24
4,11,25
4,55,26
4,59,27
4,43,28
4,55,29
4,3,30
4,63,31
4,15,32
4,78,29
8728,3,30
36,28,33
4,23,34
4,43,35
4,38,31
6036,3,30
36,28,36
4,59,37
4,3,38
4,3,39
4,43,40
4,67,41
79516,6,30
10856,3,30
4,20,43
4,39,44
4,11,45
4,31,46
4,19,47
4,79,48
4,23,49
4,50,27
4764,3,30
20,12,50
4,127,51
4,23,52
4,115,53
4,51,54
4,7,55
4,55,56
4,19,57
4,39,58
4,42,29
20164,3,30
48,43,30
4,24,59
4,35,60
4,35,61
4,67,62
4,23,63
4,19,64
4,35,65
4,47,66
4,35,67
4,35,68
4,3,69
4,15,70
4,35,71
4,11,72
4,27,73
4,7,74
4,54,28
9336,3,30
12,4,75
4,59,76
4,43,77
4,83,78
4,15,79
4,31,80
4,27,81
4,87,82
4,15,83
4,87,84
4,39,85
4,55,86
4,35,87
4,71,88
4,7,89
4,31,90
4,59,91
4,15,92
4,103,93
4,107,94
4,47,95
4,27,96
4,43,97
4,99,98
4,10,28
8540,3,30
16,11,30
4,32,99
4,19,100
4,51,101
4,51,102
4,51,103
4,11,104
4,59,105
4,35,106
4,27,107
4,27,108
4,67,109
4,31,110
4,31,111
4,47,112
4,47,113
4,43,114
4,18,22
8972,3,30
12,4,115
4,15,116
4,27,117
4,3,118
4,99,119
4,19,120
4,55,121
4,51,122
4,63,123
4,67,124
4,39,125
4,27,126
4,15,127
4,47,128
4,79,129
4,35,130
4,39,131
4,11,132
4,27,133
4,7,134
4,3,135
4,39,136
4,83,137
4,15,138
4,79,139
4,27,140
4,71,141
4,3,142
4,3,143
4,35,144
4,47,145
4,3,146
4,23,147
4,59,148
4,31,149
4,27,150
4,95,151
4,27,152
4,35,153
4,42,28
1748,4,153
4,23,154
4,87,155
4,19,156
4,67,157
4,23,158
4,67,159
4,18,31
944,4,159
4,27,160
4,3,161
4,51,162
4,19,163
4,39,164
4,71,165
4,91,166
4,30,24
10840,3,30
12,4,167
4,39,168
4,31,169
4,19,170
4,3,171
4,107,172
4,75,173
4,35,174
4,71,175
4,55,176
4,87,177
4,55,178
4,3,179
4,35,180
4,35,181
13904,6,30
8,3,30
4,4,182
4,59,183
4,55,184
4,11,185
4,11,168
16,15,185
4,15,186
4,83,187
4,43,188
4,3,189
4,23,190
4,3,191
4,59,192
4,3,193
4,30,25
448,4,193
4,23,194
4,47,195
4,15,196
4,31,197
4,103,198
4,15,199
4,51,200
4,59,201
4,135,202
4,15,203
4,43,204
19676,6,30
8,3,30
4,64,205
4,27,206
4,31,207
4,31,208
4,3,209
4,18,25
10620,3,30
10972,3,30
4,44,211
4,3,212
4,59,213
4,35,214
4,27,215
4,75,216
4,3,217
4,51,218
4,3,219
4,99,220
4,7,221
4,31,222
4,3,223
4,3,224
4,67,225
4,115,226
4,31,227
4,99,228
4,31,229
4,7,230
20236,6,30
4,72,232
4,15,233
4,27,234
4,47,235
4,55,236
4,83,237
4,35,238
4,27,239
4,47,240
64156,6,30
8,3,30
4,84,241
4,7,242
4,47,243
4,55,244
4,55,245
4,11,246
4,27,247
4,43,248
4,163,249
4,127,250
4,51,251
4,3,252
4,67,253
4,63,254
4,3,255
4,18,31
316575,47,31
4,4,1
4,3,2
4,59,3
4,71,4
4,3,5
4,7,6
4,3,7
4,27,8
4,27,9
4,43,10
4,27,11
4,71,12
4,3,13
4,55,14
4,27,15
4,67,16
4,95,17
4,3,18
4,67,19
4,27,20
4,35,21
4,19,22
4,35,23
4,3,24
4,3,25
4,55,26
4,3,27
4,43,28
4,26,26
7076,3,31
16,8,29
4,51,30
4,3,31
4,43,32
44316,6,31
8,3,31
4,28,33
4,39,34
4,107,35
4,19,36
4,7,99
12,11,36
4,19,37
4,47,38
4,75,39
4,79,40
4,19,41
4,19,42
4,11,43
4,31,44
4,47,78
48,47,45
4,3,46
4,3,47
4,34,23
3412,3,31
12,4,48
4,23,49
4,43,50
4,67,51
4,75,52
4,95,53
4,3,54
4,3,55
4,31,56
4,67,57
76036,6,31
10756,3,31
4,44,59
4,15,60
4,67,61
4,3,62
4,55,63
4,83,64
4,43,65
4,3,66
4,27,67
4,3,68
4,39,69
4,31,70
4,39,71
4,3,72
4,15,73
4,95,74
4,7,75
4,11,76
4,11,77
4,43,78
4,51,79
4,23,80
4,75,81
4,79,82
4,11,83
4,35,84
4,11,85
4,35,86
4,7,87
4,23,88
4,35,89
4,11,90
4,27,91
4,7,92
4,35,93
4,3,94
4,3,95
4,59,96
4,3,97
4,35,98
4,3,100
4,19,101
4,87,102
4,87,103
4,34,30
10124,3,31
12,4,104
4,43,105
4,55,106
4,19,107
4,143,108
4,11,109
4,15,110
4,43,111
4,3,112
4,19,113
4,35,114
4,19,115
4,15,116
4,3,117
4,34,27
6296,3,31
10160,3,31
4,56,119
4,71,120
4,38,29
12488,4,237
44,35,121
4,35,122
4,27,123
4,11,124
4,27,125
4,3,126
4,83,127
4,51,128
4,31,129
4,35,130
4,83,131
4,3,132
4,3,133
4,35,134
4,91,135
4,31,136
4,27,137
4,79,138
4,79,139
4,46,30
5768,3,31
10256,3,31
4,55,29
1020,4,140
4,103,141
4,79,142
4,47,143
4,3,144
4,59,145
4,35,146
4,67,147
4,11,148
4,3,149
4,23,150
4,23,151
4,23,152
4,3,153
4,63,154
4,43,155
4,6,28
7048,3,31
10284,3,31
4,44,157
4,43,158
4,3,159
4,51,160
4,7,161
4,3,162
4,3,163
4,23,164
4,91,165
4,15,166
4,59,167
4,39,168
4,3,169
4,71,170
4,3,171
4,3,172
4,19,173
4,115,174
4,39,175
4,27,176
4,67,177
4,15,178
4,55,179
4,55,180
4,27,181
4,31,182
4,19,183
4,47,184
4,23,185
4,31,186
4,63,187
4,87,188
4,11,189
4,3,190
4,39,191
4,23,192
4,27,193
4,31,194
4,27,195
4,3,196
4,39,197
4,7,198
4,59,199
4,51,200
4,7,201
4,107,202
4,51,203
4,19,204
4,19,205
4,3,206
4,11,207
4,43,208
4,39,209
4,7,210
4,23,211
4,3,212
4,11,213
4,47,214
4,35,215
4,91,216
4,15,217
4,3,218
4,11,219
4,83,220
4,3,221
4,11,222
4,51,223
4,10,23
84,4,223
4,35,224
4,15,225
4,47,226
4,35,227
4,39,228
4,11,229
4,51,230
4,23,231
34644,6,31
8,3,31
4,71,29
2156,4,231
4,3,232
4,47,233
4,35,234
4,35,235
4,55,236
4,63,237
4,7,238
4,31,239
4,46,25
5532,4,239
4,55,240
4,43,241
4,27,242
4,27,243
4,31,244
4,79,245
4,23,246
4,47,247
4,27,248
4,35,249
4,71,250
4,15,251
4,31,252
4,19,253
4,39,254
4,63,255
4,31,81
30696,6,28
13916,4,252
15692,6,25
28972,4,59
15336,7,135
25396,6,27
5860,4,208
10324,7,203
24368,6,24
42812,4,50
26972,7,144
1260,6,27
30888,4,223
31324,6,31
72728,4,247
49832,6,30
13944,4,123
9972,6,28
20376,4,212
27216,6,26
96,4,213
6980,6,30
31480,4,164
58880,6,31
48432,4,53
11800,6,26
932,4,255
