0,0,0
1,1,1
0,0,31
4,2,0
0,0,174
4,3,73
4,3,170
4,3,16
4,3,162
4,3,19
4,3,0
1,51,1
4,55,2
4,71,3
4,79,4
4,55,5
4,27,6
4,59,7
4,43,8
4,43,9
4,3,10
4,3,11
4,11,12
4,3,13
4,27,14
4,35,15
596,7,16
4,39,17
4,31,18
4,31,19
4,55,20
4,35,21
4,35,22
4,15,23
4,63,24
4,23,25
4,35,26
4,39,27
4,19,28
4,83,29
4,115,30
4,59,31
4,31,32
4,15,33
4,23,34
4,3,35
4,3,36
4,31,221
8,7,37
4,3,38
4,95,39
4,11,40
4,19,41
4,31,42
4,31,43
4,59,44
4,79,45
4,51,46
4,27,47
4,3,48
4,3,49
4,55,50
4,31,153
36,35,50
4,35,51
4,67,52
4,39,53
4,91,209
20,19,54
4,15,55
4,31,56
4,39,57
4,63,58
4,7,59
4,67,60
4,3,61
4,91,62
4,67,63
4,59,64
4,67,65
4,55,66
4,27,67
4,3,68
4,67,69
4,3,70
4,27,71
4,19,72
4,91,120
8,7,73
4,11,41
16,15,73
4,23,74
4,11,75
4,67,76
4,7,77
4,55,78
4,15,79
4,35,80
4,67,81
4,3,82
4,47,83
4,39,84
4,31,85
4,75,86
4,91,87
4,27,88
4,79,89
4,59,222
36,35,90
4,19,91
4,7,92
4,63,93
4,47,94
4,35,95
4,39,96
4,63,97
4,19,98
4,67,99
4,63,100
4,19,101
4,3,102
4,3,103
4,39,104
4,3,105
4,55,106
4,3,107
4,11,108
4,3,109
4,19,110
4,31,111
4,35,112
4,39,113
4,35,114
4,3,115
4,55,116
4,39,117
3796,7,117
4,15,118
4,43,119
4,27,120
4,107,121
4,3,122
4,27,123
4,43,124
4,51,125
4,27,126
4,3,127
4,3,128
4,3,129
4,23,130
4,31,131
4,59,132
4,27,133
4,59,134
4,31,135
4,35,136
4,51,137
4,23,138
4,35,139
4,27,140
4,19,141
4,3,142
4,31,143
4,3,144
4,51,145
4,3,146
4,31,147
4,11,148
4,23,149
4,27,150
4,7,151
12,11,150
20,11,151
4,95,152
3904,7,153
4,59,154
4,11,155
4,15,156
4,63,157
4,22,1
3708,4,157
4,3,158
4,27,159
4,7,160
4,3,161
4,51,162
4,107,163
4,39,164
4,23,165
4,3,166
4,23,167
4,115,168
4,59,169
4,31,170
4,51,171
4,51,172
4,75,173
4,39,174
4,27,175
4,3,176
4,15,177
4,35,178
4,63,179
4,43,180
4,67,181
4,35,182
4,23,183
4,3,184
4,99,185
4,27,186
4,3,187
4,83,188
4,95,189
4,3,190
4,3,191
4,51,192
4,39,193
4,47,194
4,19,195
4,27,196
4,19,197
4,3,198
4,3,199
4,51,200
4,131,201
4,15,202
4,27,203
4,3,204
4,3,205
4,131,206
4,23,207
4,11,208
4,23,82
28,27,208
4,51,209
4,27,210
4,3,211
4,15,212
4,11,213
4,67,214
4,43,215
4,83,216
4,11,217
4,75,218
4,3,219
4,35,220
4,47,221
4,67,222
4,63,223
4,39,224
4,91,225
4,23,226
4,11,227
4,23,228
4,3,229
4,19,230
4,15,231
4,35,232
4,27,233
4,87,196
24,23,234
4,11,235
4,15,236
4,15,237
4,67,238
4,43,239
4,31,240
4,11,241
4,23,242
4,35,243
3332,3,20
8,3,244
4,27,245
4,99,246
4,55,247
4,99,248
4,23,249
4,103,250
4,11,251
4,47,252
4,15,253
4,27,254
4,47,255
4,26,1
9823,4,1
4,23,53
16,15,2
4,15,3
4,59,4
4,7,100
12,11,4
4,103,5
4,19,6
4,3,7
4,23,8
4,43,9
4,115,10
4,35,11
4,11,12
4,31,13
4,55,14
4,31,15
4,27,16
4,43,17
4,19,18
4,63,19
4,23,20
4,67,21
4,7,22
4,47,23
4,7,24
4,59,25
4,3,26
4,54,0
2284,3,1
16,8,27
4,27,28
4,19,29
4,43,30
4,19,31
4,54,2
244,4,31
4,35,32
4,7,33
4,3,34
4,15,35
4,27,36
4488,6,1
8,3,1
4,20,37
4,39,38
4,3,39
4,11,40
4,34,2
7908,3,1
20,12,41
4,31,42
4,55,43
4,71,44
4,3,45
4,3,46
4,11,47
4,3,48
4,7,49
4,51,50
4,67,51
4,67,52
4,27,53
4,27,54
4,59,55
4,27,66
24,23,56
4,63,57
4,31,58
4,19,221
16,15,59
4,23,60
4,63,61
4,59,62
4,11,63
4,31,64
4,83,65
4,35,66
4,19,67
4,3,68
4,27,69
4,3,70
4,27,71
4,87,72
4,35,73
4,11,74
4,11,144
16,15,74
4,19,75
4,23,76
4,23,77
4,31,78
4,23,79
4,51,80
4,31,81
4,11,82
4,91,83
4,39,84
4,3,85
4,23,166
28,27,85
4,27,86
4,46,0
9276,3,1
52,47,1
4,56,87
4,15,88
4,3,89
4,23,90
4,23,91
4,35,92
4,7,93
4,131,94
4,7,95
4,3,96
4,19,97
4,10,2
1456,4,97
4,15,98
4,23,99
3508,7,100
4,79,101
4,19,31
20,19,102
4,3,103
4,75,104
4,27,105
4,135,106
4,87,107
4,27,108
4,11,109
4,11,110
4,26,0
9548,3,1
12,4,111
4,23,112
4,3,113
4,67,114
4,47,115
4,3,116
4,27,117
4,11,118
4,3,119
4,43,120
4,59,121
4,31,122
4,19,123
4,63,124
4,3,125
4,27,126
4,3,127
4,67,128
4,3,129
4,39,130
4,35,131
4,23,132
4,59,133
4,11,134
4,67,135
4,27,136
4,31,137
4,71,138
4,3,139
4,31,140
4,3,141
4,43,142
4,51,143
4,23,144
4,23,145
4,119,146
4,51,147
4,35,148
4,7,213
8,7,149
4,27,150
4,31,151
4,3,152
4,71,153
4,15,154
4,19,155
4,91,156
4,27,157
4,67,158
4,3,159
4,15,160
4,31,161
4,19,162
4,67,163
4,3,164
4,7,165
4,35,166
4,42,2
2524,4,166
20,15,161
12,7,145
60,27,167
4,3,168
4,3,169
4,15,170
4,63,171
4,47,172
4,15,173
4,27,174
4,55,175
4,27,176
4,35,177
4,51,178
4,11,179
4,7,180
4,3,181
4,63,182
4,23,183
4,11,184
4,31,185
4,14,2
3636,4,185
4,47,186
4,39,187
4,75,188
4,19,189
4,55,190
4,35,191
4,31,192
4,23,193
4,15,194
4,39,195
4,67,196
4,75,197
4,43,198
4,59,199
4,43,200
4,3,201
4,55,202
4,3,203
4,67,204
4,27,205
4,42,0
3068,4,205
4,15,206
4,82,0
604,4,206
4,7,207
4,35,208
4,87,209
4,83,210
4,23,211
4,10,2
7784,4,211
4,31,212
4,15,213
4,43,214
4,63,215
4,14,0
3340,4,215
4,127,216
4,39,217
4,95,218
4,47,219
4,23,220
4,23,221
4,75,222
4,43,223
4,75,224
4,43,225
4,55,226
4,23,227
4,91,228
4,3,229
4,71,230
4,59,231
4,59,232
4,23,233
4,3,234
4,23,235
4,39,236
4,59,231
20,19,237
4,10,0
4236,4,237
4,47,238
4,3,239
4,99,240
4,42,3
5256,4,240
4,7,241
4,51,242
4,35,243
4,43,244
4,99,245
4,43,246
4,43,247
4,3,248
4,3,249
4,103,250
4,43,251
4,51,252
4,10,0
3168,4,252
4,15,253
4,3,254
4,31,255
4,34,2
19863,40,1
4,55,2
2276,6,2
4,56,4
4,3,5
4,3,6
4,35,7
4,27,8
4,55,9
4,39,10
4,31,11
4,67,12
4,39,13
4,7,14
4,11,75
16,15,14
4,3,15
4,3,16
4,87,17
4,3,18
4,3,19
4,95,20
4,22,1
5344,3,2
28,20,106
52,26,2
4,4,21
4,27,22
4,11,23
4,15,16
20,19,23
4,31,0
52,51,24
4,59,25
4,55,26
4,87,27
4,3,28
4,31,29
4,11,30
4,26,1
5560,3,2
32,27,2
4,12,31
4,51,32
4,23,33
4,3,34
4,7,35
4,47,36
4,7,37
4,91,38
4,43,39
4,31,40
4,3,41
4,22,1
1284,4,41
4,99,42
4,35,43
4,83,44
4,23,45
4,123,46
4,7,47
4,27,48
4,111,49
4,23,50
4,35,51
4,27,52
4,3,53
4,3,54
4,27,55
4,27,56
4,3,57
4,27,58
4,51,59
4,11,60
4,11,61
4,22,1
8372,3,2
16,8,62
4,3,63
4,87,64
4,11,65
4,35,66
4,3,67
4,11,68
4,3,69
4,11,70
4,14,1
428,4,70
4,7,71
4,15,72
4,55,73
4,15,74
4,23,75
4,23,76
4,34,1
6612,3,2
16,8,77
4,79,78
4,51,79
4,7,80
4,3,81
4,59,82
4,27,109
6908,6,2
36,28,82
4,7,83
4,91,84
4,75,85
4,3,86
4,47,253
4,3,87
4,51,88
4,35,89
4,35,90
4,31,91
4,19,92
4,3,93
4,23,94
4,47,95
4,31,96
4,43,97
4,87,98
4,23,99
4,95,100
4,3,101
4,27,102
4,19,103
4,3,104
4,19,105
4,43,106
4,159,107
4,99,108
4,19,109
4,23,110
4,15,111
4,59,112
4,6,1
6784,3,2
12,7,2
4,52,113
4,75,114
4,11,115
4,3,116
4,15,117
4,23,161
4,3,118
4,59,119
4,38,1
9500,3,2
44,39,2
4,16,120
4,43,121
4,39,122
4,39,123
4,39,124
4,23,125
4,87,126
4,19,127
4,59,128
4,67,129
4,11,130
4,22,3
8020,3,2
28,23,2
4,20,131
4,23,132
4,63,133
4,23,134
4,63,135
4,47,136
4,119,137
4,35,138
4,11,139
4,7,140
4,3,141
4,3,142
4,23,143
4,23,144
4,79,145
4,39,146
4,47,147
4,11,148
4,55,149
4,3,150
4,67,151
4,3,152
4,99,153
4,39,154
4,3,155
4,83,156
4,27,157
4,15,158
4,19,159
4,7,160
4,27,161
4,67,162
4,35,163
4,3,164
4,70,1
3196,4,164
4,19,165
4,3,166
4,43,167
4,43,168
4,71,169
4,3,170
4,11,124
16,15,171
4,19,172
4,55,173
4,31,174
4,23,175
4,135,229
28,27,176
4,27,177
4,3,178
4,19,179
4,23,180
4,91,181
4,59,182
4,47,183
4,3,184
4,47,185
4,11,186
4,27,187
4,51,188
4,19,189
4,50,3
156,4,189
4,11,190
4,11,191
4,58,3
3700,4,191
4,7,192
4,63,193
4,55,194
4,59,195
4,35,196
4,35,197
4,51,198
4,59,199
27659,3,24
8,6,2
4,36,200
4,35,201
276,7,201
4,83,202
4,27,203
4,27,204
4,55,205
4,18,1
9152,3,2
20,12,206
10816,6,2
8,3,2
4,20,207
4,3,208
4,71,209
4,11,210
4,39,211
4,39,212
4,11,213
4,55,214
4,26,3
6604,4,214
4,31,215
4,55,216
4,3,217
4,27,218
4,75,219
4,23,220
4,19,221
4,87,222
4,3,223
4,15,224
4,51,225
4,3,226
4,59,227
4,7,228
4,7,229
4,15,230
4,19,231
4,63,232
4,23,233
4,55,234
4,3,235
4,3,236
4,19,237
4,63,238
4,115,84
4,3,239
4,95,240
4,71,241
4,67,242
4,19,243
4,47,244
4,7,245
4,15,246
4,15,213
20,19,246
4,39,247
4,3,248
4,23,249
4,3,250
4,39,251
4,35,252
4,35,253
4,27,254
4,47,255
4,10,3
29875,32,1
4,31,2
4,3,3
4,27,4
4,19,5
4,30,2
3684,3,3
28,20,6
4,47,7
4,75,8
4,43,9
4,11,10
2484,3,21
8,6,3
4,48,11
4,34,1
3264,3,3
20,12,12
4,27,13
4,47,14
4,55,15
4,47,16
4,31,17
4,87,18
4,35,19
4,19,20
4,59,21
4,31,22
4,34,2
8356,3,3
10112,3,3
4,44,24
3092,6,3
8,3,3
19956,4,211
12,10,3
4,4,25
4,67,26
4,15,27
4,79,28
4,19,29
4,3,30
13936,6,3
8,3,3
4,28,31
4,7,32
4,67,33
4,63,34
4,51,35
4,19,36
4,111,37
4,43,38
4,39,39
4,11,40
4,19,41
4,15,94
20,19,41
4,103,42
4,43,43
4,3,44
4,54,2
3216,3,3
10072,3,3
4,36,46
4,51,47
4,35,48
4,3,49
4,71,50
4,22,2
1180,4,50
4,47,51
4,43,52
4,43,53
4,35,54
4,35,55
4,23,56
4,87,57
4,11,58
4,19,59
4,10,2
4320,3,3
16,11,3
4,12,60
4,39,61
4,15,62
4,3,63
4,3,64
4,55,65
4,43,66
4,35,67
4,91,68
4,91,69
4,7,70
4,11,71
4,34,2
2984,4,71
4,23,72
4,35,73
4,35,74
4,11,75
4,27,76
4,3,77
4,63,78
4,83,79
4,55,80
4,19,81
4,19,82
4,35,228
20,18,4
3048,4,83
4,27,84
4,47,85
4,51,86
4,27,87
4,55,88
4,71,89
4,3,90
4,3,91
4,7,92
4,7,93
2056,7,94
4,51,95
4,15,96
4,39,97
4,22,4
3560,4,97
4,67,98
4,3,99
4,59,100
4,3,101
4,19,102
4,31,103
4,39,104
4,35,105
4,59,106
4,3,107
4,67,108
4,19,109
4,39,110
4,51,111
4,51,112
4,27,113
4,7,114
4,91,115
4,23,116
4,15,117
4,35,118
4,27,119
4,18,2
6920,3,3
24,19,3
4,20,120
4,27,121
4,59,122
4,11,123
4,7,124
4,19,125
4,3,126
4,83,127
4,59,128
4,71,129
4,23,130
4,39,131
4,3,132
4,7,133
4,3,134
4,51,135
4,67,136
4,31,137
4,39,138
4,35,139
4,15,140
4,67,141
4,27,142
4,67,143
4,27,144
4,34,4
492,4,144
4,3,145
4,59,146
4,15,147
4,3,148
4,3,149
4,91,150
13980,6,3
8,3,3
4,140,151
4,87,152
4,15,153
4,83,154
4,15,155
4,39,156
4,87,157
4,79,158
4,59,159
4,27,160
4,23,161
4,3,162
4,31,78
36,34,2
1256,4,163
4,23,164
4,42,4
9324,3,3
12,4,165
4,15,166
4,47,167
4,87,168
4,31,169
4,7,170
4,15,171
4,51,172
4,67,173
4,91,174
4,3,175
4,30,4
9808,3,3
36,31,3
4,12,176
4,3,177
4,70,2
732,4,177
4,31,178
4,83,179
4,82,4
5316,4,179
4,7,180
4,15,181
4,51,182
4,3,183
4,99,184
4,114,4
5220,4,185
7480,7,185
4,27,186
4,31,187
4,23,188
4,7,189
4,3,190
4,91,191
4,23,192
4,35,193
4,23,194
4,39,195
4,23,196
4,35,197
4,75,198
4,31,199
4,27,200
4,39,201
4,143,202
4,75,203
4,39,204
4,23,205
4,63,206
4,135,207
4,19,208
4,75,209
4,7,210
4,35,211
4,27,212
4,23,213
4,91,214
4,3,215
4,35,216
4,51,217
4,63,218
4,83,219
4,55,220
4,67,221
4,7,222
4,59,223
4,83,224
4,58,2
580,4,224
4,23,225
4,3,226
4,47,227
4,47,228
4,39,229
4,43,230
4,31,231
4,15,232
4,23,233
4,39,234
4,63,235
4,55,236
4,19,237
4,39,218
28,27,238
4,3,239
4,31,240
4,11,241
4,51,242
4,59,243
4,43,244
4,23,245
4,67,246
4,51,247
4,39,248
4,31,79
8,7,249
4,47,250
4,35,251
4,3,252
4,35,253
4,19,254
4,31,255
40599,7,1
4,7,2
4,67,3
4,99,4
4,19,5
4,54,2
6200,3,4
28,20,6
4,31,7
4,43,8
4,95,9
4,63,10
4,83,11
4,51,12
4,10,5
5844,3,4
16,11,4
4,80,13
4,15,15
4,67,16
4,18,5
7308,3,4
16,8,17
4,23,18
4,27,19
4,15,20
4,23,210
20,19,21
4,19,22
4,55,23
4,71,24
4,71,25
4,59,26
4,3,27
4,43,28
4,7,29
4,55,30
4,43,31
4,23,32
4,15,33
4,75,34
4,23,35
4,19,36
4,55,37
4,3,38
4,3,39
4,3,40
4,66,3
7676,3,4
12,4,41
4,7,42
4,83,43
4,3,44
4,67,45
4,10,5
4952,4,45
4,3,46
4,47,47
4,43,8
4,3,48
4,47,49
4,39,50
4,11,51
4,19,52
4,19,141
24,23,52
4,87,53
4,11,54
4,27,55
4,39,56
4,31,57
4,39,58
4,135,59
4,31,60
4,3,61
4,87,62
4,59,63
4,18,3
12968,3,4
20,12,64
4,27,65
4,7,66
4,83,67
4,47,68
4,47,69
4,27,70
4,7,71
4,51,72
4,23,73
4,39,74
4,31,75
4,27,76
4,51,77
4,59,78
4,43,79
4,59,80
4,3,81
4,23,82
4,95,83
4,31,84
4,27,85
4,43,86
4,23,87
4,63,88
4,14,5
4860,3,4
20,15,4
4,4,89
4,67,90
4,51,91
4,35,92
4,58,3
8548,3,4
20,12,93
4,27,94
4,103,95
4,59,96
4,31,97
4,83,98
4,19,99
4,75,100
4,19,101
4,15,102
4,11,103
4,27,219
32,31,103
4,47,104
4,135,105
4,79,106
4,87,107
4,11,108
4,27,109
4,7,110
4,70,5
9168,3,4
12,4,111
4,27,112
4,59,113
4,31,114
4,27,115
4,15,116
4,31,117
4,51,118
4,39,119
4,23,120
752,7,120
4,23,121
4,3,122
4,3,123
4,23,124
4,67,125
4,23,126
4,43,127
4,15,128
4,7,129
4,15,130
4,27,131
4,27,132
4,83,133
4,67,134
4,3,135
4,39,136
4,47,137
4,3,138
4,75,139
4,47,140
4,14,5
10056,3,4
20,15,4
4,52,141
4,26,5
5780,4,141
4,31,142
4,51,143
4,47,144
4,3,145
4,79,146
4,22,3
10952,3,4
16,8,147
4,75,148
4,3,149
4,51,150
4,11,151
4,11,152
4,99,195
4,3,153
4,3,154
4,39,155
4,15,156
4,3,157
4,51,158
4,95,159
4,31,160
4,43,161
4,39,162
4,35,163
4,111,164
4,55,165
4,23,166
4,11,167
4,27,168
4,15,169
4,115,170
4,19,171
4,75,172
4,35,173
4,3,174
4,47,175
4,75,176
4,51,177
4,39,178
4,35,179
4,27,180
4,43,181
4,3,182
4,15,183
4,103,184
4,43,185
4,19,186
4,23,187
4,39,188
4,23,189
4,39,190
4,79,191
4,35,192
4,14,5
328,4,192
4,39,193
4,35,194
4,35,195
4,19,196
4,43,197
4,23,198
4,3,199
4,23,200
4,63,201
4,47,202
4,7,203
4,7,204
4,3,205
4,67,206
4,15,207
4,23,208
4,3,209
7752,7,210
4,43,211
4,55,212
4,91,213
4,35,214
4,55,215
4,19,216
4,70,5
7656,4,216
4,35,217
4,67,218
4,19,219
4,119,220
4,11,221
4,3,222
4,139,223
4,15,224
4,31,225
4,19,226
4,35,227
4,95,228
4,79,229
4,51,230
4,35,231
4,19,232
4,27,233
4,63,234
4,3,235
4,15,236
4,3,237
4,31,238
4,39,239
4,15,119
20,19,239
4,59,240
4,23,241
4,3,242
4,3,243
4,46,3
2256,4,243
4,27,244
4,59,245
4,31,246
4,3,247
4,11,211
16,15,247
4,19,248
4,15,249
4,15,250
4,3,251
4,27,252
4,43,253
4,39,254
4,31,255
4,42,5
51247,24,16
4,3,1
4,3,90
8,7,1
4,23,2
4,47,3
4,27,4
4,11,100
16,15,4
4,15,5
4,7,6
4,63,7
4,55,8
4,19,9
4,39,10
4,14,3
3876,3,5
20,15,5
4,16,11
4,47,12
4,75,13
4,67,14
4,3,15
600,7,16
4,55,17
4,23,18
4,31,19
4,3,20
4,7,21
4,3,22
4,67,23
4,50,4
2188,3,5
24,16,24
4,55,25
4,27,26
4,7,27
4,3,28
4,38,3
2172,3,5
20,12,29
4,43,30
2652,6,5
4,48,32
4,15,33
4,3,34
4,11,35
4,31,36
4,75,97
12,11,37
4,31,38
4,3,39
4,67,40
4,31,41
4,95,42
4,22,4
1604,3,5
28,23,5
4,12,43
4,35,44
4,23,45
4,91,46
4,39,47
4,87,48
4,107,49
4,27,50
4,19,51
4,31,52
4,91,53
4,7,54
4,27,55
4,47,56
4,19,57
4,39,58
4,27,59
4,103,60
4,35,61
4,55,62
4,75,63
4,67,64
4,75,65
4,27,66
4,23,67
4,11,68
4,59,69
4,59,70
4,47,71
4,63,72
4,39,73
4,23,74
4,31,75
4,39,76
4,39,77
4,3,78
4,59,79
4,47,80
4,3,81
4,35,82
4,55,83
4,39,84
4,34,6
1440,4,84
4,19,85
4,10,6
9972,3,5
16,11,5
4,36,86
4,27,87
4,31,88
4,39,89
4,15,90
4,39,91
4,19,92
4,35,93
4,83,94
4,27,95
4,51,96
4,39,97
4,15,98
4,43,99
4,27,100
4,47,101
4,15,102
4,39,103
4,23,104
4,39,105
4,43,106
4,31,107
4,47,108
4,3,110
4,27,111
4,11,112
4,43,113
4,19,114
4,23,115
4,18,6
7844,3,5
20,12,116
4,19,117
4,30,4
3988,4,117
4,39,118
4,19,119
4,39,120
4,19,121
4,46,6
1912,4,121
4,55,122
4,63,123
4,31,124
4,59,125
4,39,126
4,31,127
4,35,128
4,3,129
4,35,130
4,19,131
4,31,132
4,59,133
4,3,134
4,7,135
4,43,136
4,19,137
4,67,138
4,3,139
4,35,140
4,35,141
4,59,142
4,39,144
4,39,145
4,10,6
6920,3,5
16,8,146
4,27,147
4,87,148
4,3,149
4,43,150
4,3,151
4,79,152
4,71,153
4,119,154
4,51,155
4,3,156
4,79,157
4,59,158
4,15,159
4,7,47
12,11,159
4,39,160
4,11,161
4,67,162
4,63,163
4,99,164
4,11,165
4,82,7
6552,4,165
4,19,166
4,18,6
7188,3,5
24,19,5
4,12,167
4,23,168
4,51,169
4,43,170
4,87,171
4,47,172
4,23,173
4,59,174
4,55,175
4,63,176
4,35,177
4,71,178
4,3,179
4,19,180
4,14,7
7316,4,180
4,31,181
4,15,182
4,39,183
7052,7,183
4,79,184
4,15,185
4,71,186
4,7,187
4,67,188
4,67,189
4,31,190
4,91,191
4,19,192
4,43,193
4,31,194
4,67,195
4,51,196
4,19,197
2760,7,197
4,15,137
8,7,198
4,23,199
4,67,200
4,3,201
4,27,202
4,15,203
4,55,204
4,58,4
9176,3,5
16,8,205
4,35,206
4,23,207
4,63,208
4,7,209
4,11,210
4,55,211
4,27,212
4,3,213
4,19,214
4,15,215
4,43,216
4,3,217
4,3,218
4,51,219
4,59,220
4,55,221
4,87,222
4,3,223
4,35,224
4,91,225
4,23,226
4,67,227
4,3,228
4,47,229
4,51,230
4,7,231
4,3,232
4,51,233
4,19,180
24,23,233
4,7,234
4,67,235
4,23,41
28,27,235
4,27,236
4,31,237
4,43,238
4,63,239
4,59,240
4,11,241
4,59,242
4,11,243
4,19,244
4,3,245
4,58,7
9232,4,245
4,11,246
4,59,247
4,11,248
4,27,249
4,27,250
4,43,251
4,11,252
4,11,253
4,3,254
4,31,255
4,18,6
61451,36,1
4,39,2
4,51,3
4,3,4
4,11,5
4,55,6
4,67,7
4,63,8
4,35,9
4,39,10
4,27,11
4,71,12
4,15,13
4,35,14
4,3,15
4,3,16
4,11,17
4,3,18
4,19,19
4,3,20
4,11,21
4,42,7
9620,3,6
32,24,22
4,111,23
4,55,24
4,75,50
16,15,25
4,59,26
4,39,27
4,63,28
4,26,7
3224,3,6
24,16,29
4,95,30
4,31,31
4,67,32
4,39,33
4,43,34
4,3,35
4,19,36
4,27,37
4,11,38
4,111,39
4,27,40
4,3,41
4,31,42
4,47,43
4,27,44
4,3,45
4,51,46
4,70,7
1332,4,46
4,23,47
4,3,48
4,3,49
4,35,51
4,27,52
4,43,53
4,47,54
4,35,55
4,3,56
4,31,57
4,3,58
4,75,59
4,31,60
4,43,61
4,59,62
4,6,4
3984,3,6
12,7,6
9976,3,6
4,36,64
4,3,65
4,27,66
4,59,67
4,55,68
4,19,69
4,103,70
4,7,71
4,55,72
4,11,73
4,3,74
4,39,75
4,47,76
4,59,77
4,35,78
4,31,79
4,39,80
4,63,81
4,27,82
4,23,83
4,19,84
4,11,115
12,11,85
4,3,86
4,47,87
4,27,88
4,63,89
4,55,90
4,31,91
4,95,92
4,35,93
4,95,94
4,23,95
4,15,96
4,91,97
4,43,98
4,11,174
16,15,98
4,51,99
4,23,100
4,79,101
4,7,219
4,3,102
4,3,103
4,39,104
4,27,175
32,31,104
4,51,105
4,31,106
4,55,107
4,67,108
4,67,109
4,91,110
4,11,111
4,7,112
4,55,113
4,3,114
4,15,96
20,19,114
4,43,226
28,27,115
4,63,116
4,3,117
4,39,118
4,119,119
4,23,120
4,3,121
4,3,122
4,7,123
4,111,124
4,43,125
4,3,126
4,47,127
4,50,7
7168,3,6
12,4,128
4,7,129
4,39,130
4,31,131
4,3,132
4,35,133
4,51,134
4,51,135
4,26,7
2612,4,135
4,23,136
4,3,137
4,55,138
4,35,139
4,39,140
4,27,141
4,75,114
40,39,142
4,23,143
4,47,144
4,31,145
4,15,146
4,51,147
4,83,148
4,35,149
4,51,150
4,35,151
4,31,178
4,3,153
4,99,154
4,35,155
4,15,156
4,31,93
36,35,156
4,31,157
4,11,158
4,35,159
4,15,160
4,27,161
4,7,162
4,3,163
4,43,164
4,27,165
4,43,166
4,18,5
500,4,166
4,19,167
4,31,168
4,38,7
9132,3,6
44,39,6
10200,3,6
4,24,170
4,3,171
4,43,152
4,3,172
4,47,173
4,119,174
4,79,175
4,63,176
4,67,177
4,31,178
4,23,179
4,3,180
4,27,181
4,31,182
4,55,183
4,87,184
4,43,185
4,75,186
4,63,187
4,11,101
16,15,187
4,63,188
4,79,189
4,63,190
4,63,191
4,59,192
4,11,193
4,75,194
4,3,195
4,19,196
4,3,197
4,43,198
4,43,199
4,119,200
4,15,201
4,3,202
4,35,203
4,23,204
4,59,205
4,15,206
4,75,207
4,87,208
4,47,209
4,35,210
4,3,211
4,47,212
4,67,213
4,35,114
40,39,213
4,51,214
4,43,215
4,18,8
8028,4,215
4,7,216
4,47,217
4,3,218
4,51,219
4,43,220
4,155,221
4,66,7
3228,4,221
4,7,222
4,3,223
4,11,224
4,3,225
4900,7,226
4,39,227
4,3,228
4,47,229
4,51,230
4,19,231
4,43,232
4,31,149
12,11,233
4,7,234
4,19,235
4,95,236
4,79,237
4,71,238
4,27,239
4,31,240
4,47,241
4,27,242
4,39,243
4,31,244
4,35,245
4,31,246
4,27,247
4,11,248
4,26,7
6368,4,248
4,47,249
4,55,250
4,95,251
4,35,252
4,3,253
4,75,254
4,35,255
4,54,7
72251,32,1
4,67,2
4,19,3
4,15,4
4,63,5
4,43,6
4,47,7
4,27,8
4,47,9
4,3,10
4,35,11
4,71,12
4,91,13
4,30,5
2628,3,7
36,31,7
4,4,14
4,71,15
4,23,16
4,43,17
4,15,18
4,35,19
4,35,20
4,23,21
4,79,22
4,27,23
4,3,24
4,67,25
4,31,26
4,63,27
4,19,28
4,15,29
4,31,30
4,43,31
4,3,32
4,15,33
4,7,34
4,34,5
3988,3,7
20,12,35
4,63,36
4,23,37
4,30,6
5376,3,7
36,28,38
4,7,39
4,43,40
4,43,41
4,59,42
4,3,43
4,55,44
4,23,45
4,19,46
4,119,47
3608,3,113
8,3,48
4,91,49
4,27,50
4,71,51
4,3,52
4,14,8
1044,4,52
4,15,127
12,11,53
4,31,54
4,55,55
4,3,56
4,11,57
4,43,58
4,87,59
4,18,8
7748,3,7
24,16,60
4,79,61
4,63,62
4,51,63
4,7,64
4,7,65
4,111,66
4,75,67
4,26,8
236,4,67
4,3,68
4,23,69
4,63,70
4,55,71
4,7,72
4,31,73
4,59,74
4,7,75
4,43,76
4,11,77
320,3,38
8,3,78
4,15,58
8,6,6
6828,3,7
16,4,79
4,27,80
4,19,81
4,39,82
4,39,83
4,35,84
4,19,85
4,51,86
4,3,87
4,14,6
4608,3,7
20,15,7
32,12,129
20,15,88
4,87,89
4,3,90
4,75,54
32,31,91
4,39,92
4,3,93
4,3,94
4,31,95
4,23,96
4,43,97
4,39,98
4,19,99
4,27,100
4,23,166
28,27,100
4,11,101
4,67,102
4,67,103
4,15,104
4,63,105
4,35,106
4,59,107
4,27,108
4,79,109
4,3,110
4,55,111
4,39,112
4,131,113
4,15,114
4,7,115
4,47,116
4,59,117
4,39,118
4,3,119
4,15,120
4,3,121
4,27,122
4,51,123
4,31,124
4,7,125
4,3,126
2852,7,127
4,11,128
4,39,129
4,23,130
4,59,131
4,15,132
4,11,133
4,27,134
4,3,135
4,55,136
4,31,137
4,63,138
4,47,139
4,39,140
4,95,141
4,51,142
4,47,143
4,27,144
4,15,145
4,59,146
4,3,147
4,99,148
4,63,149
4,3,150
4,71,151
4,39,152
4,71,153
3912,7,153
4,59,154
4,35,155
4,111,156
4,43,157
4,7,158
4,47,10
8,7,159
4,71,193
4,3,160
4,3,161
4,23,162
4,66,8
8640,3,7
12,7,6
4700,4,162
4,23,163
4,3,164
4,3,165
4,27,166
4,27,167
4,107,168
4,59,169
4,155,170
4,11,129
8,7,171
4,11,172
4,123,173
4,3,174
4,3,175
4,23,176
4,63,177
4,31,178
4,35,179
4,11,180
4,27,181
4,55,182
4,47,183
4,39,184
4,55,185
4,15,186
4,39,187
4,59,188
4,7,189
4,79,190
4,34,8
7072,4,190
4,95,191
4,31,192
4,7,193
4,35,194
4,3,195
4,50,9
7472,4,195
4,39,196
4,47,197
4,7,48
12,11,197
4,11,198
4,35,199
4,51,200
13888,6,7
4,132,202
4,31,203
4,67,204
4,35,205
4,3,206
4,34,8
1312,4,206
4,35,207
4,31,208
4,3,209
4,135,210
4,71,211
4,39,212
4,43,213
4,11,214
4,43,215
4,23,216
4,51,217
4,47,218
4,3,219
4,39,220
4,31,221
4,23,222
4,11,223
4,71,224
4,31,225
4,75,226
4,67,227
4,43,228
4,111,229
4,51,230
4,3,231
4,43,232
4,11,233
4,43,234
4,63,235
4,15,236
4,31,237
4,103,238
4,31,239
4,79,240
4,3,241
4,19,242
4,27,156
32,31,242
4,15,243
4,3,244
4,51,245
4,15,28
20,19,245
4,23,246
4,39,247
4,3,248
4,7,249
4,15,250
4,38,6
2932,4,250
4,27,251
4,31,252
4,35,253
4,11,254
4,31,255
4,62,8
82835,12,1
4,59,2
4,51,3
4,3,4
4,47,5
4,6,7
464,3,8
12,7,8
4,16,6
4,67,7
4,51,8
4,23,9
4,55,10
4,79,11
4,3,12
4,23,13
4,55,14
4,19,15
4,63,16
4,11,17
4,27,18
4,19,19
4,26,9
9668,3,8
10508,3,8
4,12,21
4,59,22
4,31,23
4,110,6
4296,3,8
24,16,24
4,18,7
7952,3,8
24,19,8
4,44,25
4,51,237
16,15,26
4,31,27
4,46,7
736,4,27
4,47,28
4,27,29
4,39,30
4,67,31
4,39,32
4,35,33
4,95,34
4,27,35
4,47,36
4,3,37
9148,6,8
4,72,39
4,15,40
4,35,41
4,3,42
4,43,43
4,3,44
4,15,45
4,3,46
4,43,80
8,7,47
4,47,48
4,39,49
4,42,7
8028,3,8
28,20,50
4,19,51
4,27,52
4,83,53
4,47,54
4,115,55
4,35,56
4,15,57
4,11,58
4,35,59
4,43,60
4,23,61
4,39,62
4,47,63
4,23,64
4,59,65
4,59,66
4,71,67
4,26,9
7632,3,8
10648,3,8
10588,3,8
4,60,70
4,35,71
4,43,72
4,3,73
4,27,74
4,63,76
4,19,77
4,31,78
4,63,79
4,51,80
4,147,81
4,31,82
4,55,83
4,15,84
4,3,85
4,27,86
4,35,87
4,79,88
4,87,89
4,3,90
4,23,91
4,19,92
4,55,93
4,27,94
4,10,9
6184,3,8
12,4,95
4,39,96
4,3,97
4,119,98
4,26,9
9940,3,8
16,12,140
12,7,99
4,43,100
4,3,101
4,75,102
4,59,103
4,35,104
4,111,105
4,47,106
4,23,107
4,55,108
4,31,109
4,3,110
4,11,111
4,51,112
4,59,113
4,19,114
4,3,115
4,55,116
4,3,117
4,67,118
4,3,119
4,7,120
4,3,121
4,35,122
4,27,123
4,51,124
4,119,125
4,23,126
4,3,127
4,3,128
4,43,129
4,55,130
4,51,131
4,63,132
4,47,133
4,75,134
4,31,135
4,71,136
4,39,137
4,3,138
4,31,139
4,19,140
4,59,141
4,15,142
4,55,143
4,31,144
4,47,145
4,55,146
4,31,147
4,47,148
4,47,149
4,59,150
4,3,151
4,39,152
4,3,153
4,31,154
4,51,155
4,7,156
4,3,157
4,11,75
16,15,157
4,27,158
4,59,159
4,75,160
4,11,161
4,31,162
4,67,163
4,75,164
4,39,165
4,79,166
4,11,167
4,11,168
4,15,169
4,55,170
4,3,171
4,31,172
4,31,173
4,35,174
4,39,175
4,23,176
4,47,177
4,7,178
4,31,179
4,59,180
4,39,181
4,83,182
4,35,183
4,30,10
5784,4,183
4,27,184
4,31,185
4,14,7
1520,4,185
4,7,186
4,31,187
4,23,188
4,55,189
4,23,190
4,18,7
7700,4,190
4,39,191
4,31,192
4,47,71
20,19,193
4,23,194
4,39,195
4,35,196
4,63,197
4,67,198
4,103,199
4,23,200
4,51,201
4,43,202
4,47,203
4,31,204
4,27,205
4,66,7
9896,3,8
40,32,206
4,3,207
4,47,208
4,11,209
4,55,210
4,11,211
4,3,212
4,18,9
6588,4,212
4,15,213
4,115,214
4,31,215
4,43,216
4,19,217
4,35,218
4,31,219
4,11,220
4,55,221
4,31,222
4,3,223
4,31,224
4,19,225
4,14,7
5168,4,225
4,19,226
4,31,227
4,11,228
4,7,229
4,23,230
4,27,231
4,27,232
4,119,233
4,27,234
4,15,235
4,19,236
4,15,237
4,7,47
12,11,237
4,51,238
4,23,239
4,55,240
4,59,241
4,3,242
4,23,243
4,35,244
4,43,245
4,35,246
4,35,247
4,27,248
4,83,249
4,55,250
4,111,251
4,3,252
4,55,253
4,47,254
4,31,255
4,10,9
93139,7,9
4,16,1
4,87,2
4,23,3
4,11,4
4,59,5
4,15,6
4,3,7
4,55,8
4,51,9
4,15,10
4,39,11
4,23,12
4,79,13
4,3,123
8,7,13
4,30,8
408,4,13
4,23,14
4,23,15
4,51,16
4,15,17
4,10,8
3252,3,9
16,11,9
4,16,18
4,3,19
4,6,8
3384,3,9
12,7,9
10280,3,9
4,28,21
4,67,22
4,27,23
4,42,7
4684,3,9
40,32,24
4,31,25
4,39,26
4,51,27
4,19,28
4,47,29
4,3,30
4,19,31
4,35,32
4,43,33
4,67,34
4,11,35
4,3,36
4,71,37
4,43,38
4,3,39
4,15,98
20,19,39
4,67,40
4,35,41
4,23,42
11172,6,9
4,60,44
4,11,45
4,67,46
4,3,47
4,55,48
4,43,49
4,15,50
4,7,51
4,7,52
4,51,53
4,75,54
4,35,55
4,23,56
4,47,57
4,79,58
4,47,59
4,83,60
4,11,61
4,155,62
4,15,63
4,3,64
4,19,65
4,159,66
4,7,68
4,35,69
4,67,70
4,23,71
4,71,72
4,31,73
4,55,74
4,27,75
4,39,76
4,23,77
4,3,78
4,3,79
4,3,80
4,47,81
4,3,82
4,19,83
4,15,84
4,3,85
4,107,86
4,19,87
4,51,88
13340,6,9
8,3,9
4,88,89
4,3,90
4,79,91
4,3,92
4,10,10
4752,3,9
16,11,9
9996,3,9
4,64,94
4,3,95
4,35,96
4,55,97
4,107,98
4,19,99
4,55,100
4,67,101
4,23,102
4,3,103
4,15,104
4,3,105
4,67,106
4,27,70
16,15,107
4,39,108
4,7,109
4,3,110
4,19,111
4,31,112
4,67,113
4,42,10
7504,3,9
12,4,114
4,7,115
4,55,116
10648,6,9
4,80,118
4,3,119
4,22,10
1252,4,119
4,39,120
4,31,121
4,67,122
4,71,123
4,23,124
4,31,125
4,35,126
4,15,127
4,15,128
4,3,129
4,15,130
4,15,131
4,23,132
4,11,133
4,3,134
4,35,135
4,19,136
4,47,137
4,3,138
4,3,139
4,55,211
60,59,139
11392,6,9
4,24,141
4,31,142
4,6,11
4560,4,142
4,35,143
4,39,144
4,15,117
20,19,144
4,39,145
4,30,8
4040,4,145
4,23,67
64,34,9
4,12,146
4,31,147
4,47,148
4,7,149
4,79,150
4,55,151
4,27,152
4,15,153
4,11,154
4,3,155
4,55,156
4,15,157
4,79,158
4,31,159
4,3,160
4,3,233
8,7,160
4,83,161
4,3,162
4,95,163
4,83,164
4,55,165
4,31,166
4,46,8
8916,3,9
52,47,9
4,24,167
4,58,8
7044,3,9
24,16,168
4,99,169
4,3,170
4,27,171
4,59,172
4,27,173
4,51,174
4,7,175
4,3,176
4,3,177
4,71,178
4,15,39
20,19,178
4,3,179
4,31,180
4,55,181
4,7,182
4,31,183
4,111,184
4,43,185
4,39,186
4,3,187
4,35,188
4,3,189
4,47,190
4,14,10
4728,4,190
4,63,191
4,7,192
4,3,193
4,3,194
4,10,11
4052,4,194
4,7,195
4,30,11
3816,4,196
4,7,197
4,35,198
4,11,96
12,11,199
4,3,200
4,11,201
4,50,10
9048,3,9
52,48,164
12,7,202
4,35,203
4,31,204
4,23,205
4,63,61
20,19,206
4,3,207
4,19,208
4,35,209
4,47,210
2900,7,211
4,35,212
4,43,213
4,55,214
4,99,215
4,47,216
4,23,217
4,83,218
4,23,219
4,23,220
4,147,221
4,11,222
4,39,223
4,3,224
4,39,225
4,51,226
4,3,227
4,47,228
4,3,229
4,111,230
4,55,231
4,7,232
4,115,233
4,91,234
4,27,235
4,11,215
16,15,235
4,7,236
4,47,237
4,35,238
4,3,239
4,35,240
4,59,241
4,3,242
4,51,243
4,27,244
4,22,11
7656,4,244
4,3,245
4,3,246
4,23,247
4,6,10
2764,4,247
4,19,248
4,31,249
4,3,250
4,31,251
4,27,252
4,71,253
4,27,254
4,55,255
4,74,10
103119,7,10
4,40,1
4,111,2
4,3,3
4,23,4
4,19,5
4,79,6
4,95,7
4,43,8
4,27,9
4,43,10
4,3,11
4,83,12
4,35,13
4,27,14
4,91,15
4,74,9
984,3,10
20,12,16
4,19,31
24,23,16
4,47,17
4,51,18
4,35,19
4,59,20
4,31,21
4,3,22
4,3,23
4,51,24
4,7,25
4,11,26
4,55,27
4,55,28
4,7,29
4,11,16
12,11,30
4,11,31
4,43,32
4,19,136
12,11,33
4,3,34
4,11,35
4,67,36
4,23,37
4,3,38
4,15,39
4,19,40
4,15,41
4,59,42
4,3,43
4,3,44
4,47,45
4,63,46
4,19,47
4,3,48
4,31,49
4,3,50
16328,6,10
8,3,10
4,24,51
4,35,52
4,3,53
4,15,54
4,39,55
4,23,56
4,27,57
4,47,58
4,3,59
4,19,60
4,7,61
4,35,62
4,23,63
4,3,64
4,27,65
4,51,66
4,15,67
4,27,68
4,3,69
4,3,70
4,83,71
4,47,72
4,3,73
4,42,9
680,4,73
4,51,74
4,59,75
4,3,76
4,3,77
4,15,78
4,31,79
4,83,80
4,43,81
4,3,82
4,35,83
4,23,84
4,87,85
4,34,9
5416,3,10
8372,3,10
4,60,87
4,19,88
4,31,89
4,35,90
4,47,91
4,35,92
4,23,93
4,43,94
4,31,95
3692,3,202
8,6,10
4,76,96
4,35,97
4,35,98
4,27,99
4,10,12
3208,4,99
4,23,100
4,3,101
4,15,102
4,7,103
4,55,104
4,71,105
4,7,106
4,67,107
4,79,108
4,39,109
4,71,110
4,43,111
4,99,112
4,3,113
4,59,114
4,31,115
4,31,116
4,3,117
4,3,118
4,47,119
4,67,120
4,59,121
4,11,122
4,35,123
4,31,124
4,39,125
7560,6,10
8,3,10
4,44,126
4,3,127
4,11,128
4,23,129
4,19,130
4,3,131
4,63,132
4,31,133
4,19,134
4,35,135
4,51,136
4,43,137
4,99,11
8,7,138
4,83,139
4,27,140
4,87,141
4,43,142
4,43,143
4,67,144
4,3,145
4,19,146
4,3,147
4,14,9
2880,4,147
4,23,148
4,75,137
8,7,149
4,59,150
4,19,109
24,23,151
4,3,152
4,27,153
4,75,154
4,27,155
4,83,156
4,43,157
4,39,158
4,3,159
4,46,11
8548,3,10
12,4,160
4,50,9
8992,3,10
32,24,161
4,11,162
4,3,163
4,63,164
4,19,165
4,23,166
4,3,167
4,3,168
4,51,169
4,19,170
4,27,171
4,23,190
28,27,171
4,27,172
4,15,173
4,15,174
4,15,35
20,19,174
4,79,175
4,3,176
4,47,177
4,35,178
4,63,179
4,55,180
4,3,181
4,39,182
4,3,183
4,55,184
4,87,185
4,35,186
4,23,187
4,3,188
4,95,189
4,19,159
8,7,190
4,63,191
4,3,192
4,11,193
4,35,194
4,11,195
4,3,196
4,35,197
4,23,198
4,23,199
4,3,200
4,83,201
4,79,202
4,19,203
4,15,204
4,39,205
4,35,206
4,42,9
480,4,206
4,35,207
4,55,208
4,47,209
4,47,210
4,35,211
4,31,212
4,15,213
4,103,214
4,23,215
4,55,216
4,27,217
4,3,218
4,47,219
4,7,220
4,31,221
4,3,222
4,55,223
4,63,224
4,35,225
4,19,226
4,19,227
4,19,228
4,31,229
4,23,230
4,27,231
4,31,232
6652,7,232
4,51,233
4,27,234
4,75,235
4,63,236
4,51,237
4,23,238
4,11,239
4,6,11
8840,4,239
4,47,240
4,23,241
4,63,242
4,15,243
4,19,244
4,7,245
4,67,246
4,23,247
4,43,248
4,27,249
4,63,250
4,27,251
4,19,252
4,71,253
4,39,254
4,63,255
4,10,11
112647,15,11
4,52,1
4,159,2
4,47,90
40,39,3
4,23,4
4,27,5
4,39,6
4,11,7
4,43,8
4,47,9
4,43,10
4,23,11
4,87,12
4,3,13
4,3,14
4,39,15
4,19,16
4,63,17
4,11,18
4,47,19
4,39,20
4,35,21
4,23,22
4,23,23
4,3,24
4,11,25
4,27,26
4,23,27
4,55,28
4,43,5
24,23,29
4,147,30
4,22,10
4828,3,11
28,23,11
4,52,31
4,51,32
4,67,33
4,3,34
4,35,35
4,67,36
4,11,37
4,3,38
4,67,39
4,3,40
4,43,41
4,39,42
4,3,43
4,3,44
4,19,45
4,3,46
4,27,47
4,19,48
4,43,49
4,3,50
4,87,51
4,19,52
4,39,53
4,67,54
4,3,55
4,51,56
4,26,12
352,4,56
4,11,57
4,51,58
4,27,59
4,66,10
16656,4,59
4,35,60
4,3,61
4,55,62
268,3,132
8,6,11
4,84,63
4,15,64
4,23,65
7668,6,11
8,3,11
4,100,66
4,39,67
4,7,68
4,79,69
4,55,70
4,11,71
4,15,72
4,27,73
4,35,74
4,46,10
28,24,75
4,3,76
4,30,12
3664,3,11
16,8,77
4,75,78
4,27,79
4,15,80
4,39,81
4,6,10
3572,3,11
12,7,11
4,8,82
4,19,83
4,83,84
4,39,85
4,3,86
4,3,87
4,31,88
4,39,89
4,11,90
4,18,10
4420,3,11
24,19,11
4,24,91
4,63,92
4,47,93
4,79,94
4,7,95
4,23,97
4,19,98
4,3,99
4,14,12
6788,3,11
20,15,11
4,12,100
4,3,101
4,47,102
4,39,103
4,107,104
4,43,105
4,23,106
4,95,107
4,3,108
4,43,109
4,35,110
4,59,111
4,59,112
4,47,113
4,39,114
4,31,115
4,23,116
4,15,130
20,19,116
4,31,117
4,27,118
4,71,119
4,3,120
4,31,121
4,19,122
4,23,123
4,31,124
4,63,125
4,91,126
4,11,127
4,19,128
4,35,129
4,15,130
4,35,131
4,3,132
4,27,189
12,11,133
4,15,134
4,47,135
4,35,136
4,3,137
4,3,138
4,67,139
4,47,140
4,59,141
4,7,142
4,31,143
4,3,144
4,7,145
4,3,146
4,3,147
4,23,148
4,10,10
8412,3,11
16,11,11
4,16,149
4,23,150
4,87,151
4,3,152
4,59,153
4,59,154
4,15,155
4,27,56
32,31,155
4,3,156
4,19,157
4,63,158
4,47,159
4,59,160
4,59,161
4,59,162
4,99,163
4,31,164
4,10,10
848,4,164
4,15,165
4,31,166
4,27,167
4,51,168
4,3,169
4,47,170
4,42,10
8528,3,11
9848,3,11
4,64,172
4,35,173
4,39,174
4,11,175
4,27,176
4,19,177
4,147,178
4,3,179
4,47,180
4,7,181
4,31,182
4,3,183
4,51,184
4,3,185
4,59,186
4,99,187
4,43,188
4,23,189
4,47,190
4,31,191
4,59,192
4,11,193
4,51,194
4,15,195
4,35,196
4,63,197
4,3,198
4,7,199
4,79,200
4,3,201
14068,6,11
4,71,10
84,4,202
4,11,203
4,31,204
4,3,205
4,47,206
4,31,207
4,31,208
4,39,209
4,35,210
4,3,211
4,3,212
4,3,213
4,11,214
4,27,215
4,19,216
4,27,217
4,19,218
4,59,219
4,35,220
4,15,221
4,27,222
4,27,223
4,3,224
4,63,225
4,23,226
4,123,227
4,27,228
4,3,229
4,51,230
4,3,231
4,55,232
4,23,233
4,3,234
4,111,235
4,34,10
904,4,235
4,23,236
4,3,237
4,87,238
4,15,239
4,70,13
6068,4,240
4,3,241
4,3,242
4,3,243
4,19,244
4,27,245
4,55,246
4,51,247
4,63,248
4,11,249
4,14,12
6632,4,249
4,55,250
4,35,251
4,34,12
7908,4,251
4,7,252
4,99,253
4,3,254
4,47,255
4,10,12
122387,7,12
4,20,1
4,15,74
12,11,2
3380,6,12
8,3,12
4,56,3
4,7,4
15928,6,12
4,28,6
4,95,7
4,31,8
4,55,9
4,55,10
4,11,6
16,15,110
16,15,11
4,50,10
6108,3,12
32,24,12
4,15,13
4,23,14
4,27,15
4,27,16
4,3,17
4,23,18
4,47,19
4,23,20
4,23,21
4,15,22
4,51,23
4,19,24
4,27,25
4,15,26
4,31,27
4,75,28
4,59,29
4,11,30
4,31,31
4,47,32
4,83,33
4,3,34
4,67,35
4,43,36
4,31,37
4,31,38
4,11,39
4,39,40
4,27,41
4,47,42
4,22,11
1508,4,42
4,51,43
4,27,44
4,19,45
4,39,46
4,35,47
4,39,48
4,59,49
4,43,50
4,19,51
4,47,52
4,3,53
4,11,54
4,67,55
4,3,56
4,27,57
4,31,58
4,3,59
4,39,60
4,99,61
4,63,62
4,27,63
4,35,64
4,31,65
4,39,66
4,15,67
4,59,68
4,23,69
4,7,70
4,15,71
4,11,72
4,3,73
4,55,74
4,39,75
4,51,76
4,63,77
4,15,78
4,27,79
4,71,80
4,58,11
2376,4,80
4,43,81
4,3,82
4,26,10
3716,3,12
32,27,12
4,32,83
4,15,84
4,11,85
4,30,13
8412,3,12
24,16,86
4,35,87
4,47,88
4,35,89
4,3,90
4,14,11
968,4,90
4,19,91
4,59,92
4,6,11
4388,3,12
12,7,12
4,47,10
6160,3,12
40,32,93
4,83,94
4,47,95
4,103,96
4,23,97
4,47,98
4,71,99
4,15,100
4,3,101
4,39,102
4,3,103
4,15,104
4,3,105
4,71,106
14312,6,12
8,3,12
4,28,107
4,43,108
4,59,109
4,39,110
4,55,111
4,23,112
4,35,113
4,35,114
4,67,115
4,83,116
4,83,117
4,43,118
10980,6,12
8,3,12
4,44,119
4,27,120
4,27,121
4,3,122
4,15,123
4,35,124
4,75,125
4,19,126
4,43,127
4,15,128
4,15,129
4,3,130
4,3,131
4,83,132
4,59,133
4,3,196
8,7,133
4,59,134
4,34,11
7416,3,12
12,4,135
4,39,136
4,3,137
4,3,138
4,39,139
4,55,140
4,63,141
4,35,142
4,23,143
4,79,245
4,3,144
4,59,145
4,67,146
4,63,147
4,7,148
4,31,149
4,71,150
4,31,151
4,23,152
4,11,187
4,3,153
4,18,11
5308,4,153
16,11,101
40,22,12
4,4,154
4,79,155
4,11,156
4,11,157
4,22,13
4504,4,157
4,23,158
4,23,159
4,31,160
4,35,161
4,3,162
4,63,163
4,79,164
4,3,165
4,15,166
4,3,167
4,63,168
4,39,169
4,55,170
4,11,171
4,27,172
4,67,173
4,11,174
4,87,175
4,3,176
4,27,177
4,27,178
4,39,179
4,19,180
4,51,181
4,95,182
4,15,183
4,19,184
4,47,185
4,43,186
4,47,187
4,55,188
4,19,189
4,27,190
4,23,191
4,26,13
2096,4,191
4,23,192
4,35,193
4,67,194
4,79,195
4,63,196
4,91,197
4,11,198
4,3,199
4,39,200
4,91,201
4,3,202
4,3,203
4,3,204
4,19,205
4,55,206
4,42,13
9620,3,12
12,4,207
4,39,208
4,31,209
4,15,210
4,51,211
4,27,212
4,31,213
4,19,214
4,3,215
4,63,216
4,35,217
4,35,218
4,83,219
4,103,220
4,55,221
4,23,222
4,19,223
4,27,224
4,23,225
4,79,226
4,27,227
4,7,228
4,59,229
4,39,230
4,23,231
4,43,232
4,79,233
4,71,234
4,27,235
4,79,236
1256,3,233
8,6,12
4,60,237
4,3,238
4,38,13
2120,4,239
4,15,240
4,51,241
4,75,242
4,3,243
4,3,244
4,18,11
5300,4,244
4,15,245
4,39,144
24,22,13
2760,4,245
4,7,246
4,35,247
4,63,248
4,47,249
4,23,250
4,87,251
4,71,252
4,19,253
132427,3,19
8,6,12
4,64,254
4,31,255
4,34,13
132607,4,1
4,3,2
4,35,3
4,39,4
4,11,5
4,63,6
4,55,7
4,31,8
4,3,9
4,11,10
4,43,11
4,27,12
4,7,13
4,47,14
4,67,15
4,47,16
4,30,12
1996,3,13
20,12,17
4,59,18
4,62,12
4168,3,13
16,8,19
4,63,20
4,6,14
5020,3,13
12,7,13
4,84,21
4,7,22
4,19,23
4,3,24
4,23,25
4,3,26
4,3,27
4,75,28
4,43,29
4,27,30
4,99,31
4,11,32
4,19,33
4,3,34
4,123,35
4,11,36
4,3,37
3316,6,13
8,3,13
4,48,38
4,59,39
4,103,40
4,7,41
4,23,42
4,47,43
4,3,44
4,59,45
4,47,46
4,79,47
4,79,48
4,51,49
4,35,50
4,31,51
4,27,52
4,31,132
20,19,53
4,19,85
24,23,54
4,43,55
4,31,56
4,23,57
4,3,58
4,23,59
4,7,60
4,19,61
4,35,62
4,19,63
4,31,64
4,75,65
4,43,66
4,23,67
4,47,68
4,43,69
4,35,70
4,31,71
4,23,72
4,35,73
4,7,74
4,43,75
4,35,76
4,91,77
4,11,78
4,43,79
4,27,80
4,31,159
36,35,80
4,7,81
4,59,82
4,99,83
4,18,12
5208,3,13
8,4,163
28,19,29
52,22,13
4,8,84
4,19,85
4,43,86
4,3,87
4,27,88
4,3,89
4,87,90
4,71,91
4,39,92
4,35,93
4,59,94
4,3,95
4,39,96
4,91,97
4,99,98
4,63,99
4,11,100
4,67,101
4,35,102
4,39,103
4,47,104
4,79,105
4,3,106
4,42,12
2176,4,106
4,23,107
968,7,107
4,3,108
4,27,109
4,55,110
4,11,111
4,23,112
4,39,113
4,51,114
4,11,115
4,35,116
4,31,117
4,19,118
4,15,119
4,83,120
4,47,121
4,39,122
4,19,123
4,14,14
8820,3,13
20,15,13
4,12,124
4,3,125
4,31,126
4,71,127
4,51,128
4,15,129
4,18,12
1916,4,129
4,39,130
4,15,131
4,83,132
4,19,133
4,35,134
4,71,135
4,47,136
4,15,137
4,71,138
4,31,139
4,47,140
4,63,141
4,31,142
4,51,143
4,55,144
4,43,145
4,51,146
4,19,147
4,43,148
5964,7,148
4,51,149
4,3,150
4,11,151
4,55,152
4,54,12
6468,3,13
20,12,153
4,7,154
4,35,155
4,27,156
4,23,157
4,39,158
4,51,159
4,19,160
4,35,161
4,59,162
4,43,163
4,23,164
4,23,165
4,23,166
4,27,167
4,75,168
4,67,169
4,15,89
20,19,169
4,3,170
4,67,171
4,15,172
4,3,173
4,47,60
4,3,174
4,19,175
4,7,176
4,91,177
4,3,178
4,67,179
4,83,180
4,15,181
4,83,182
4,31,183
4,75,184
4,38,14
6656,4,184
4,26,12
5972,4,184
4,7,185
4,79,186
8436,6,13
4,92,188
4,11,189
4,7,53
12,11,189
4,11,190
4,51,191
4,51,192
4,35,193
4,3,194
4,59,195
4,3,196
4,119,197
4,63,198
4,31,199
4,23,200
4,3,201
4,51,202
4,18,14
6988,4,203
4,35,204
4,11,205
4,3,206
4,75,207
4,127,208
4,3,209
4,43,210
4,51,211
4,55,212
4,19,213
4,43,214
4,3,215
4,63,216
4,3,217
4,47,218
4,35,219
4,67,220
4,3,221
4,39,222
4,19,223
4,39,224
4,30,14
3252,4,224
4,42,12
2908,4,224
4,43,225
4,31,226
4,3,227
4,55,228
4,19,229
4,3,230
4,3,231
4,35,232
10308,6,13
4,68,234
4,3,235
4,3,236
4,59,237
4,67,238
4,15,239
4,23,240
4,63,241
4,19,242
4,47,243
4,75,244
4,79,245
4,3,246
4,50,12
3256,4,247
4,27,248
4,43,249
4,39,250
4,35,251
4,3,252
4,127,253
4,3,254
4,71,255
4,38,14
142991,4,1
4,11,2
4,75,3
4,15,4
4,31,5
4,91,6
4,58,13
1784,3,14
36,28,7
4,3,8
4,34,15
10480,3,14
12,4,9
4,39,10
4,43,11
4,15,12
4,7,13
4,15,14
4,55,15
4,47,16
4,18,13
2352,3,14
24,16,17
4,63,18
4,7,19
4,27,20
4,47,21
3672,6,14
4,64,23
4,83,24
4,27,25
4,43,26
4,3,27
4,39,28
4,35,29
4,71,30
4,27,31
4,67,32
4,27,33
4,31,34
4916,6,14
8,3,14
4,16,35
4,43,36
4,79,37
4,43,38
4,67,39
4,59,40
4,31,41
4,3,42
4,95,43
4,19,44
4,3,45
4,27,46
4,83,47
4,7,48
4,91,49
4,27,50
4,63,51
4,7,52
4,3,53
4,23,54
4,35,55
4,67,56
4,3,57
4,23,221
28,27,57
4,3,58
4,3,59
4,75,60
4,87,61
4,35,62
4,35,63
4,19,64
4,31,65
4,6,13
2504,4,65
4,3,66
4,63,67
4,19,68
4,111,69
4,23,70
4,39,71
4,47,72
4,75,73
4,27,74
4,43,75
4,19,76
4,59,77
4,51,78
4,3,79
4,50,15
5092,3,14
20,12,41
12,11,80
4,35,81
4,35,82
4,59,83
4,3,84
4,23,85
4,95,86
4,39,87
4,23,88
4,71,89
4,3,90
4,47,91
4,67,92
4,43,93
4,15,94
4,27,95
4,23,96
4,7,97
4,7,98
4,3,99
4,7,100
4,3,101
4,35,102
4,75,103
4,7,104
4,3,105
4,15,106
4,27,107
4,59,108
4,31,109
4,22,15
548,4,109
4,7,110
4,27,111
4,115,112
4,39,113
4,31,114
4,23,115
4,19,116
4,43,117
4,47,118
4,79,119
4,38,15
6168,3,14
16,8,120
4,35,121
9088,6,14
8,3,14
4,11,13
1636,4,121
4,59,122
4,47,123
4,63,124
4,7,125
4,47,126
4,27,127
4,87,128
4,31,129
4,14,12
5584,3,14
20,15,14
10376,3,14
4,32,131
4,43,132
4,51,133
4,31,134
4,43,135
4,27,136
4,19,137
4,3,138
4,62,15
9908,3,14
20,12,139
4,42,15
3664,4,139
4,3,140
4,111,141
4,7,142
4,19,143
6984,6,14
4,36,145
4,131,146
4,11,147
4,95,187
12,11,148
4,26,16
3380,4,148
4,11,149
4,47,150
4,51,151
4,27,152
4,10,15
8264,3,14
16,11,14
4,68,153
4,3,154
4,27,155
4,35,156
4,15,157
4,7,158
4,39,159
4,3,160
4,27,161
4,107,162
4,18,16
1804,4,162
4,27,163
4,7,139
12,11,163
4,87,164
4,23,165
4,39,166
4,3,167
4,39,168
4,6,15
7888,3,14
12,7,14
4,16,169
4,7,170
4,23,171
4,3,172
4,43,173
4,3,174
4,7,175
4,3,176
4,3,177
4,59,178
4,35,179
4,55,180
4,7,181
4,27,182
4,39,183
4,3,184
4,23,185
4,3,186
4,35,187
4,47,188
4,95,189
4,7,190
4,3,191
4,31,192
4,71,193
4,7,194
4,11,195
4,59,196
4,31,197
4,31,198
4,19,199
852,3,46
8,3,200
4,3,201
4,3,202
4,63,203
4,79,204
4,31,205
4,23,206
4,43,207
4,23,208
4,3,209
4,39,210
4,35,211
4,11,212
4,51,213
4,27,214
4,11,215
4,55,216
4,27,217
4,31,218
4,35,219
4,39,220
4,7,221
4,63,222
4,51,223
4,31,224
4,51,225
4,31,226
4,67,227
4,3,228
4,7,229
4,35,230
4,19,231
4,55,232
4,31,233
4,3,234
4,75,235
4,19,236
4,39,237
4,3,238
4,59,239
4,35,240
4,71,241
4,103,242
4,11,243
4,51,244
4,30,13
4608,4,244
4,3,245
4,67,246
4,39,247
4,51,248
4,23,249
4,43,250
4,15,251
4,51,252
4,35,253
4,19,254
4,27,255
4,18,15
152723,7,15
4,88,1
4,3,2
4,35,3
4,11,4
4,51,5
4,47,6
4,31,7
4,27,8
4,11,9
4,54,14
8008,3,15
20,12,10
4,35,11
4,3,12
4,27,13
4,7,14
4,7,149
12,11,14
4,19,15
4,15,16
4,11,17
4,19,18
4,47,19
4,107,20
4,19,21
4,51,22
4,71,23
4,31,24
4,63,25
4,3,26
4,31,27
4,59,28
4,43,29
4,47,30
4,31,31
4,27,32
4,35,33
4,47,34
4,83,35
4,10,13
4920,3,15
16,11,15
4,15,14
2196,3,15
20,12,36
4,7,37
4,19,38
4,71,39
4,27,40
4,31,41
4,3,42
4,91,43
4,3,44
4,83,45
4,43,46
4,15,47
4,35,48
4,3,49
4,31,50
4,71,51
4,59,52
4,83,53
4,35,54
4,23,55
4,59,56
4,55,57
4,6,16
8244,3,15
12,7,15
4,4,58
4,35,59
4,23,60
4,27,61
4,55,62
4,39,63
4,83,64
4,51,65
4,51,66
4,31,67
4,59,68
4,3,69
4,19,70
4,67,71
4,19,72
4,35,73
4,43,226
4,3,74
4,35,75
4,11,76
4,31,77
4,35,78
4,86,14
9504,3,15
12,4,79
4,3,80
4,15,81
4,51,82
2224,7,82
4,59,83
4,3,84
4,19,85
4,3,86
4,3,87
4,39,88
8916,6,15
4,80,90
4,51,91
4,3,92
4,6,16
1692,4,92
4,23,93
4,51,94
4,7,95
4,19,96
4,63,97
4,3,98
4,39,99
4,3,100
4,31,101
4,39,102
4,23,103
4,3,104
4,3,105
4,35,106
4,15,107
4,19,108
4,39,109
4,79,110
4,11,111
4,35,112
4,43,113
4,47,114
4,27,115
4,43,116
4,47,117
4,3,118
4,23,119
4,35,120
4,95,121
4,35,122
4,3,123
4,22,16
2584,4,123
4,47,124
56,3,18
8,6,15
4,16,125
4,51,126
4,59,127
4,51,128
4,3,129
157451,3,18
8,6,15
4,16,130
4,107,131
4,47,132
4,3,133
4,27,134
4,3,135
4,47,136
4,3,137
4,35,138
4,19,139
4,3,140
4,3,141
4,19,142
4,15,143
4,3,144
4,26,17
4744,4,145
4,31,146
4,63,147
4,10,16
1252,4,147
4,47,148
4,39,149
4,79,150
4,3,151
4,35,152
4,35,153
4,15,154
4,43,155
4,59,156
4,15,157
4,35,158
4,38,16
7568,3,15
28,20,159
4,15,160
4,43,161
4,3,162
4,74,16
1456,4,162
4,19,163
4,31,164
4,83,165
4,3,166
4,3,167
4,23,168
4,47,169
4,35,170
4,71,171
4,95,172
4,34,16
720,4,172
4,3,173
4,159,174
4,55,175
4,35,176
4,39,177
4,3,178
4,31,179
4,31,180
4,3,181
4,15,195
20,19,181
4,35,182
4,27,183
4,31,184
4,51,185
4,15,186
4,39,187
4,3,188
4,19,189
4,47,190
4,15,191
4,155,192
4,43,193
4,35,194
4,14,16
100,4,194
4,15,195
4,47,196
4,19,197
4,31,198
4,23,199
4,59,200
4,19,201
4,54,16
6500,4,201
4,23,202
4,71,203
4,47,204
4,3,205
4,58,14
7956,3,15
24,16,206
4,23,36
24,23,207
4,7,208
4,43,209
4,3,210
4,3,211
4,59,212
4,6,16
688,4,212
4,23,213
4,19,214
4,23,215
4,15,216
4,3,217
4,47,218
4,27,219
4,75,220
4,31,221
4,59,222
4,47,223
4,35,224
4,91,225
5584,7,226
4,47,227
4,55,228
4,55,229
4,95,230
4,47,231
4,71,232
4,19,52
20,19,233
4,11,234
4,51,235
3840,3,60
8,6,15
4,16,236
4,15,237
4,15,238
4,27,239
4,7,240
4,31,241
4,43,242
4,51,243
4,11,244
4,15,245
4,75,246
4,27,247
4,6,14
324,4,247
4,27,248
4,3,249
4,43,250
4,99,251
4,99,252
4,3,253
4,19,254
4,3,255
4,34,16
162471,47,16
4,32,1
4,3,2
4,23,3
4,59,4
4,27,5
4,27,6
4,26,15
9296,3,16
32,27,16
4,24,7
4,3,8
4,35,9
4,63,10
4,71,11
4,31,12
4,107,250
20,19,13
4,3,14
4,35,15
4,3,16
4,11,17
4,27,18
4,31,19
4,35,20
4,99,21
4,27,22
4,3,23
4,23,24
4,27,25
4,67,26
4,11,27
4,38,17
8048,3,16
44,39,16
4,80,28
4,31,29
4,79,30
4,31,31
4,3,32
4,3,33
4,35,34
4,7,35
4,87,36
4,39,37
4,3,38
4,27,39
4,59,40
4,3,41
4,19,42
4,35,43
4,31,44
4,71,45
4,71,46
4,23,47
4,7,48
4,15,49
4,23,50
4,103,51
4,3,52
4,3,53
4,98,15
8108,3,16
9740,3,16
4,44,55
4,31,56
4,67,57
4,31,58
4,59,59
4,55,60
4,3,61
4,3,62
4,11,63
4,67,64
4,23,65
4,31,66
4,63,134
32,31,67
4,7,68
4,15,69
4,79,70
4,23,71
4,31,72
4,27,73
4,43,74
4,3,75
4,43,76
4,31,77
4,59,78
4,31,79
4,75,80
4,63,81
4,3,82
4,63,83
4,39,84
4,3,85
4,19,86
4,31,87
4,11,88
4,55,89
4,35,90
4,23,91
4,47,92
4,3,93
4,43,94
4,31,95
4,51,96
4,83,97
4,59,98
4,67,99
4,23,100
4,31,101
4,35,102
4,27,103
4,19,104
4,15,105
4,35,106
4,39,107
4,11,108
4,50,15
3920,4,108
4,7,109
4,15,110
4,87,111
4,63,112
4,15,113
4,3,114
4,67,115
4,3,116
4,3,117
4,83,118
4,123,119
4,35,120
4,35,121
4,23,122
4,39,123
4,19,124
4,35,125
4,27,126
4,7,127
4,67,128
4,87,129
4,95,130
4,51,131
4,3,132
4,47,133
4,31,134
4,14,15
7360,3,16
20,15,16
4,20,135
4,23,136
4,15,137
4,39,138
4,3,139
4,15,140
4,27,141
4,79,142
4,31,143
4,55,144
4,39,145
4,43,146
4,31,147
4,67,148
4,19,149
4,35,150
4,59,151
4,3,152
4,71,153
4,11,154
4,51,155
4,71,156
4,11,157
4,3,158
4,19,159
4,51,160
4,83,161
4,10,15
10184,4,161
4,15,162
4,11,163
4,79,164
4,43,165
4,35,166
4,19,167
4,3,168
4,47,169
4,11,170
4,75,171
4,31,172
4,83,173
4,71,174
4,23,175
4,19,176
4,75,177
4,11,178
4,27,179
4,11,180
4,11,181
4,51,182
4,71,183
4,15,184
4,95,185
4328,7,185
4,67,186
4,27,187
4,63,188
4,75,189
4,11,190
4,35,191
4,111,173
16,15,192
4,55,193
4,39,194
4,59,195
4,43,196
4,27,197
4,47,198
4,3,199
4,11,200
4,15,201
4,103,202
4,103,203
4,47,204
4,51,205
4,15,206
4,51,207
4,39,208
4,79,209
4,35,210
4,27,211
4,47,212
4,67,213
4,15,214
4,11,215
4,39,216
4,3,217
4,19,218
4,35,219
4,3,220
4,55,221
4,14,15
4520,4,221
4,15,222
4,3,223
4,35,224
4,43,225
4,75,226
4,95,227
4,27,228
4,3,229
4,63,230
4,79,231
4,3,232
4,27,233
4,11,234
4,14,17
1880,4,234
4,79,235
4,3,236
4,55,237
4,47,238
4,47,170
172059,3,100
12,7,239
4,3,240
4,19,241
4,71,242
4,91,243
4,55,244
4,7,245
4,35,246
4,63,247
4,11,248
4,67,249
4,55,250
4,31,251
4,22,17
856,4,251
4,15,252
4,27,253
4,75,254
4,75,255
4,42,17
172919,35,17
4,12,1
4,7,2
4,87,3
4,39,4
4,51,5
4,11,6
4,3,7
4,95,8
4,6,16
5448,3,17
12,7,17
4,16,9
4,18,18
360,4,9
4,15,10
4,63,11
4,83,12
4,27,13
4,59,14
4,35,15
4,35,16
4,75,17
4,19,18
4,67,19
4,67,20
4,51,21
4,99,22
4,7,23
4,19,24
4,79,25
4,18,16
7504,3,17
12,4,26
4,35,27
4,27,28
4,19,29
4,35,30
4,47,31
4,39,32
4,27,33
4,14,15
2200,3,17
20,15,17
4,32,34
4,75,35
4,59,36
4,39,37
4,7,38
4,79,39
4,83,40
4,3,41
4,15,42
4,3,43
4,43,44
4,75,45
4,83,46
4,47,47
4,23,48
4,27,49
4,31,50
4,3,51
4,11,52
4,35,53
4,11,54
4,23,55
4,23,56
4,63,57
4,55,58
4,23,59
4,23,60
4,71,61
4,6,15
5972,3,17
12,7,17
4,16,62
4,51,63
4,3,64
4,3,65
4,58,16
6784,3,17
10572,3,17
4,32,67
4,11,68
4,6,15
4080,3,17
12,7,17
4,63,18
2216,4,68
4,19,69
4,47,70
4,3,71
4,51,72
4,23,11
4,3,73
4,47,74
4,67,75
4,51,76
4,11,77
4,47,78
4,35,79
4,15,80
4,79,81
4,15,82
4,51,83
4,23,84
4,35,85
4,55,86
4,19,87
4,15,88
4,39,89
4,35,90
4,19,91
4,87,92
4,51,93
4,31,94
4,35,95
4,31,96
4,3,97
4,91,98
4,83,99
4,3,100
4,19,101
4,19,102
4,63,103
4,47,104
4,43,105
4,27,106
4,19,107
4,19,108
4,27,109
4,75,110
4,15,111
4,46,18
2676,4,111
4,35,112
4,79,113
4,7,112
12,11,113
4,51,114
4,27,115
4,31,116
4,3,117
4,19,118
4,11,119
4,42,18
4332,4,119
4,3,120
4,39,121
4,3,122
4,11,123
4,35,124
4,3,137
8,7,124
4,71,125
4,31,126
4,7,34
12,11,126
4,3,127
4,35,128
4,7,129
4,75,130
4,3,131
4,51,132
4,27,133
4,71,134
4,31,135
4,15,136
4,91,137
4,19,138
4,23,139
4,3,140
4,19,141
4,35,142
4,23,143
4,83,144
4,3,145
4,3,146
4,15,147
4,103,148
4,43,149
4,51,150
4,83,151
4,47,152
4,27,153
4,19,154
4,11,155
4,43,156
4,3,157
4,3,158
4,31,159
4,31,160
4,31,161
4,47,162
4,43,163
4,95,164
4,43,165
4,31,166
4,47,167
4,3,168
4,23,169
4,51,170
4,23,171
14172,6,17
8,3,17
4,36,172
4,63,173
4,31,174
4,35,175
4,15,176
4,75,177
4,30,16
4376,4,177
4,43,178
4,27,179
2232,3,180
8,6,17
4,27,18
2088,4,179
4,34,16
9464,3,17
80,4,181
4,19,182
4,31,183
4,23,184
4,35,185
4,51,186
4,51,187
4,19,188
4,31,115
36,35,188
4,3,189
4,3,190
4,3,191
4,63,192
4,43,193
4,95,194
4,3,195
4,3,196
4,59,197
4,11,198
4,51,199
4,15,200
4,11,201
4,43,202
4,31,203
4,11,204
4,55,205
4,47,206
4,35,207
4,3,208
4,43,209
4,3,210
4,55,211
4,63,212
4,79,213
4,19,106
24,23,213
4,3,214
4,31,215
4,51,216
4,15,217
4,3,218
4,3,219
4,31,220
4,43,221
4,35,222
4,7,80
12,11,222
4,10,16
4524,3,18
1356,4,222
4,11,223
4,3,224
4,35,225
4,59,226
4,71,227
4,31,125
36,35,227
4,7,228
4,99,229
4,11,230
9332,6,17
4,84,232
4,123,233
4,19,234
4,31,235
4,3,236
4,23,237
4,75,238
4,3,239
4,67,240
4,27,241
4,23,242
4,39,243
4,31,244
4,83,245
4,67,246
4,3,247
4,15,155
20,19,247
4,7,248
4,3,249
4,15,250
4,83,251
4,3,252
4,79,253
4,27,254
4,39,255
4,66,16
4976,4,255
4,18,18
183087,35,18
4,48,1
4,3,2
3544,6,18
6352,3,18
12,3,18
4,12,3
4,3,4
4,19,5
4,35,6
4,11,7
4,7,8
4,19,9
13008,6,18
10024,4,9
4,15,10
4,15,11
4,23,12
4,35,13
4,23,14
4,35,15
4,3,16
4,19,17
4,35,18
4,27,19
4,79,20
4,19,21
4,11,22
4,27,23
4,3,24
4,11,180
16,15,24
4,27,25
4,19,26
4,3,27
4,103,28
4,95,29
4,47,30
4,79,31
4,35,32
4,39,33
4,35,34
4,51,35
4,39,36
4,7,37
4,39,38
4,39,39
4,31,40
4,83,41
4,71,42
4,3,43
4,71,44
4,83,45
4,35,46
4,119,47
4,47,27
44,43,48
4,30,17
6348,3,18
24,16,49
4,35,50
4,47,51
4,27,52
4,14,16
5404,3,18
20,15,18
4,7,19
5124,4,52
4,15,53
4,3,54
4,31,55
4,15,56
4,27,57
4,7,58
4,3,59
4,47,60
4,23,61
4,95,62
4,75,63
4,22,17
2964,3,18
28,23,18
10016,3,18
9960,3,18
4,111,16
5552,3,18
12,4,66
4,3,67
4,19,180
564,3,188
28,23,67
4,27,68
4,47,69
4,39,70
4,19,71
4,31,72
4,47,73
4,19,74
4,39,75
4,3,76
4,23,57
28,27,76
4,15,77
4,63,78
4,19,79
4,19,80
4,3,81
4,59,82
4,3,83
4,35,84
4,3,85
4,23,86
4,87,87
4,79,88
4,23,89
4,26,19
4816,3,18
32,27,18
10004,3,18
4,64,91
4,23,216
4,3,92
4,31,93
4,15,94
4,75,95
4,59,96
4,19,97
4,51,98
4,35,99
4,55,100
4,79,101
4,11,102
4,23,103
4,23,104
4,87,105
4,19,106
4,31,107
4,42,17
3744,4,107
4,43,108
4,59,109
4,51,110
4,55,111
4,67,112
4,55,113
4,31,114
4,35,115
4,31,116
4,15,117
4,10,19
4684,4,117
4,31,118
4,51,119
4,59,120
4,51,121
4,3,122
4,27,123
4,79,124
4,26,19
9948,3,18
24,19,17
832,4,124
4,23,125
4,23,126
80,3,1
8,6,18
4,84,127
4,3,128
4,55,129
4,47,130
4,3,131
4,55,132
4,23,133
4,55,134
4,3,135
4,87,136
4,19,137
4,91,138
4,99,139
4,43,140
4,23,141
4,35,142
4932,7,143
4,63,144
4,23,180
28,27,144
4,11,145
4,54,17
996,4,145
4,7,146
4,51,147
4,91,148
4,31,149
4,3,150
4,71,151
4,39,152
4,39,153
4,47,154
4,3,155
4,43,156
4,7,157
4,23,88
28,27,157
4,15,158
4,7,159
4,55,160
4,31,161
4,3,162
4,7,163
4,59,164
4,95,165
4,35,166
4,3,167
189923,3,53
8,6,18
4,72,168
4,99,169
4,19,170
4,27,171
4,35,172
4,99,173
4,15,174
4,71,175
4,3,176
4,43,177
4,3,178
4,47,179
4,23,180
4,27,181
4,15,182
4,15,183
4,47,184
4,26,17
8420,3,18
32,27,18
10500,3,18
4,8,186
4,27,187
4,19,188
4,31,189
4,18,17
9696,3,18
24,19,18
4,24,190
4,39,191
4,19,192
4,51,193
4,11,194
4,75,195
4,3,196
4,7,197
4,47,198
4,3,199
4,123,200
4,31,201
4,3,202
4,7,203
4,19,204
4,27,205
4,35,206
4,107,207
4,19,208
4,31,209
4,3,210
4,63,211
4,35,212
4,103,213
4,35,214
4,23,215
4,47,216
4,79,217
4,23,218
4,26,19
5360,4,218
4,23,219
4,3,220
4,39,221
4,63,222
4,31,223
4,43,224
4,39,225
4,79,226
4,47,227
4,35,228
4,15,229
4,39,230
4,10,20
9260,4,230
4,35,231
4,83,232
4,91,233
4,35,234
4,51,235
4,31,236
4,31,237
4,31,238
4,47,239
4,31,240
4,15,241
4,15,242
4,47,243
4,47,244
4,23,245
4,47,133
36,35,246
4,15,11
20,19,246
4,51,247
4,27,248
4,3,249
4,3,250
4,43,251
888,3,82
8,6,18
4,12,252
4,23,253
4,15,254
4,55,255
4,14,19
193507,16,1
4,59,2
4,3,3
4,7,4
4,27,5
4,3,6
4,35,7
4,23,8
4,35,9
4,55,10
4,19,11
4,15,12
4,19,13
4,27,14
4,51,15
4,27,16
4,3,17
4,23,18
4,47,19
4,11,20
4,75,21
4,15,22
4,47,23
4,39,24
4,91,25
4,7,26
4,59,27
4,19,28
4,39,29
4,31,30
4,127,31
4,27,32
4,83,33
4,27,34
4,75,35
4,3,36
4,43,37
4,34,20
876,4,37
4,47,38
4,23,39
4,15,40
4,27,41
4,59,42
4,3,43
4,55,44
4,27,45
4,15,46
4,15,47
4,75,48
4,63,49
4,43,50
4,54,18
8528,3,19
32,24,51
4,31,52
4,31,53
4,31,54
4,3,55
4,3,56
4,79,57
4,99,58
4,63,59
4,63,60
4,3,61
4,43,62
4,67,63
4,31,64
4,3,65
4,71,66
4,43,67
4,14,18
5080,3,19
16,8,68
4,39,69
4,59,70
4,3,71
4,3,72
4,39,73
4,43,74
4,11,67
16,15,74
4,19,75
4,3,76
4,31,77
4,47,78
4,55,79
4,11,80
4,99,81
4,19,82
4,31,83
4,59,84
4,27,85
4,51,86
4,11,87
4,51,88
4,22,20
2772,4,88
4,59,89
4,151,90
4,35,91
4,111,92
4,47,93
4,3,94
4,38,20
7196,3,19
20,12,95
4,70,17
4748,3,19
10636,3,19
4,20,97
4,3,98
4,27,99
4,19,100
4,11,101
4,31,102
4,15,103
4,19,148
4,3,104
4,23,105
4,35,106
4,27,107
4,3,108
4,7,109
4,123,110
4,19,111
4,10,18
5692,3,19
16,11,19
4,32,112
4,43,113
4,15,114
4,47,115
4,23,116
4,3,117
4,18,20
1836,4,117
4,39,118
4,67,119
4,23,120
4,38,18
888,4,120
4,15,121
4,35,122
4,3,123
4,19,124
4,3,125
4,119,126
4,39,127
4,63,128
4,67,129
4,31,130
4,7,131
4,19,132
4,55,133
4,67,134
4,15,135
4,91,136
4,67,137
4,75,138
4,27,139
4,51,140
4,3,141
4,23,142
4,63,143
4,35,144
4,23,145
4,55,8
28,27,146
4,7,147
4,51,148
4,14,20
5828,4,148
4,7,149
4,47,150
4,47,151
4,75,152
4,27,153
4,22,18
2376,4,153
4,27,154
4,27,155
4,62,18
7148,3,19
16,8,156
4,19,157
4,11,158
4,47,159
4,27,160
4,67,161
4,95,162
4,3,163
4,46,20
336,4,163
4,3,164
4,19,165
4,27,166
4,7,167
4,55,168
4,55,169
4,71,170
4,3,171
4,35,172
4,3,173
4,27,174
4,15,175
4,59,176
4,31,135
36,35,176
4,31,177
4,3,178
4,27,179
4,35,180
4,43,181
4,27,182
4,7,183
4,15,184
4,91,185
4,35,186
4,7,125
12,11,186
4,23,187
4,6,18
9696,3,19
12,7,19
4,48,188
4,58,20
8100,3,19
48,40,189
4,23,190
4,3,191
4,15,59
20,19,191
4,47,192
4,31,193
4,51,194
4,59,195
4,19,196
4,39,197
4,15,198
4,23,199
4,30,21
7116,4,199
4,11,200
4,31,201
4,51,202
4,19,203
4,119,204
4,31,205
4,23,206
4,27,207
4,47,208
4,55,209
4,43,210
4,23,211
4,6,21
7352,4,211
4,59,212
4,11,213
4,71,214
4,43,215
4,27,216
4,39,217
4,59,218
4,23,219
4,87,220
4,31,221
4,71,222
4,27,223
4,14,18
392,4,223
4,3,224
4,23,225
4,115,226
4,43,227
4,111,228
4,7,229
4,27,230
4,75,231
4,99,232
4,15,233
4,19,234
4,95,235
4,23,236
4,11,237
4,31,238
4,75,239
4,39,240
4,35,241
4,75,242
4,35,243
4,51,244
4,63,245
4,31,246
4,10,20
2360,4,246
4,15,247
24,3,126
8,6,19
4,24,248
4,3,249
4,3,250
4,11,251
4,27,252
4,79,253
4,83,254
4,58,20
9820,4,254
4,15,255
4,22,20
204155,39,20
4,12,1
4,3,2
4,55,3
4,87,4
4,111,5
4,31,6
4,27,7
4,23,8
4,22,18
2256,3,20
28,23,20
3240,3,20
28,24,8
4,3,9
4,67,10
4,3,11
4,3,12
4,31,13
4,23,14
4,3,15
4,7,16
4,35,17
4,39,18
4,35,19
4,59,20
4,23,21
4,51,22
4,23,23
4,39,24
4,55,25
4,31,26
4,75,27
4,23,28
4,39,29
4,11,30
4,111,31
4,15,56
20,19,31
4,19,32
4,7,33
4,19,34
4,11,35
4,11,36
4,3,37
4,23,177
12,11,38
4,15,39
4,67,40
4,11,41
4,19,42
4,3,43
4,67,44
4,14,19
824,4,44
4,19,45
4,11,46
4,15,47
4,27,48
4,7,49
4,18,21
7928,3,20
24,19,20
10488,3,20
10460,3,20
4,19,19
9660,3,20
28,23,20
4,32,52
4,11,53
4,43,54
4,35,55
4,43,56
4,67,57
4,59,58
4,79,59
4,27,60
4,19,61
4,35,62
4,43,63
4,3,64
4,123,65
4,35,66
4,35,67
4,15,68
4,6,21
1536,4,68
4,3,69
4,67,70
4,99,71
4,47,72
4,67,73
4,31,74
4,55,75
4,19,76
4,31,77
4,11,78
4,63,79
4,11,80
4,3,81
4,39,82
4,43,83
4,3,84
4,7,85
4,35,86
4,3,87
4,51,88
4,35,89
4,63,90
4,59,91
4,3,92
4,39,93
4,35,94
4,51,95
4,3,96
4,79,97
4,15,98
4,3,99
4,67,100
4,39,101
4,63,102
4,27,103
4,43,104
4,55,105
4,11,106
4,55,107
4,27,108
4,55,109
4,23,110
4,14,21
6284,3,20
20,15,20
4,12,111
4,55,112
4,63,113
4,43,114
4,83,115
4,115,116
4,15,117
4,23,118
4,43,119
4,51,120
4,43,110
20,19,121
4,75,122
4,35,123
4,55,124
4,67,125
4,59,126
4,63,127
4,23,128
4,3,129
4,11,130
4,51,131
4,38,18
5620,4,131
4,23,132
4,91,133
4,19,134
4,55,135
4,15,136
4,27,137
4,55,138
4,7,139
4,59,140
4,75,141
4,3,142
4,3,143
4,47,4
4,3,144
4,39,145
4,3,146
4,11,207
16,15,146
4,11,147
4,3,148
4,31,203
36,35,148
4,11,149
4,67,222
56,55,150
4,27,151
4,27,152
4,55,153
4,67,154
4,79,155
4,63,156
4,11,157
4,35,158
4,31,159
4,91,160
4,23,161
4,23,162
4,47,163
4,31,164
4,27,165
4,3,166
4,67,167
4,35,168
4,15,169
4,19,170
4,19,171
4,55,172
4,27,173
4,43,174
4,26,21
7876,3,20
10608,3,20
4,60,176
4,19,177
4,35,178
4,3,179
4,35,180
4,59,181
4,55,182
4,55,183
4,51,184
4,115,185
4,7,186
4,55,187
4,35,188
4,83,189
4,31,190
4,35,191
4,19,192
4,15,30
20,19,192
7376,7,193
4,39,194
4,27,195
4,23,196
4,51,197
4,39,198
4,11,154
16,15,199
4,15,200
4,131,201
4,14,19
4776,4,201
4,43,202
4,15,203
4,67,204
4,35,205
4,18,21
2412,4,205
4,23,206
4,71,207
4,55,208
4,15,209
4,11,210
4,43,211
4,51,212
4,63,213
4,71,214
4,43,215
4,23,216
4,27,217
4,3,218
4,43,219
4,35,220
4,15,221
4,31,222
4,63,223
4,51,224
4,11,225
4,23,226
4,6,21
9200,4,226
4,11,227
4,27,228
4,46,19
80,4,229
4,3,230
4,7,231
13296,6,20
4,40,233
4,11,234
4,11,82
16,15,235
4,35,236
4,31,237
14436,6,20
8,3,20
4,24,238
4,39,239
4,47,240
4,31,241
12648,6,20
4,88,243
4,3,244
4,27,245
4,34,22
7496,4,245
4,11,246
4,35,247
4,83,248
4,15,249
4,31,250
4,11,251
4,7,148
12,11,251
4,35,252
4,3,253
4,55,254
4,39,255
4,66,21
214319,39,21
4,28,1
4,15,2
4,3,3
4,3,4
4,27,5
4,35,6
4,35,7
4,51,8
4,91,9
4,3,10
4,19,11
4,87,12
4,23,13
4,59,14
4,23,41
8,7,15
4,59,146
24,23,16
4,3,17
4,7,18
4,19,19
4,87,20
4,67,21
4,3,22
4,55,23
4,11,24
4,35,25
4,7,26
4,27,27
4,119,28
4,35,29
4,39,30
4,71,31
4,15,32
4,39,15
8,7,33
4,55,34
4,55,35
4,19,36
4,99,37
4,3,38
4,51,39
4,83,40
4,99,41
4,19,42
4,39,43
4,55,186
52,51,44
4,3,45
4,31,46
4,3,47
4,35,48
4,19,49
4,43,50
4,22,22
5628,3,21
12,4,51
4,35,52
4,67,53
4,91,54
4,43,55
4,19,146
24,23,56
4,11,57
4,79,58
4,91,59
4,3,60
4,43,61
4,55,62
4,55,63
4,39,64
4,23,65
4,10,22
2764,4,65
4,7,66
4,103,67
4,23,68
4,51,69
4,35,70
4,71,71
4,39,72
4,95,73
4,55,74
4,19,75
4,55,76
4,23,77
4,11,78
4,27,79
4,59,80
4,43,81
4,35,82
4,59,83
4,3,84
4,95,85
4,11,86
4,31,87
4,10,19
3984,3,21
16,11,21
10732,3,21
4,76,89
4,43,90
4,58,22
1052,4,90
4,55,91
4,35,92
4,7,93
4,11,94
4,47,95
9796,6,21
8,3,21
4,16,96
4,35,97
4,35,98
4,55,99
4,39,100
4,14,20
8016,3,21
20,12,101
4,39,102
4,27,103
4,47,104
4,10,19
4996,3,21
16,11,21
4,4,105
4,31,106
4,31,107
4,3,108
4,47,154
4,3,109
4,3,110
4,31,111
4,31,112
4,83,113
4,35,114
4,43,115
4,39,238
4,3,116
4,47,89
16,15,117
4,55,118
4,19,119
4,3,120
4,39,121
4,15,122
4,3,123
4,27,124
4,31,125
4,46,22
2004,4,125
4,3,126
7560,6,21
8,3,21
4,12,127
4,7,128
4,31,129
4,15,130
4,47,131
4,39,132
4,31,133
4,31,134
4,31,135
4,15,136
4,3,137
4,3,138
4,51,139
4,43,140
4,19,141
4,27,142
4,47,143
4,18,20
6516,3,21
16,8,144
4,87,145
4,23,146
4,51,147
4,43,148
4,10,22
304,4,148
4,39,149
4,30,20
6308,3,21
36,31,21
10256,3,21
4,8,151
4,59,152
4,3,153
4,34,20
4864,4,153
4,19,154
4,107,155
4,3,156
4,7,157
4,58,20
4484,4,157
4,27,158
4,23,159
4,35,160
4,10,22
7832,3,21
16,11,21
4,64,161
4,15,162
4,3,163
4,55,164
4,7,27
12,11,164
4,51,165
4,87,166
4,3,167
4,74,20
5984,4,167
4,7,168
4,55,169
4,15,170
4,95,171
4,7,172
4,51,173
4,35,174
4,39,175
4,43,176
4,3,177
4,51,178
4,63,179
4,15,180
4,3,181
4,19,182
4,15,183
4,15,184
4,15,185
4,54,22
7224,4,185
4,7,186
4,71,187
4,3,188
4,47,189
4,63,190
4,23,191
4,63,192
4,7,141
12,11,192
4,7,126
20,19,193
4,99,194
4,47,195
4,19,196
4,51,197
4,6,23
5532,4,197
4,55,198
4,3,199
4,47,200
4,55,201
4,3,202
4,87,203
4,35,204
4,63,205
4,38,20
4000,4,205
4,43,206
4,67,207
4,43,208
14728,6,21
4,16,210
4,3,211
4,39,212
4,3,213
4,31,214
4,79,215
4,3,216
4,43,217
4,3,218
4,39,219
4,35,220
4,23,221
4,39,222
4,14,22
1728,4,222
4,51,223
4,19,224
4,23,225
4,14,22
8628,4,225
4,15,226
4,3,227
4,43,228
4,11,229
4,63,230
4,7,231
4,3,232
4,35,233
4,39,234
4,39,235
4,71,236
4,79,237
4,31,238
4,19,239
4,35,240
4,3,241
4,7,242
4,31,243
4,3,244
4,11,245
4,27,246
4,91,239
8,7,247
4,51,248
4,47,249
4,19,250
4,14,20
1460,4,250
4,3,251
4,51,252
4,43,253
4,19,254
4,6,23
4624,4,254
4,10,22
8128,4,254
4,35,255
4,14,22
224511,19,22
4,8,1
4,15,2
4,67,3
4,27,4
4,27,5
4,31,6
4,3,7
4,31,8
4,71,9
4,23,69
12,11,10
4,35,11
4,63,12
4,47,13
4,79,14
4,31,15
4,107,8
12,11,16
4,19,17
4,23,18
4,3,19
4,43,20
4,51,21
4,19,20
24,23,22
4,11,23
4,3,24
4,67,25
4,15,26
4,51,27
4,115,28
4,15,29
4,27,30
4,3,31
4,3,32
4,7,33
4,27,34
4,51,35
4,3,36
4,39,37
4,51,38
4,39,39
4,7,40
4,47,41
4,43,42
4,59,43
4,3,44
4,3,45
4,31,46
4,11,47
4,67,48
4,91,49
4,23,50
4,3,51
4,3,52
4,67,53
4,47,54
4,67,55
4,67,56
4,51,57
4,55,58
4,63,59
4,39,60
4,51,61
4,27,62
4,34,23
6300,3,22
24,16,63
4,63,64
4,123,158
12,11,65
4,11,66
8888,6,22
4,12,68
4,27,69
4,39,99
44,43,69
4,55,70
4,39,71
4,79,72
4,39,34
28,27,73
4,3,74
4,50,20
5296,3,22
9944,3,22
4,40,76
4,27,77
4,3,78
4,35,79
4,87,80
4,71,81
4,3,82
4,23,83
4,38,20
4812,3,22
24,16,84
4,91,85
4,47,86
4,63,87
4,31,88
4,3,89
4,19,90
4,6,23
8704,4,90
4,59,91
4,43,92
4,19,93
4,47,94
4,71,95
4,47,96
4,35,97
4,43,98
4,35,99
4,103,100
4,15,101
4,19,102
4,43,103
4,3,104
4,43,84
36,35,105
4,15,106
4,55,107
4,11,108
4,27,109
4,27,110
4,63,111
4,27,112
4,39,113
4,43,114
4,31,115
4,71,116
4,131,117
4,39,118
4,51,119
4,3,120
4,19,121
4,91,122
4,51,123
4,3,124
4,7,125
4,3,126
4,127,127
4,47,128
4,75,129
4,31,130
4,59,131
4,11,132
4,75,133
4,47,134
4,15,135
4,67,136
4,39,137
4,43,138
4,11,139
4,3,140
4,11,141
4,75,164
4,3,142
4,15,143
4,7,144
4,19,145
4,55,146
4,107,147
4,67,148
4,3,149
4,23,150
4,43,151
4,7,152
4,3,153
4,63,2
36,35,154
4,43,155
4,51,156
4,75,157
4,23,158
4,83,159
4,55,160
4,3,161
4,35,162
4,35,163
4,63,164
4,51,165
4,47,166
4,23,167
4,63,168
4,15,169
4,10,23
5700,4,170
4,55,171
4,71,172
4,43,173
4,51,174
4,31,175
4,19,176
4,35,177
4,67,178
4,75,179
4,23,180
4,6,24
5364,4,180
4,11,147
12,11,181
4,34,21
4812,4,181
4,15,182
4,31,183
4,58,23
10296,3,22
44,36,184
4,19,185
4,3,186
4,43,196
36,34,23
10012,3,22
16,8,187
4,18,21
8616,3,22
24,19,22
4,16,188
4,83,189
4,3,190
4,31,191
4,27,192
4,31,193
4,10,23
1928,4,193
4,7,194
4,55,195
372,7,196
4,47,197
4,99,198
4,23,199
4,15,200
4,79,201
4,43,202
4,30,23
8872,3,22
36,31,22
4,28,203
4,3,204
4,19,205
4,26,24
4280,4,205
4,35,206
4,43,207
4,18,23
24,23,22
4,44,208
4,43,209
4,15,210
4,51,211
4,75,212
4,79,213
4,67,214
4,35,215
4,75,216
13080,6,22
4,16,218
4,15,219
4,59,220
4,43,221
4,3,222
4,35,223
4,31,224
4,3,225
4,15,226
4,27,227
4,35,228
4,71,229
4,3,230
4,11,231
4,23,232
4,3,233
4,99,234
4,35,235
4,35,236
4,91,237
4,75,238
4,23,239
4,47,240
4,39,241
4,39,242
4,19,243
1448,3,79
8,6,22
4,20,244
4,39,245
4,19,246
4,51,247
4,63,248
4,43,249
4,27,250
4,15,251
4,19,252
4,67,253
4,23,254
4,50,23
6912,4,254
4,79,255
4,46,23
235343,8,1
4,15,2
4,42,24
9420,3,23
16,8,3
4,7,4
4,51,5
4,27,6
4,35,7
4,3,8
4,103,9
4,3,10
4,23,11
4,15,12
4,3,13
4,3,14
4,71,15
4,15,16
4,7,17
4,55,18
4,3,19
4,79,20
4,27,21
4,27,22
4,43,23
4,3,24
4,67,25
4,31,26
4,35,27
4,59,28
4,3,29
4,22,24
8976,3,23
28,23,23
4,4,30
4,71,31
4,27,32
4,83,33
4,31,34
4,3,35
4,15,36
4,35,37
4988,6,23
4,108,39
4,3,40
4,7,41
4,35,42
4,35,43
4,7,44
4,67,45
4,71,46
4,3,47
4,43,48
4,83,49
4,11,50
4,59,51
4,27,52
4,27,53
4,75,54
4,55,55
4,55,56
4,3,57
4,43,58
4,87,59
4,67,60
4,7,61
4,3,62
4,23,165
28,27,62
4,7,63
4,3,64
4,59,65
4,55,66
4,19,67
4,43,68
4,43,69
4,175,70
4,3,71
4,3,72
4,47,73
4,7,74
4,19,75
4,27,76
4,23,77
4,27,78
4,46,22
4956,3,23
44,36,79
4,31,51
4,3,80
4,75,81
4,19,82
4,19,83
4,39,84
4,3,85
4,47,86
4,31,87
4,55,88
4,91,89
4,15,90
2476,3,43
8,6,23
4,76,91
4,7,92
4,7,93
4,51,94
4,122,24
5056,3,23
28,20,95
4,47,96
4,31,97
4,63,98
4,31,99
4,31,100
4,55,101
4,63,102
4,55,103
4,27,104
4,79,105
4,35,106
4,3,107
4,27,108
4,27,109
4,3,110
4,35,111
4,43,112
4,3,113
4,27,114
4,59,115
4,11,116
4,91,117
4,47,118
4,31,119
4,19,120
4,3,121
4,19,122
4,23,123
4,19,124
4,19,125
4,15,126
4,23,127
4,3,128
4,3,129
4,51,130
4,35,131
4,31,132
4,3,133
4,31,134
4,39,135
4,23,136
4,55,137
4,47,138
4,23,139
4,59,140
4,67,141
4,3,142
4,3,143
4,3,144
4,55,145
4,11,146
4,51,147
4,67,148
4,91,149
6716,6,23
8,3,23
4,75,24
5644,4,150
4,43,151
4,43,152
4,31,153
4,3,154
4,23,155
14284,6,23
4,40,157
4,47,158
4,11,159
4,47,160
4,19,161
4,26,25
2624,4,161
4,27,162
4,35,163
4,19,164
3844,7,165
4,39,166
4,19,167
4,86,24
608,4,167
4,15,168
4,43,169
4,27,170
4,75,171
4,23,172
4,43,173
4,59,174
4,43,175
4,3,176
4,3,177
4,31,178
4,50,22
2232,4,178
4,11,179
4,70,22
9872,4,179
4,15,180
4,11,181
4,27,182
4,27,183
4,43,184
4,55,185
4,59,186
4,111,187
4,31,188
4,27,189
4,75,190
4,27,191
4,47,192
4,63,193
4,51,194
4,15,195
4,95,196
4,27,197
4,31,198
4,23,199
4,3,200
4,3,201
4,19,202
4,7,203
4,55,204
4,19,205
4,7,206
4,39,207
4,31,208
4,39,209
4,27,210
4,39,211
4,3,212
4,3,213
4,63,214
4,3,215
4,7,216
4,47,217
4,43,218
4,3,219
4,35,220
4,3,221
4,19,222
4,15,223
4,11,224
4,51,225
4,11,226
4,3,227
4,3,228
4,3,229
4,35,230
4,7,231
4,95,232
4,23,233
4,7,234
4,67,235
4,51,236
4,43,237
4,31,238
4,3,239
4,67,240
4,19,241
4,47,242
4,63,243
4,23,244
4,27,245
4,6,22
712,4,245
4,23,246
4,59,247
4,59,248
4,11,249
4,103,250
4,19,251
4,3,252
4,19,253
4,55,254
4,43,255
4,70,24
244759,27,24
4,32,1
4,22,22
1652,3,24
12,4,2
4,31,3
4,31,4
4,7,5
4,83,6
4,3,7
4,63,8
4,67,9
4,63,10
4,3,11
4,39,12
4,30,23
920,3,24
36,31,24
4,16,13
4,31,14
4,19,15
4,19,16
4,79,17
4,3,18
4,31,19
4,19,174
12,11,20
4,15,21
4,35,22
4,3,23
4,3,24
4,3,25
4,23,26
4,22,25
5044,3,24
28,20,27
4,6,25
496,4,27
4,35,174
16,15,28
4,3,29
4,11,30
4,6,25
40,4,30
4,30,23
212,4,30
4,15,31
4,19,32
4,3,33
4,35,34
4,3,35
4,55,36
4,3,37
4,75,38
4,3,39
4,3,40
4,51,41
4,15,42
7376,6,24
4,20,44
4,43,45
4,43,46
4,39,47
4,59,48
4,3,49
4,47,50
4,27,51
4,27,52
4,79,53
4,15,54
4,35,55
4,27,56
4,67,57
4,38,23
7176,3,24
9212,3,24
4,28,59
4,47,60
4,3,61
4,35,62
4,127,71
12,11,63
4,63,64
4,35,65
4,27,66
4,47,67
4,19,68
4,75,69
14780,6,24
8,3,24
4,116,70
4,115,71
4,79,72
4,3,73
4,22,25
4116,3,24
24,16,74
4,3,75
4,15,76
4,3,77
4,26,25
5832,3,24
32,27,24
4,56,78
4,3,79
4,15,80
4,15,81
4,95,82
4,27,83
4,19,84
4,3,85
4,43,86
4,19,87
4,3,88
4,103,89
4,71,90
4,35,91
4,15,92
4,26,22
3980,3,24
32,24,93
4,23,94
4,15,95
4,30,23
5556,3,24
36,31,24
4,8,96
4,19,97
4,3,98
4,35,99
4,39,100
4,11,101
4,47,102
4,58,23
3620,4,102
4,15,103
4,35,104
4,15,105
4,75,106
4,27,107
4,11,108
4,11,109
4,6,25
8572,3,24
12,4,110
4,15,111
4,3,112
4,43,113
4,55,114
4,63,115
4,3,116
4,79,117
4,6,23
4360,4,117
4,23,118
4,55,119
4,31,120
4,11,121
4,3,122
4,111,123
4,67,124
4,43,125
4,59,126
4,51,127
4,3,128
4,23,129
4,7,130
4,43,131
4,6,23
1792,4,131
4,23,132
4,3,133
4,19,134
4,82,23
7764,3,24
16,8,135
4,31,136
4,55,137
4,35,138
4,35,139
4,51,140
4,15,141
4,39,142
4,3,143
4,35,144
4,11,145
4,35,146
4,19,147
4,58,26
3992,4,147
4,43,148
4,27,149
4,67,150
4,19,151
4,47,152
4,27,153
4,83,154
4,71,155
4,3,156
4,59,157
4,7,158
4,3,159
4,71,160
4,3,161
4,39,162
4,31,163
4,103,164
4,35,165
4,23,166
4,59,167
4,47,168
4,7,169
4,3,170
4,31,171
4,3,172
2840,7,172
4,99,173
5568,7,174
4,47,175
4,67,176
4,31,177
4,7,178
4,55,179
4,3,180
4,27,181
4,51,182
4,7,183
4,3,184
4,63,185
4,15,186
4,43,187
4,35,188
4,31,189
4,3,190
4,7,191
4,3,192
4,51,193
4,47,194
4,3,195
4,79,196
4,11,197
4,11,198
4,31,199
4,39,200
4,11,201
4,51,202
4,39,203
4,51,204
4,47,205
4,3,206
4,11,207
4,23,208
4,19,209
4,23,210
4,18,25
4204,4,210
4,11,211
4,43,212
4,3,213
4,51,214
4,35,215
4,27,216
4,23,66
28,27,216
4,19,217
4,3,218
4,27,219
4,7,37
12,11,219
4,79,220
4,31,221
4,47,222
4,3,223
4,78,23
6532,4,223
4,3,224
4,15,225
4,15,226
4,23,227
4,63,228
4,31,229
4,7,230
4,59,231
4,83,232
4,3,233
4,31,234
4,47,235
4,3,236
4,31,237
4,23,238
4,71,239
4,23,240
4,31,241
4,35,242
4,43,243
4,43,244
4,31,245
4,47,246
4,63,247
4,30,25
760,4,247
4,43,248
4,3,249
4,35,250
4,91,251
4,19,252
4,3,253
4,3,254
4,15,255
254047,38,25
4,56,1
4,23,2
4,39,3
4,35,4
4,59,5
4,119,6
4,27,7
4,35,8
8816,6,25
4,60,10
4,31,11
4,63,12
4,39,13
4,10,26
8616,3,26
6172,3,25
20,11,25
4,48,14
4,35,15
4,18,23
13500,4,15
4,31,16
4,39,17
4,3,18
4,47,19
4,46,23
2996,3,25
36,28,20
4,35,21
4,19,22
4,27,23
4,47,24
4,30,26
8660,3,25
28,20,25
4,19,26
4,19,27
4,3,28
4,23,29
4,11,30
4,19,31
4,3,32
4,26,24
3372,3,25
32,27,25
4,32,33
4,31,34
4,11,35
4,31,36
4,7,37
4,31,38
4,19,39
4,15,40
4,3,41
4,11,42
4,75,43
4,35,44
4,75,45
4,35,46
4,71,47
4,87,48
4,79,49
4,39,50
4,31,51
4,55,52
4,55,53
4,63,54
4,10,24
3772,3,25
16,11,25
4,12,55
4,15,56
4,83,57
4,3,58
4,51,59
4,67,60
4,23,61
4,3,62
4,43,63
4,7,64
4,14,26
6268,3,25
20,15,25
4,28,65
4,23,66
4,35,67
4,39,68
4,23,69
4,7,70
4,119,71
4,47,72
4,35,73
4,31,74
4,43,75
4,55,76
4,10,24
352,4,76
4,23,77
4,59,78
4,11,79
4,35,80
4,47,81
4,59,82
4,19,83
4,19,84
4,59,85
4,23,86
4,38,26
276,4,86
4,11,87
4,27,88
4,7,19
12,11,88
4,11,89
4,75,90
4,51,91
4,47,92
4,103,93
4,19,94
4,91,95
4,127,96
4,3,97
4,51,98
4,7,99
4,11,100
4,38,26
5348,3,25
12,4,101
4,23,102
4,35,103
4,39,104
4,47,105
4,19,106
4,3,107
4,27,108
4,47,109
4,31,189
36,35,109
4,23,110
4,51,111
4,27,112
4,119,113
4,43,114
4,3,115
4,19,116
4,23,117
4,23,118
4,3,119
4,35,120
4,43,121
4,66,26
4220,4,121
4,47,122
4,43,123
4,3,124
4,31,125
4,7,126
4,39,127
4,55,128
4,3,129
4,3,130
4,55,131
4,3,132
4,7,133
4,3,134
4,55,135
4,87,136
4,55,137
4,67,138
4,35,139
4,63,140
4,23,141
4,35,142
4,39,143
4,3,144
4,11,145
4,3,146
4,59,147
4,11,213
16,15,147
4,11,148
4,3,149
4,3,150
4,55,151
4,31,152
14512,6,25
8,3,25
9584,3,25
4,20,154
4,7,155
4,30,26
840,4,156
4,43,157
4,95,158
12196,6,25
8,3,25
4,20,159
4,3,160
4,3,161
4,55,162
4,35,163
4,7,164
4,47,165
4,19,166
4,35,167
4,67,168
4,27,169
4,27,170
4,22,26
5436,4,170
4,59,171
4,47,172
4,51,173
4,39,200
44,43,173
4,23,174
4,47,175
4,3,176
4,55,177
4,23,178
4,19,179
4,31,180
4,27,181
4,51,182
4,39,183
4,23,184
4,7,185
4,55,186
4,10,26
1248,4,186
4,55,187
4,95,188
4,27,189
4,87,190
4,59,191
4,3,192
4,27,193
4,55,194
4,3,195
4,31,196
4,75,197
4,27,198
4,26,24
8324,3,25
32,27,25
4,4,199
4,19,200
4,43,201
4,3,202
4,23,203
4,35,204
4,51,205
4,55,206
4,63,207
4,27,208
4,75,209
4,27,210
4,19,211
4,23,212
2516,7,213
4,59,214
4,59,215
4,35,216
4,19,217
4,55,218
4,75,219
4,27,220
4,11,221
4,103,222
4,15,223
4,43,224
4,39,225
4,103,226
4,83,227
4,31,228
4,51,229
4,51,230
4,55,231
4,63,232
4,11,233
4,71,234
4,51,235
4,79,236
4,31,237
4,27,238
4,3,239
4,6,26
5324,4,239
4,35,240
4,55,241
4,31,242
4,103,243
4,55,244
4,22,26
3272,4,244
4,47,245
4,19,246
4,11,247
4,55,248
4,3,249
4,35,250
4,47,251
4,51,252
4,67,253
4,31,254
4,115,255
4,58,26
264599,4,1
4,54,24
5880,3,26
20,12,2
4,35,3
4,47,4
4,3,5
4,27,6
4,63,7
4,3,8
4,43,9
4,7,170
12,11,10
4,18,27
5112,3,26
24,19,26
4,60,11
4,10,27
4764,3,26
16,11,26
4,20,12
4,47,13
4,3,14
4,19,15
4,39,16
4,11,17
4,43,18
4,3,19
4,87,20
4,71,21
4,23,22
4,47,23
4,59,24
4,31,25
4,11,26
4,3,27
4,39,28
4,31,29
4,26,27
7700,3,26
24,16,30
4,15,31
4,51,32
4,46,25
7244,3,26
10452,3,26
4,32,34
4,59,35
4,27,36
4,58,25
1996,3,26
24,16,37
4,19,38
4,27,39
4,79,40
4,11,41
4,11,42
4,87,43
4,23,44
4,67,45
4,27,46
4,31,47
4,38,27
9532,3,26
24,16,48
4,71,49
4,67,50
4,3,51
4,11,52
4,3,53
4,11,54
4,127,55
4,43,56
4,3,57
4,31,58
4,43,59
4,83,60
4,43,61
4,3,62
4,59,63
4,3,64
4,27,65
4,47,66
4,15,67
4,87,68
4,3,69
4,39,70
4,15,71
4,31,72
4,23,73
4,47,74
4,23,75
4,43,76
4,67,77
4,6,27
1324,4,77
4,23,78
10100,6,26
4,56,80
4,15,81
4,27,82
4,27,83
4,15,84
4,23,85
4,82,25
9616,3,26
20004,4,192
8,3,86
4,31,87
4,11,88
4,3,89
4,27,90
4,27,91
4,75,92
4,3,93
4,39,94
4,43,95
4,66,25
612,4,96
4,99,97
4,19,98
4,51,99
4,39,100
4,39,101
4,47,102
4,39,103
4,39,104
4,11,105
4,11,106
4,15,107
4,75,108
4,3,109
4,51,110
4,79,111
4,59,112
4,55,57
16,15,113
4,6,27
2848,4,113
4,79,114
4,35,115
4,59,116
4,34,27
2092,4,116
4,43,117
4,59,118
4,31,119
4,43,120
4,91,121
4,22,27
3864,4,121
4,23,122
4,23,123
4,3,124
4,15,125
4,67,126
4,39,127
4,55,128
4,51,129
4,3,130
4,22,27
2044,4,130
4,31,131
4,23,132
4,15,133
4,43,134
4,55,135
4,7,136
4,11,137
4,3,138
4,15,139
4,31,140
4,23,138
28,27,140
4,23,141
4,31,142
4,111,143
4,35,144
4,15,145
4,3,146
4,7,9
12,11,146
4,22,25
7652,3,26
20252,4,147
4,63,148
4,35,149
4,6,25
3236,4,149
4,67,150
4,94,25
9708,3,26
24,16,151
4,35,152
4,47,153
4,87,154
4,75,155
4,27,156
4,3,157
4,27,158
4,15,159
4,47,160
4,3,161
4,75,162
4,59,163
4,35,164
4,35,165
4,3,166
4,3,167
4,3,168
4,11,169
4,51,170
4,22,27
1804,4,170
4,39,171
4,75,172
4,3,173
4,39,174
4,11,175
4,31,176
4,3,177
4,42,28
5788,4,177
4,55,178
4,30,27
2960,4,178
28,23,10
64,34,26
4,20,179
4,7,180
4,71,181
4,55,182
4,35,183
4,3,184
4,71,185
4,3,186
4,23,187
4,51,181
12,11,188
4,31,189
4,11,190
4,75,191
4,35,192
4,7,193
4,3,194
12252,6,26
8,3,26
4,56,195
4,3,196
4,22,28
5804,4,196
4,19,197
4,71,198
4,63,199
4,79,200
4,3,201
4,11,202
4,43,203
4,27,204
4,99,205
4,55,206
4,27,207
4,31,208
4,7,64
12,11,208
4,11,209
4,51,210
4,59,211
4,15,212
4,3,213
4,3,214
4,18,25
5716,4,214
4,43,215
4,27,216
4,15,217
4,39,218
4,15,219
4,11,220
4,95,221
4,7,30
12,11,221
4,83,222
4,27,223
4,35,224
4,63,225
4,15,170
2276,7,225
4,11,226
4,15,227
4,51,228
4,55,229
4,31,230
4,15,231
4,30,28
6900,4,232
4,35,233
4,66,25
5840,4,233
4,15,234
4,3,235
4,3,236
4,51,237
4,67,220
28,27,238
4,35,239
4,35,240
4,51,241
4,71,242
4,47,243
4,51,244
4,123,245
4,3,246
4,59,59
8,7,247
4,15,96
20,19,247
4,31,248
4,3,249
4,35,250
4,7,251
4,39,116
4,3,252
4,47,253
4,23,254
4,71,255
4,51,205
56,54,27
275071,23,27
4,32,1
4,47,2
4,14,25
4896,3,27
20,15,27
4,44,3
4,67,4
4,79,5
4,31,6
4,19,7
4,15,8
4,63,9
4,55,10
4,50,26
8324,3,27
28,20,11
4,15,171
20,19,11
4,63,12
4,19,13
4,87,14
4,47,15
4,31,16
4,3,17
4,43,18
4,63,19
4,11,20
4,47,21
4,55,22
4,47,23
4,99,24
4,35,25
4,3,26
4,63,27
6924,6,27
4,52,29
4,71,30
4,79,31
4,75,32
4,31,33
4,27,34
4,39,35
4,19,36
4,75,37
4,39,38
4,31,39
4,79,179
8,7,40
4,43,41
4,79,42
4,67,43
4,15,44
1228,7,45
4,7,46
4,35,47
4,55,48
4,7,49
4,39,50
4,39,51
4,39,52
4,19,53
4,43,54
4,14,26
2644,3,27
10788,3,27
10788,3,27
4,52,57
4,43,58
4,15,59
4,7,60
4,27,61
4,31,62
4,35,63
4,39,64
4,63,65
4,31,66
4,75,67
4,3,68
4,27,69
4,3,70
4,75,71
4,55,72
4,7,73
4,27,74
4,55,75
4,11,193
12,11,76
4,59,77
4,27,78
4,31,79
4,15,80
4,35,81
4,3,82
4,43,83
8720,6,27
4,80,85
4,19,86
4,66,28
684,4,86
4,31,87
4,35,88
4,31,89
4,31,90
4,39,91
4,3,92
4,83,93
13308,6,27
4,28,95
4,39,96
4,3,97
4,23,98
4,27,99
4,83,100
4,23,101
4,31,102
4,35,103
4,83,104
4,3,105
4,23,106
4,71,107
4,39,108
4,11,109
4,27,110
4,51,111
4,3,112
4,59,113
4,31,114
4,3,115
4,3,116
4,19,117
4,31,118
4,47,119
4,3,120
4,47,121
4,11,122
4,3,123
4,95,124
4,47,125
4,91,126
4,51,127
4,79,128
4,11,129
4,3,130
4,15,131
4,3,132
4,3,133
4,51,134
4,31,135
4,3,136
4,75,137
4,67,138
4,47,139
4,51,140
4,115,141
4,26,29
5316,4,141
4,51,142
4,18,26
4476,4,142
4,31,143
4,31,144
4,19,145
4,103,146
4,31,147
4,63,148
4,43,149
4,11,191
16,15,149
4,3,150
4,83,151
4,23,152
4,63,153
4,27,118
8,7,154
4,3,155
4,31,156
4,15,157
4,51,158
4,43,159
4,31,160
4,43,22
16,15,161
4,83,162
4,19,163
4,51,164
4,71,165
4,3,166
4,15,167
4,31,168
4,38,29
4244,4,168
4,15,169
4,51,170
4,11,171
4,27,172
4,43,173
4,3,174
4,67,175
4,127,176
4,47,177
4,43,178
4,63,179
4,83,180
4,31,181
4,27,182
4,43,183
4,11,184
4,103,185
4,59,186
4,31,187
4,50,28
560,4,187
4,11,188
4,55,189
4,43,190
4,31,191
4,43,192
4,55,193
4,23,194
4,42,29
4428,4,194
4,3,195
4,15,196
4,35,197
4,35,198
4,35,199
4,27,200
4,19,86
8,7,201
4,35,202
4,23,203
4,3,204
4,47,205
4,3,206
4,27,207
4,11,208
4,35,209
4,59,210
4,35,211
4,63,212
4,27,213
4,43,214
4,3,215
4,11,216
4,3,217
4,99,218
4,35,219
4,15,220
4,3,221
4,47,222
4,15,223
4,91,224
4,23,225
4,59,226
4,95,227
4,39,228
4,107,229
4,15,230
4376,7,230
4,11,231
4,19,232
4,47,233
4,51,234
4,31,235
4,39,236
4,75,237
4,59,238
4,35,239
4,35,240
4,23,241
4,15,242
4,23,243
4,6,26
10448,3,27
12,7,27
4,28,244
4,3,245
4,3,246
4,31,247
4,11,248
4,7,249
4,15,250
4,51,251
4,3,252
4,39,253
4,51,254
4,67,255
4,34,28
285339,44,1
4,23,2
4,51,3
4,63,4
4,3,5
4,99,6
4,35,7
4,87,8
4,3,9
4,3,10
4,27,11
4,15,12
4,3,13
4,23,14
4,15,15
4,3,16
4,35,17
4,51,18
4,27,19
4,30,27
9144,3,28
20,12,20
4,7,21
4,67,22
4,27,23
4,55,24
4,75,25
4,31,26
4,3,27
4,3,28
4,35,29
4,35,30
4,47,31
4,7,32
4,75,33
4,107,34
4,15,35
4,39,36
4,55,37
4,39,38
4,19,39
4,71,40
4,51,41
4,31,42
4,3,43
4,31,44
4,119,45
4,79,46
4,55,47
4,11,48
4,59,49
4,55,50
4,15,51
4,99,52
4,27,53
4,15,54
4,27,55
4,23,56
4,35,57
4,3,58
4,39,60
4,43,61
4,51,62
4,31,63
4,11,64
4,34,29
2196,4,64
4,43,65
4,59,66
4,39,67
4,27,68
4,51,69
4,3,70
4,23,71
4,19,72
4,3,73
4,3,74
4,23,75
4,15,76
4124,6,28
8,3,28
4,12,77
4,11,78
4,3,79
4,31,80
4,15,81
4,91,82
4,63,83
4,3,84
4,15,85
4,39,86
4,55,87
4,63,88
4,3,89
4,35,87
12,11,90
4,39,91
4,67,92
4,7,93
4,31,94
4,59,95
4,3,96
4,23,97
4,79,98
4,23,99
1144,3,245
8,6,28
4,12,100
4,11,101
4,6,26
856,4,101
4,7,102
4,39,103
4,3,104
4,54,27
3364,4,104
4,3,105
4,59,208
36,35,106
4,19,107
4,55,108
4,59,109
4,19,110
4,19,111
4,71,112
4,71,113
4,14,27
576,4,113
4,47,114
4,43,115
4,59,116
4,35,117
4,15,118
4,3,119
4,54,27
1168,4,119
4,19,120
4,71,121
4,3,122
4,91,123
4,23,124
4,6,29
6092,3,28
12,7,28
4,48,125
4,35,126
4,83,127
4,39,128
4,7,129
4,19,130
4,31,131
4,35,132
4,55,133
4,39,134
4,51,135
4,75,136
4,95,137
4,27,138
4,27,7
32,31,139
4,15,140
4,75,141
4,6,29
3052,4,141
4,51,142
4,19,143
4,59,144
4,3,145
4,31,146
4,55,147
4,55,148
4,15,149
4,71,150
4,35,151
4,3,152
4,23,153
4,31,154
4,31,155
4,3,156
4,19,211
24,23,156
4,7,157
4,87,158
4,63,159
4,6,27
716,4,159
4,15,160
4,15,161
4,75,162
4,11,163
4,47,164
4,18,29
20200,4,164
4,3,165
4,107,166
4,59,167
4,35,168
4,35,169
4,39,170
4,3,171
4,39,172
4,19,173
4,79,174
4,11,175
4,95,176
4,55,177
4,6,29
4260,4,178
4,7,179
4,27,180
4,67,181
4,23,182
4,19,58
8,7,183
4,31,184
4,27,185
4,14,27
4120,4,185
4,27,186
4,3,187
4,26,29
1588,4,187
4,23,188
4,3,189
4,35,190
4,3,191
4,15,192
4,26,30
4076,4,192
4,31,193
4,19,194
4,55,195
4,11,196
4,43,197
4,3,198
4,35,199
4,23,200
4,23,201
4,39,202
4,23,203
4,3,204
4,59,205
4,51,206
4,55,207
4,67,208
4,71,209
4,3,210
4,67,211
4,51,212
4,39,213
4,62,29
9504,3,28
32,24,214
4,31,215
4,55,216
4,87,217
4,27,142
32,31,217
4,47,218
4,19,219
4,3,220
4,27,221
4,3,222
4,19,223
4,15,224
4,23,225
4,135,226
4,15,227
4,23,228
4,51,229
4,63,230
4,39,231
4,43,232
4,42,29
5116,4,232
4,7,233
4,71,234
4,35,235
4,31,236
4,31,237
4,19,238
4,71,239
4,6,30
900,4,239
4,43,240
4,59,241
4,3,242
4,79,243
4,3,244
4,35,245
4,99,246
4,35,247
4,15,248
4,87,249
4,67,250
4,7,251
4,35,252
4,51,253
4,35,254
4,51,255
4,22,29
295403,24,1
4,31,2
4,27,3
4,38,28
1404,3,29
36,28,4
4,103,5
4,31,6
4,67,7
4,3,8
4,31,9
4,11,10
4,47,85
40,39,11
4,31,12
4,51,13
4,39,14
4,19,15
4,23,16
4,15,17
4,3,18
4,27,19
4,3,20
4,6,30
8340,3,29
12,7,29
4,128,21
4,95,22
4,19,23
4,59,24
4,35,25
4,51,26
4,7,27
4,3,28
4,27,29
4,47,30
4,18,27
2068,3,29
24,19,29
4,20,31
4,11,32
4,31,33
4,43,34
4,35,35
4,3,36
4,47,37
4,59,38
4,3,39
4,47,40
4,63,41
4,3,42
4,39,43
4,39,44
4,3,45
4,31,46
4,19,47
4,63,48
4,3,49
4,35,50
4,43,51
4,91,52
4,15,53
4,11,54
4,19,55
4,83,56
4,43,57
4,31,58
4,59,59
4,30,28
6484,3,29
32,24,60
4,26,30
6332,3,29
28,20,61
4,3,62
4,11,63
4,23,64
4,3,65
4,7,66
4,47,67
4,35,68
4,39,69
4,27,70
4,59,71
4,3,72
4,3,73
4,71,74
4,39,155
8,7,75
4,75,76
4,3,77
4,31,78
4,35,79
4,27,80
4,71,81
4,23,82
4,27,83
4,62,30
68,8,84
4,14,30
4692,3,29
20,15,29
4,4,85
4,35,86
4,39,87
4,67,88
4,31,89
4,95,90
4,71,181
12,11,91
4,87,92
4,6,27
6224,3,29
12,7,29
4,3,30
124,4,92
4,11,93
4,67,94
4,43,95
4,59,96
4,59,97
4,3,98
4,11,99
4,3,100
4,27,101
4,19,102
4,31,103
4,27,104
4,67,105
4,15,106
4,27,107
4,35,108
4,39,109
4,47,110
9404,6,29
8,3,29
4,28,111
4,91,112
4,19,113
4,55,114
4,43,115
4,11,116
4,59,117
4,59,118
4,6,28
6656,3,29
12,7,29
4,40,119
4,3,120
4,3,121
4,3,122
4,43,123
4,7,112
12,11,123
4,35,124
4,55,125
4,103,126
4,87,127
4,19,128
4,83,129
4,11,184
16,15,129
4,27,130
4,3,131
4,55,132
4,35,63
32,31,133
4,47,134
4,39,135
4,19,136
4,43,137
4,31,138
4,38,28
7164,3,29
10352,3,29
4,48,140
4,10,28
2880,4,140
4,99,141
4,3,142
4,43,143
4,3,144
4,83,145
4,83,146
4,51,147
4,23,148
4,15,149
4,23,150
4,19,151
4,23,152
4,23,153
4,67,154
3464,7,155
4,91,156
4,3,157
4,3,158
4,67,159
4,75,160
4,11,161
4,35,162
4,59,163
4,35,164
4,23,165
4,19,166
4,15,167
4,31,168
4,3,169
4,23,170
4,11,171
4,55,172
4,54,28
5004,4,172
4,11,173
4,103,174
4,63,175
4,43,176
4,31,177
4,27,178
4,67,179
4,67,180
4,7,181
4,55,182
4,14,28
8504,3,29
20,15,29
4,20,183
4,83,184
4,119,185
4,3,186
4,23,187
4,47,188
4,71,189
4,35,190
4,43,191
4,3,192
4,3,193
4,3,194
4,15,195
4,75,196
4,23,197
4,43,198
4,35,199
4,3,200
4,3,201
4,15,5
20,19,201
4,11,202
4,3,203
4,47,204
4,3,205
4,3,206
4,79,207
4,59,208
4,31,209
4,39,210
4,15,211
4,31,212
4,42,30
5828,4,212
4,31,213
4,15,214
4,22,30
4632,4,214
4,27,215
4,7,216
4,3,217
4,43,218
4,79,219
4,43,220
4,59,221
4,71,222
4,31,223
4,35,224
4,79,225
4,3,226
4,11,227
4,7,228
4,47,229
4,63,230
4,6,30
1216,4,230
4,7,231
4,83,232
4,3,233
4,35,234
4,71,235
4,23,236
4,43,237
13972,6,29
8240,4,237
4,15,238
4,35,239
4,11,240
4,7,241
4,59,242
4,26,30
5116,4,242
4,23,243
4,19,244
4,27,245
4,39,246
4,15,247
4,22,30
8664,4,247
4,71,248
4,3,249
4,3,250
4,99,251
4,35,252
4,3,253
4,31,254
4,99,255
4,50,30
7868,4,255
28,23,0
4,11,1
4,43,2
4,27,3
4,31,4
4,19,5
4,15,6
4,11,7
4,43,8
4,3,9
4,3,10
4,3,11
4,26,31
5300,3,30
20,12,12
4,3,13
4,43,14
4,19,15
4,15,16
4,35,17
4,35,18
4,7,19
4,3,20
4,51,21
4,15,22
4,87,23
4,19,24
4,59,25
4,115,26
4,22,31
4544,3,30
16,8,27
4,3,28
4,66,31
4888,3,30
20,12,29
4,15,30
4,7,31
4,3,32
4,3,33
4,31,34
4,43,35
4,3,36
4,31,37
4,3,38
4,23,39
4,23,40
4,27,41
4,10,29
5616,3,30
16,11,30
4,32,42
4,87,43
4,47,44
4,27,45
4,3,46
4,27,47
4,83,48
4,3,49
4,55,50
4,31,77
20,19,51
4,26,31
680,4,51
4,31,52
4,3,53
4,31,54
4,43,55
4,27,56
4,15,57
4,3,58
4,7,59
4,35,60
4,55,61
4,47,62
4,87,63
4,67,64
4,66,31
8832,3,30
24,16,65
4,63,66
4,3,67
4,3,68
4,11,69
4,35,70
4,91,71
4,47,72
4,83,73
4,43,74
4,7,75
4,51,76
4,27,77
4,79,78
4,43,79
624,3,50
8,3,80
4,3,81
8832,6,30
8,3,30
4,52,82
4,31,83
4,55,84
4,3,85
4,31,86
4,3,87
4,95,88
4,51,89
4,7,90
4,27,91
4,63,92
4,67,93
4,23,94
4,3,95
4,3,96
11500,6,30
8,3,30
4,24,97
4,39,98
4,43,99
4,31,100
4,91,101
4,59,102
4,55,207
24,23,103
4,63,104
4,11,105
4,71,106
4,23,107
4,3,108
4,107,109
4,23,110
4,123,111
4,19,112
4,3,113
4,39,114
4,55,115
4,27,116
4,23,117
4,3,118
4,79,119
13908,7,119
4,23,206
12,11,120
4,59,121
4,59,122
4,31,123
4,23,124
4,19,125
4,79,126
4,67,127
4,31,128
4,3,129
4,27,130
4,39,131
4,31,132
4,23,133
4,23,134
4,27,135
4,70,31
3416,4,135
4,3,136
4,3,137
4,43,138
4,55,139
4,55,140
4,75,141
4,15,142
4,23,213
28,27,142
4,11,143
4,39,144
4,47,145
4,39,146
4,55,147
4,47,148
4,27,149
4,43,150
4,3,151
4,59,152
4,63,153
4,23,154
4,35,155
4,55,156
4,11,157
4,55,158
4,119,159
4,67,160
4,51,161
4,83,162
4,31,163
4,67,164
4,35,165
4,3,166
4,39,167
4,31,168
4,31,169
4,59,170
4,19,171
4,35,172
4,55,173
4,27,174
4,15,175
4,59,176
4,91,177
4,3,178
4,7,179
4,91,180
4,15,181
4,71,182
4,15,183
4,79,184
4,19,185
4,27,186
4,3,187
4,59,188
4,26,31
7916,3,30
16,8,189
4,31,190
4,59,191
4,23,192
4,23,193
4,59,194
4,23,195
4,47,196
4,115,197
4,55,198
4,55,199
4,50,29
8528,4,199
4,15,200
4,47,201
4,31,202
4,35,203
4,31,204
4,83,205
4,79,206
4,71,207
4,43,208
4,31,209
4,31,210
4,3,211
4,11,51
16,15,211
4,7,212
4,11,213
4,43,214
4,43,215
4,47,216
4,3,217
4,15,218
4,99,219
15816,6,30
4,28,221
4,31,222
4,63,223
4,31,224
4,99,225
4,55,226
4,11,227
4,19,228
4,38,29
564,4,228
4,43,229
4,31,230
4,35,231
4,59,232
4,71,233
4,39,234
4,19,235
4,46,31
2732,4,235
4,27,236
4,34,31
7284,4,236
4,19,237
4,51,238
4,23,239
4,35,240
4,3,241
4,11,242
4,23,243
4,107,244
4,59,245
4,35,246
4,7,247
4,15,248
4,11,249
4,7,250
4,51,251
4,59,252
4,27,253
4,51,254
4,3,255
4,82,31
315795,4,1
4,3,2
4,23,3
4,123,4
4,22,30
2576,3,31
28,23,31
4,16,5
4,51,6
4,51,7
4,3,8
4,71,9
4,51,10
4,31,11
4,83,12
4,39,13
4,111,14
4,19,15
4,83,16
4,43,17
4,3,18
4,27,19
4,3,20
4,55,21
4,83,22
4,3,23
4,23,24
4,67,25
4,31,26
4,19,27
4,31,28
4,59,29
4,47,30
4,27,31
4,35,32
4,3,33
4,46,30
628,4,34
4,22,30
8988,3,31
28,23,31
4,20,35
4,63,36
4,43,37
4,75,38
4,3,39
4,7,40
4,62,30
3180,3,31
68,63,31
10940,3,31
4,15,30
5644,3,31
24,19,31
4,4,42
4,3,43
4,79,44
4,3,45
4,47,46
4,27,47
4,91,48
4,67,49
4,15,50
4,87,51
4,23,52
4,67,53
4,39,54
4,3,55
4,67,56
4,3,57
4,51,58
4,39,59
4,23,60
4,35,61
4,83,62
4,23,63
4,7,64
4,51,65
4,67,66
4,27,67
4,23,68
4,31,69
4,55,70
4,67,71
4,35,72
4,59,73
4,79,74
4,39,75
4,3,76
4,3,77
4,43,78
4,47,79
4,51,80
4,3,81
4,19,82
4,31,83
4,35,84
4,91,85
4,35,86
4,31,87
4,27,88
4,3,89
4,11,90
4,47,91
4,3,92
4,107,93
4,35,94
4,79,95
4,11,96
4,31,97
4,31,98
4,35,99
4,55,100
4,59,101
4,51,102
4,35,103
4,51,104
4,91,105
4,19,106
4,55,107
4,3,108
4,3,109
4,67,110
4,27,111
4,55,112
4,31,113
4,38,30
4124,4,113
4,19,114
4,35,115
4,11,116
4,31,117
4,3,118
4,51,119
4,35,120
4,31,121
4,51,122
4,39,123
4,39,124
4,55,125
4,3,126
4,3,127
4,47,128
4,47,129
4,15,130
4,3,131
4,31,132
4,7,133
4,3,134
4,43,135
4,27,136
4,111,137
4,83,138
4,23,139
4,3,140
4,43,141
4,79,142
4,71,143
4,71,144
4,27,145
4,87,146
4,31,147
4,3,148
4,3,149
4,43,150
4,11,151
4,35,152
4,39,153
15664,6,31
4,60,155
4,75,156
4,3,157
4,55,158
4,3,159
4,27,160
4,91,161
4,3,162
4,35,163
4,7,67
12,11,163
4,23,164
4,35,165
4,75,166
4,3,167
4,55,168
4,75,104
16,15,169
4,23,170
4,27,171
4,79,172
4,83,173
4,63,174
4,51,175
4,43,176
4,79,177
4,11,178
4,63,179
4,23,180
4,59,181
4,27,182
4,123,183
4,3,184
4,3,185
4,35,186
4,19,187
4,75,188
4,31,189
4,39,190
4,79,191
4,67,192
4,75,193
4,47,194
4,35,195
4,59,196
4,3,197
4,23,198
4,35,199
4,27,200
4,83,201
4,3,202
4,95,203
4,11,204
4,39,205
4,27,206
4,35,207
1900,7,208
4,59,209
4,18,30
4484,4,209
4,51,210
4,27,211
4,7,212
4,35,213
4,59,214
4,63,215
4,55,216
4,51,217
4,27,218
4,31,219
4,31,220
4,63,221
4,15,222
4,43,223
4,23,224
4,27,225
4,43,226
4,59,227
4,3,228
4,63,229
4,59,230
4,63,231
4,3,232
4,27,233
4,83,234
4,3,235
4,19,236
4,3,237
4,71,238
4,59,239
4,7,240
4,7,241
4,31,242
4,31,243
4,15,244
4,39,245
4,63,246
4,51,247
4,27,248
4,30,30
3692,4,248
4,3,249
4,3,250
4,3,251
4,19,252
4,67,253
4,35,254
4,34,30
2964,4,255
4,31,50
1424,7,145
4,7,195
1560,7,46
3304,7,252
5168,7,255
