0,0,0
1,1,6
0,0,55
4,2,1
0,0,224
4,2,13
0,0,94
4,2,7
0,0,37
4,2,2
0,0,42
4,3,193
24,3,120
4,2,5
9,1,0
1,1,10
0,0,200
24,3,24
4,2,3
0,0,122
4,2,15
0,0,4
24,3,78
4,2,8
0,0,25
4,2,11
0,0,101
8,3,160
4,2,0
0,0,114
48,3,243
4,2,4
0,0,155
4,3,139
40,3,200
48,3,71
12,3,167
60,3,57
8,3,34
20,3,20
16,6,2
0,0,106
8,3,76
60,3,155
60,3,237
60,3,142
36,3,252
88,3,42
88,3,176
112,3,100
36,3,87
48,3,191
24,3,243
44,3,14
36,3,147
8,3,66
4,3,104
52,3,105
4,2,14
0,0,141
36,3,154
16,3,134
184,3,208
32,3,167
8,3,149
116,3,195
20,3,71
36,3,73
32,3,133
24,3,51
12,3,154
76,3,214
16,3,212
36,3,105
16,3,218
100,3,200
20,3,134
8,3,117
16,3,22
120,3,210
28,3,240
4,3,222
52,3,160
16,3,178
152,6,6
0,0,32
36,3,67
136,3,47
16,3,9
12,3,72
96,3,253
60,3,36
80,3,251
8,3,243
52,3,14
24,3,197
24,3,144
36,3,75
4,3,101
24,3,106
24,3,33
12,3,24
8,3,221
4,3,20
48,3,146
228,3,173
356,3,255
72,6,7
0,0,138
20,3,145
128,3,59
16,3,140
44,3,0
1,39,1
4,83,2
4,7,3
4,51,4
4,15,5
4,67,6
4,79,7
4,31,8
4,47,9
4,35,10
4,11,11
4,19,12
4,27,13
4,3,14
4,39,15
4,3,16
4,47,17
4,43,18
4,3,19
4,3,20
4,47,21
4,47,22
4,51,23
4,11,24
4,63,25
4,6,7
944,3,0
12,7,0
4,4,26
4,3,27
4,3,28
4,35,29
4,23,30
4,23,31
4,43,32
4,19,33
4,39,34
4,39,35
4,103,36
4,51,37
4,15,38
4,35,39
4,7,40
4,3,41
4,31,42
4,63,43
4,51,44
4,11,45
4,51,46
4,22,8
0,0,184
12,7,47
4,95,48
4,11,49
4,15,50
4,87,51
4,42,11
0,0,235
48,46,0
0,0,52
4,51,53
1363,3,8
8,6,0
4,88,54
4,51,55
4,15,56
4,31,57
4,59,58
4,3,59
4,47,60
4,79,61
4,31,62
4,27,63
4,99,64
4,39,65
4,55,66
4,51,67
4,51,68
4,67,69
4,11,70
4,15,71
4,19,72
4,3,73
4,59,74
4,7,75
4,66,2
2324,4,75
4,27,76
4,31,77
4,3,78
4,47,79
4,95,80
4,3,81
4,11,82
4,39,83
4,7,84
4,31,85
4,83,86
4,7,87
4,19,88
4,3,89
4,3,90
4,95,91
4,15,92
4,51,93
4,143,95
4,22,13
3080,4,95
4,19,96
4,35,97
4,63,98
4,39,99
4,47,100
4,35,101
4,43,102
4,35,103
4,31,104
4,3,105
4,39,106
4,35,107
4,34,15
0,0,217
40,38,0
4,44,108
4,155,109
4,3,110
4,27,111
4,27,112
4,47,113
4896,6,0
4,28,115
4,43,116
4,3,117
4,71,118
4,23,119
4,51,120
4,3,121
4,3,122
4,43,123
4,55,124
4,51,125
4,59,126
4,83,127
4,3,128
4,51,129
4,19,130
4,11,131
4,67,132
4,23,133
4,95,134
4,39,135
4,19,136
4,31,137
4,31,138
4,3,139
4,31,140
4,19,141
4,27,142
4,27,143
4,59,144
4,11,145
4,75,146
5996,6,0
4,52,148
4,3,149
4,7,150
4,3,151
4,31,152
4,31,153
4,3,154
4,31,155
4,15,156
4,3,157
4,98,10
0,0,163
48,43,158
4,55,159
4,15,160
4,71,161
4,11,162
4,3,163
4,55,164
4,7,165
4,55,166
4,75,167
4,39,168
4,35,169
4,35,170
4,39,171
4,67,172
4,35,173
4,47,174
4,14,3
6652,4,174
4,23,175
4,51,176
4,11,177
4,51,178
4,63,179
4,6,5
7380,3,0
12,7,0
4,68,180
4,107,181
4,59,182
4,43,183
4,107,184
4,31,185
4,66,6
1252,4,186
4,27,187
4,51,188
4,67,189
4,51,190
4,19,191
4,59,192
4,7,193
4,75,194
4,43,195
4,115,196
4,39,197
4,51,198
4,39,199
4,31,200
4,31,201
4,31,202
4,11,203
4,10,13
1820,4,203
4,19,204
4,67,205
4,91,206
4,15,207
4,31,208
4,79,209
4,35,210
4,22,11
1972,4,211
4,7,212
4,31,213
4,51,214
4,43,215
4,31,216
4,31,217
4,51,218
4,35,219
4,15,220
4,19,221
4,83,222
4,79,223
4,63,224
4,31,225
4,39,226
4,35,227
4,15,228
4,34,2
516,4,228
4,39,229
4,27,230
4,3,231
4,3,232
4,7,233
4,27,234
4,99,235
4,3,236
4,91,237
4,51,238
4,3,239
4,39,240
4,67,241
4,11,242
4,27,243
4,27,244
4,18,7
7692,4,244
4,11,245
4,11,246
4,55,247
4,50,9
4164,4,247
4,35,248
4,3,249
4,51,250
4,7,251
4,7,252
4,27,253
4,15,254
4,55,255
4,10,1
10239,72,1
4,35,2
4,27,3
4,27,4
4,47,5
4,99,6
4,78,6
5244,3,1
10308,3,1
8708,3,1
4,32,9
4,39,10
2584,6,1
8,3,1
4,8,11
4,35,12
4,79,13
4,91,14
4,51,15
4,3,16
4,35,17
4,47,18
4,18,3
1200,3,1
20,12,19
4,75,20
4,47,21
4,47,22
4,3,23
4,43,24
4,75,25
4,31,26
4,23,27
4,31,28
4,55,29
4,63,30
4,3,31
4,51,32
4,15,33
4,27,34
4,59,35
4,23,36
4,43,37
4,27,38
4,31,39
4,35,40
4,31,41
4,3,42
4,3,43
4,63,44
4,3,45
4,3,46
4,11,47
2060,3,203
8,6,1
4,28,48
4,47,49
4,43,50
4,23,51
4,23,52
4,59,53
4,71,54
4,75,55
4,3,56
4,55,57
4,59,58
4,83,59
4,51,60
4,35,61
4,15,62
4,7,63
4,19,64
4,3,65
4,7,66
4,47,67
4,79,68
4,59,69
4,75,70
4,55,71
4,39,72
4,71,73
4,59,74
4,55,75
4,79,76
4,75,77
4,63,78
4,35,79
4,23,80
4,3,81
4,35,82
4,3,83
4,91,84
4,23,85
4,3,86
4,35,87
4,59,88
4,3,89
4,51,90
4,22,13
84,4,90
4,3,91
4,39,92
4,59,93
4,31,94
4,35,95
4,51,96
4,27,97
4,87,98
4,35,99
4,43,100
4,55,101
4,87,102
4,31,103
4,27,104
4,27,105
4,67,106
4,63,107
4,59,108
4,3,109
4,19,110
4,51,111
4,23,112
4,59,113
4,55,114
4,15,115
4,23,116
4,3,117
4,19,118
4,7,119
4,43,120
4,43,121
4,55,122
4,83,123
4,3,124
4,7,125
4,31,126
4,3,127
4,139,128
4,3,129
4,39,130
4,15,131
4,31,132
4,19,133
4,91,134
4,23,135
4,19,136
4,23,137
4,3,138
4,15,139
4,3,140
4,83,141
4,3,142
4,27,143
4,67,144
4,47,145
4,35,146
4,39,147
4,3,148
4,79,149
4,43,150
4,139,151
4,3,152
4,19,153
4,31,154
4,15,155
4,51,156
4,19,157
4,3,158
4,3,159
4,31,160
4,39,161
4,51,162
4,27,163
4,47,164
4,11,165
4,43,166
4,103,167
4,43,168
4,79,169
4,7,170
4,39,171
4,7,172
4,34,8
6360,4,173
4,95,174
4,87,175
4,35,176
4,31,177
4,39,178
4,31,179
4,15,180
4,7,181
4,23,182
4,3,183
4,79,184
4,91,185
4,71,186
4,19,187
4,59,188
4,27,189
4,43,190
4,7,191
4,51,192
4,23,193
4,43,194
4,87,195
4,31,196
4,55,197
4,39,198
4,27,199
4,55,200
4,31,201
4,15,202
4,63,203
4,47,204
4,67,205
4,31,206
4,39,207
18884,6,1
10068,3,1
4,52,210
4,23,211
4,39,212
4,14,12
9688,3,1
20,15,1
4,36,213
4,3,214
4,3,215
4,31,216
4,11,217
4,111,218
4,3,219
4,35,220
4,15,221
4,63,222
4,67,223
4,27,224
4,27,225
4,23,226
4,47,227
4,35,228
4,35,229
4,35,230
4,19,231
4,43,232
4,3,233
4,10,10
2468,4,233
4,7,234
4,15,235
4,3,236
4,23,237
4,23,238
4,67,239
4,51,240
4,102,8
7144,4,240
4,3,241
4,23,242
4,3,243
4,35,244
4,3,245
4,35,246
4,27,247
4,71,248
4,35,249
4,19,250
4,27,251
4,59,252
4,51,253
4,91,254
4,42,10
6120,4,254
4,7,255
4,10,2
20299,11,2
10040,3,2
9,3,2
4,68,3
4,27,4
4,63,5
4,27,6
4,23,7
4,91,8
4,23,9
4,3,10
4,26,3
24,20,11
4,3,12
4,43,13
4,59,14
4,51,15
4,39,16
18040,6,2
4,44,18
4,3,19
4,7,20
4,31,21
4,207,22
4,23,23
4,63,24
4,7,25
4,55,26
4,67,27
4,31,28
2756,3,197
8,6,2
4,16,29
4,19,30
4,11,31
4,3,32
4,7,33
4,55,34
4,63,35
4,31,36
4,31,37
4,3,38
4,47,39
4,3,40
4,35,41
4,31,42
4,31,43
4,43,44
4,91,45
4,51,46
4,43,47
4,30,7
2896,3,2
36,31,2
4,4,48
4,23,49
4,31,50
4,103,51
4,63,52
4,3,53
4,83,54
4,59,55
4,3,56
4,3,57
4,55,58
4,35,59
4,51,60
4,3,61
4,31,62
4,55,63
4,55,64
4,11,65
4,79,66
4,63,67
4,43,68
4,43,69
4,11,70
4,35,71
4,15,72
4,39,73
4,27,74
4,79,75
4,15,76
4,23,77
4,67,78
4,27,79
4,75,80
4,71,81
4,11,82
4,43,83
4,38,6
24048,4,84
4,31,85
4,3,86
4,47,87
4,59,88
4,95,89
4,27,90
4,31,91
4,23,92
4,47,93
4,67,94
4,39,95
4,47,96
4,23,97
4,11,98
4,67,99
4,3,100
4,47,101
4,43,102
4,7,103
4,103,104
4,63,105
4,75,106
4,75,107
4,23,108
4,27,109
4,35,110
4,75,111
4,47,112
4,63,113
4,39,114
4,19,115
4,51,116
4,31,117
4,27,118
4,71,119
4,15,120
4,3,121
4,55,122
4,3,123
4,15,124
4,3,125
4,11,126
4,15,127
4,59,128
4,23,129
4,42,5
3804,4,129
4,39,130
4,26,10
8076,3,2
12,4,131
4,3,132
4,83,133
4,71,134
4,19,135
4,3,136
4,23,137
4,47,138
4,39,139
4,27,140
4,83,141
4,19,142
4,27,143
4,3,144
4,87,145
4,27,146
4,11,84
16,15,146
4,43,147
4,3,148
4,87,149
4,47,150
4,3,151
4,43,152
4,3,153
4,59,154
4,43,155
4,11,156
4,11,157
4,82,4
6844,3,2
10176,3,2
4,12,159
4,83,160
4,59,161
4,30,5
1476,4,161
4,43,162
4,23,163
4,3,164
4,11,165
4,67,166
4,59,167
4,3,168
4,55,169
4,3,170
4,3,171
4,22,6
5388,4,171
4,19,172
4,3,173
4,23,174
4,3,175
4,11,176
4,27,177
4,51,178
4,47,179
4,31,180
4,31,181
4,51,182
4,39,183
4,39,184
4,23,185
4,39,186
4,71,187
4,27,188
4,27,189
4,7,190
4,11,191
4,3,192
4,59,193
4,23,194
4,39,195
4,15,196
4,31,197
4,3,198
4,71,199
4,19,200
4,75,201
4,3,202
4,63,203
4,3,204
19652,3,218
8,6,2
4,16,205
4,43,206
4,7,207
4,31,208
4,103,209
4,39,210
4,3,211
4,39,212
4,63,213
4,99,214
4,87,215
4,23,216
4,19,217
4,63,218
4,3,219
4,23,220
4,67,221
4,7,222
4,3,223
4,3,224
4,75,225
4,15,226
4,58,12
2040,4,226
4,15,227
4,11,228
4,51,229
4,31,230
4,11,231
4,35,232
4,39,233
4,95,234
4,70,7
9496,3,2
12,4,235
4,91,236
4,83,237
4,3,238
4,31,239
4,59,240
4,27,241
4,59,242
4,47,243
4,67,244
4,67,245
4,23,246
4,39,247
4,47,248
4,95,249
4,59,250
4,51,251
4,63,252
4,19,253
4,7,254
4,46,0
5228,4,254
4,11,255
4,26,3
30471,4,1
23876,6,3
4,108,3
4,59,4
4,3,5
4,27,6
4,27,7
4,35,8
4,27,9
4,31,10
4,79,11
4,35,12
4,55,13
4,51,14
4,19,15
4,43,16
4,67,17
4,3,18
4,63,19
4,123,20
4,67,21
4,39,22
4,43,23
4,3,24
4,91,25
4,35,26
4,39,27
4,67,28
4,11,29
4,27,30
4,47,31
4,19,32
4,23,33
4,3,34
4,35,35
4,35,36
4,31,37
4,95,38
4,23,39
4,51,40
4,35,41
4,35,42
4,83,43
4,15,44
4,123,45
4,19,46
4,23,47
4,3,48
4,39,49
4,27,50
4,3,51
4,31,52
4,15,53
4,3,54
4,79,55
4,67,56
4,11,57
4,7,58
4,3,59
4,115,60
4,3,61
4,55,62
4,7,63
4,10,5
916,4,63
4,23,64
4,3,65
4,19,66
4,47,67
4,35,68
4,11,69
4,43,70
4,10,15
1696,4,70
4,59,71
4,139,72
4,43,73
4,3,74
4,51,75
4,7,76
4,27,77
4,7,78
4,43,79
4,15,80
4,3,81
4,6,7
34108,4,81
4,23,82
4,91,83
4,23,84
4,79,85
4,51,86
4,31,87
4,67,88
4,63,89
4,31,90
4,27,91
4,11,92
4,43,93
4,19,94
4,27,95
4,31,96
4,15,97
4,71,98
4,43,99
4,3,100
4,23,101
4,3,102
4,51,103
4,71,104
4,7,105
4,71,106
4,23,107
4,11,108
4,63,109
4,3,110
4,39,111
4,15,112
4,31,113
4,6,10
8828,3,3
12,7,3
4,44,114
4,63,115
4,3,116
4,27,117
4,26,7
3652,4,117
4,3,118
4,27,119
4,71,120
4,55,121
4,11,122
4,27,123
4,63,124
4,71,125
4,47,126
4,51,127
4,87,128
4,19,129
4,3,130
4,39,131
4,51,132
4,59,133
4,31,134
4,34,13
2232,4,134
4,7,135
4,39,136
4,31,137
4,27,138
4,39,139
4,15,140
4,34,7
1432,4,140
20,15,130
8,3,141
4,27,142
4,51,143
4,103,144
4,15,145
4,83,146
4,11,147
4,71,148
4,79,149
4,47,150
4,3,151
4,31,152
4,31,153
4,43,154
4,3,155
4,11,156
4,47,157
4,27,158
4,11,159
4,27,160
4,3,161
4,3,162
4,47,163
4,51,164
4,26,18
3836,4,164
4,11,165
4,35,166
4,11,167
4,10,13
9084,3,3
16,11,3
4,19,0
2772,4,167
4,95,168
4,15,169
4,3,170
4,3,171
4,91,172
4,51,173
4,38,9
7520,3,3
16,8,174
4,86,13
9956,3,3
44,36,175
4,3,176
4,3,177
4,15,178
4,3,179
4,3,180
4,7,181
4,31,182
4,11,183
4,19,184
4,74,15
3368,4,184
4,23,185
4,19,186
4,31,187
4,59,188
4,63,189
4,43,190
4,19,191
4,58,1
2420,4,191
4,55,192
4,42,17
2712,4,192
4,3,193
4,7,194
4,35,195
4,15,196
4,3,197
4,3,198
4,51,199
4,103,200
4,59,201
4,3,203
4,71,204
4,27,205
4,87,206
4,47,207
4,35,208
4,19,209
4,11,210
4,47,211
4,35,212
4,11,213
4,51,214
4,47,215
4,23,216
4,3,217
4,31,218
4,3,219
4,46,5
616,4,219
4,3,220
4,51,221
4,63,222
4,27,223
4,35,224
4,35,225
4,27,226
4,7,227
4,27,228
4,3,229
4,59,230
4,11,231
4,15,232
4,46,19
10048,3,3
12,4,233
4,19,234
4,3,235
4,23,236
4,23,237
4,51,238
4,7,239
4,59,240
4,3,241
4,11,242
4,43,243
4,47,244
4,35,245
4,43,246
4,7,247
4,3,248
4,59,249
4,3,250
4,59,251
4,59,252
4,23,253
4,43,254
11000,3,103
8,6,3
4,12,255
4,26,4
40087,19,4
4,52,1
4,11,2
4,3,3
4,39,4
4,139,5
4,55,6
4,35,7
4,27,8
4,3,9
4,87,10
4,59,11
4,27,12
4,7,13
4,11,14
4,59,15
4,6,12
7564,3,4
12,7,4
4,100,16
4,19,17
4,31,18
4,47,19
4,43,20
4,27,21
4,35,22
4,19,23
4,35,24
4,63,25
4,63,26
4,63,27
4,19,28
4,15,29
4,15,30
4,63,31
4,71,32
4,3,33
4,83,34
4,59,35
4,15,36
4,43,37
4,71,38
4,3,39
4,55,40
4,43,41
4,39,42
4,3,43
4,35,44
4,7,45
4,47,46
4,19,47
4,19,48
4,87,49
4,75,50
41843,3,94
8,6,4
4,56,51
4,31,52
4,35,53
4,71,54
4,35,55
4,3,56
3520,3,134
8,6,4
4,16,57
4,43,58
4,31,59
4,31,60
4,27,61
4,3,62
4,51,63
4,7,64
4,11,65
4,47,66
4,51,67
4,31,68
4,51,69
4,55,70
4,59,71
4,39,72
4,135,73
4,3,74
4,43,75
4,23,76
4,87,77
4,27,78
4,47,79
4,23,80
4,59,81
4,7,82
4,51,83
4,63,84
4,19,85
4,3,86
4,63,87
4,47,88
4,26,3
5460,3,4
32,24,89
4,27,90
4,59,91
4,71,92
4,63,93
4,3,94
4,15,95
4,3,96
4,31,97
4,27,98
4,31,99
4,19,100
4,51,101
4,7,102
4,51,103
4,63,104
4,35,105
4,51,106
4,75,107
4,31,108
4,3,109
4,23,110
4,3,111
4,19,112
4,55,113
4,47,114
4,3,115
4,11,116
4,3,117
4,31,118
4,7,119
4,19,120
4,3,121
4,3,122
4,55,123
4,51,124
4,43,125
4,14,7
8176,3,4
20,15,4
4,24,126
4,7,127
4,3,128
4,51,129
4,39,130
4,23,131
4,23,132
4,46,9
1112,4,132
4,19,133
4,35,134
4,71,135
4,23,136
4,35,137
4,43,138
4,75,139
4,27,140
4,11,141
4,7,142
4,35,143
4,47,144
4,55,145
8412,6,4
8,3,4
4,40,146
4,27,147
4,27,148
4,27,149
4,87,150
4,23,151
4,6,12
8432,3,4
12,7,4
4,24,152
4,55,153
4,15,154
46576,7,155
4,83,156
4,79,157
4,15,158
4,31,159
4,39,160
4,23,161
4,3,162
4,27,163
4,3,164
4,63,165
4,31,166
46960,6,4
4,56,168
4,23,169
4,31,170
4,27,171
4,59,172
4,67,173
4,3,174
4,95,175
4,55,176
4,23,177
4,3,178
4,75,179
4,7,180
4,43,181
4,47,182
4,71,183
4,10,1
3052,4,183
4,39,184
4,19,185
4,3,186
4,47,187
4,23,188
4,23,189
4,3,190
4,23,191
4,59,192
4,63,193
4,27,194
4,75,195
4,87,196
4,7,197
4,123,198
4,3,199
4,15,200
4,11,201
4,31,202
4,23,203
4,31,204
4,63,205
4,59,206
4,11,207
4,19,208
4,59,209
4,31,210
4,31,211
4,43,212
4,11,213
4,43,214
4,11,138
12,11,215
4,31,216
4,87,217
4,3,218
4,27,219
4,59,220
4,3,221
4,55,222
4,22,0
948,4,222
4,71,223
4,71,224
4,27,225
4,35,226
4,39,227
4,11,228
4,35,229
4,43,230
4,23,231
4,47,232
4,3,233
4,14,13
6352,4,233
4,55,234
4,47,235
4,31,236
4,71,237
4,27,238
4,23,239
4,23,240
4,15,241
4,15,242
4,63,243
4,63,244
4,15,245
4,75,246
4,91,247
4,23,248
4,3,249
4,43,250
4,59,251
4,19,252
4,23,253
4,63,254
4,27,255
4,54,5
50035,56,1
4,19,2
4,75,3
4,3,4
4,51,5
4,23,6
4,35,7
4,43,8
4,3,9
4,27,10
4,31,11
4,43,12
4,3,13
4,23,14
4,3,15
4,47,16
4,6,17
8868,3,5
12,7,5
4,36,17
4,43,18
4,63,19
4,3,20
4,43,21
4,35,22
4,51,23
4,95,24
4,47,25
4,31,26
4,19,27
4,83,28
4,7,29
4,31,30
4,3,31
4,3,32
4,15,33
4,38,8
6588,3,5
20,12,34
4,67,35
4,67,36
4,7,37
4,47,38
4,15,39
4,27,40
4,67,41
4,35,42
4,59,43
12284,3,54
8,6,5
4,52,44
4,23,45
4,43,46
4,63,47
4,39,48
4,11,49
4,23,50
4,39,51
4,3,52
4,19,53
4,27,54
4,23,55
4,15,56
4,23,57
4,71,58
4,27,59
4,7,60
4,55,61
4,51,62
4,3,63
4,3,64
4,47,65
4,15,66
4,71,67
4,55,68
4,35,69
4,35,70
4,27,71
4,27,72
4,95,73
4,22,9
7488,3,5
28,23,5
4,20,74
4,3,75
4,6,1
368,4,75
4,43,76
4,11,77
4,51,78
4,59,79
4,35,80
4,67,81
4,3,82
4,87,83
4,19,84
4,3,85
4,19,86
4,3,87
4,47,88
4,3,89
4,47,90
4,3,91
4,23,92
4,7,93
4,3,94
4,31,95
4,71,96
4,59,97
4,3,98
4,67,99
4,51,100
4,75,101
4,27,102
4,51,103
4,39,104
4,47,105
4,23,106
4,11,107
4,79,108
4,27,109
4,3,110
4,63,111
4,11,112
4,39,113
4,6,4
4860,3,5
12,7,7
4544,3,5
12,7,5
9488,3,5
4,48,115
4,3,116
4,19,117
4,23,118
4,19,119
4,3,120
4,31,121
4,91,122
4,62,11
3788,4,122
4,7,123
4,59,124
4,7,125
4,39,126
4,67,127
4,27,128
4,63,129
4,11,130
4,83,131
4,19,132
4,31,133
4,59,134
4,31,135
4,23,136
4,31,137
4,3,138
4,11,139
4,7,140
4,47,141
4,51,142
4,30,19
88,4,142
4,11,143
4,95,144
4,31,145
4,27,146
4,71,147
4,31,148
4,31,149
4,51,150
4,27,151
4,11,152
4,79,153
4,31,154
4,3,155
4,3,156
4,19,157
4,23,158
4,3,159
4,39,160
4,47,161
4,43,162
4,87,163
4,35,164
4,67,165
4,3,166
4,23,167
4,11,168
4,75,169
4,75,170
4,39,171
4,35,172
4,39,173
4,3,174
4,31,175
4,63,176
4,99,177
4,59,178
4,39,179
4,87,180
4,31,181
4,87,182
4,55,183
4,15,184
4,3,185
4,35,186
4,15,187
4,31,188
4,39,189
4,71,190
4,3,191
4,23,192
4,43,193
4,19,194
4,51,195
4,27,196
4,7,197
4,87,198
4,39,199
4,27,200
4,55,201
4,27,202
4,3,203
4,18,3
2732,4,203
4,39,204
4,83,205
4,3,206
4,3,207
4,3,208
4,3,209
4,67,210
4,47,211
4,59,212
4,23,213
4,19,214
4,47,215
4,27,216
4,35,217
4,15,218
4,43,219
4,23,220
4,23,221
4,23,222
4,107,223
4,35,224
4,75,225
4,15,226
4,75,227
4,63,228
4,47,229
4,18,13
7860,4,229
4,7,230
4,71,231
4,79,232
4,31,233
4,35,234
4,31,235
4,3,236
4,63,237
4,91,238
4,55,239
4,83,240
4,47,241
4,47,242
4,94,4
7452,4,242
4,7,243
4,7,244
4,43,245
4,31,246
4,51,247
4,91,248
4,59,249
4,59,250
4,31,251
4,55,252
4,51,253
4,19,254
4,59,255
4,50,6
59955,12,1
4,55,2
4,23,3
4,7,4
4,67,5
4,26,9
4168,3,6
32,27,6
4,4,6
4,51,7
4,3,8
4,47,9
4,3,10
4,23,11
4,67,12
4,91,13
4,31,14
4,3,15
4,31,16
4,35,17
4,75,18
4,3,19
4,79,20
4,3,21
4,3,22
4,19,23
4,51,24
4,7,25
4,11,26
4,23,27
4,15,28
4,83,29
4,39,30
4,7,31
4,15,32
4,51,33
4,54,11
9544,3,6
12,4,34
4,67,35
4,79,36
4,67,37
4,3,38
34432,6,6
4,40,40
4,39,41
4,19,42
4,11,43
4,23,44
4,59,45
4,47,46
4,31,47
4,31,48
4,3,49
4,11,50
4,19,51
4,7,52
4,3,53
4,35,54
4,11,55
4,95,56
4,39,57
4,87,58
4,26,17
62732,4,58
4,15,59
4,63,60
4,3,61
4,3,62
4,31,63
4,35,64
4,39,65
4,35,66
4,7,67
4,27,68
4,18,3
4552,3,6
24,19,6
4,48,69
4,67,70
4,63,71
4,35,72
4,3,73
4,43,74
4,35,75
4,35,76
4120,3,101
8,6,6
4,80,77
63452,6,6
4,24,79
4,75,80
4,3,81
4,47,82
4,63,83
4,87,84
4,67,85
4,35,86
4,51,87
4,11,88
4,103,89
4,3,90
4,19,91
4,63,92
4,43,93
4,59,94
4,11,95
4,7,96
4,55,97
4,67,98
4,15,99
4,15,100
4,59,101
4,35,102
4,27,103
4,71,104
30824,6,6
8,3,6
4,28,105
4,19,106
4,3,107
4,15,108
4,27,109
4,3,110
4,6,18
5816,3,6
12,7,6
4,36,111
4,79,112
4,91,113
4,59,114
4,39,115
4,11,116
4,31,117
4,39,118
4,11,119
4,31,120
4,103,121
4,63,122
4,19,123
4,67,124
4,39,125
4,30,7
7968,3,6
12,4,126
4,43,127
4,3,128
4,35,129
4,35,130
4,11,131
4,3,132
4,7,133
4,35,134
54664,6,6
4,79,18
92,4,135
4,43,136
4,3,137
4,7,138
4,55,139
4,71,140
4,3,141
4,39,142
4,3,143
4,11,144
4,3,145
4,3,146
4,55,147
4,3,148
4,59,149
4,71,150
4,39,151
4,3,152
4,43,153
4,3,154
4,39,155
4,143,156
4,23,157
4,3,158
4,19,159
4,35,160
4,27,161
4,27,162
4,39,163
4,47,164
4,23,165
4,71,166
4,27,167
4,3,168
4,11,169
4,22,17
396,4,170
4,67,171
4,67,172
4,3,173
4,27,174
4,35,175
4,74,21
7736,3,6
16,8,176
4,51,177
4,43,178
4,51,179
4,59,180
4,95,181
4,39,182
4,43,183
4,63,184
4,19,185
4,63,186
4,43,187
4,43,188
4,31,189
4,6,16
7996,3,6
12,7,6
4,24,190
4,79,191
4,15,192
4,23,193
4,31,194
4,27,195
4,35,196
4,47,197
4,23,198
4,63,199
4,3,200
4,23,201
4,23,202
4,35,203
4,3,204
4,59,205
4,23,206
4,27,207
4,23,208
4,3,209
4,19,210
4,43,211
4,91,212
4,22,13
1016,4,212
4,3,213
4,47,214
4,3,215
4,3,216
4,19,217
4,75,218
4,35,219
4,67,220
4,27,221
4,51,222
4,3,223
4,35,224
4,23,225
4,39,226
4,23,227
4,11,228
4,79,229
4,35,230
4,43,231
4,15,232
4,3,233
4,35,234
4,3,235
4,47,236
4,91,237
4,87,238
4,67,239
4,3,240
4,103,241
4,3,242
4,3,243
4,47,244
4,31,245
4,71,246
4,3,247
4,59,248
4,18,15
7208,4,248
4,59,249
4,3,250
4,6,20
8656,4,250
4,39,251
4,39,252
4,3,253
4,23,254
4,11,255
4,42,7
69543,20,1
4,27,2
4,47,3
4,31,4
4,51,5
4,31,6
4,79,7
4,23,8
4,11,9
4,67,10
4,55,11
4,63,12
4,59,13
4,135,14
4,27,15
4,91,16
4,31,17
4,31,18
4,27,19
4,79,20
4,43,21
4,3,22
4,27,23
4,39,24
4,71,25
4,51,26
4,95,27
4,59,28
4,11,29
4,43,30
4,83,31
4,23,32
4,30,5
2788,3,7
36,31,7
4,24,33
4,91,34
4,47,35
4,31,36
72108,6,7
4,8,38
4,47,39
4,35,40
4,43,41
4,3,42
4,27,43
4,67,44
4,67,45
4,15,46
4,63,47
4,23,48
4,63,49
4,3,50
4,83,51
4,55,52
4,43,53
4,31,54
4,87,55
4,87,56
4,7,57
4,19,58
4,59,59
4,79,60
4,3,61
4,31,62
4,22,4
4060,3,7
28,23,7
4,36,63
4,3,64
72087,3,200
8,6,7
4,48,65
4,6,17
7980,3,7
12,7,7
4,24,66
4,55,67
4,15,68
4,79,69
4,35,70
4,11,71
4,59,72
4,35,73
4,15,74
4,51,75
4,15,76
4,19,77
4,55,78
4,15,79
4,47,80
4,115,81
4,67,82
4,83,83
4,55,84
4,43,85
4,43,86
4,99,87
4,23,88
4,55,89
4,83,90
4,7,91
4,7,92
4,23,93
4,23,94
4,35,95
4,47,96
4,35,97
4,7,98
4,31,99
4,35,100
4,35,101
4,79,102
4,3,103
4,95,104
4,55,105
4,19,106
4,123,107
4,11,108
4,3,109
4,27,110
4,95,111
4,11,112
4,19,113
4,23,114
4,55,115
4,3,116
4,15,117
4,7,118
4,3,119
4,19,120
4,31,121
4,15,122
4,3,123
4,3,124
4,19,125
4,67,126
4,18,9
1556,4,126
4,27,127
4,30,12
5332,4,127
4,27,128
4,31,129
39300,6,7
4,52,131
4,27,132
4,75,133
4,43,134
4,31,135
4,55,136
4,7,137
75796,6,7
4,108,139
4,55,140
4,3,141
4,35,142
4,43,143
4,23,144
4,14,16
1868,4,144
4,15,145
4,35,146
4,79,147
4,15,148
4,43,149
4,31,150
4,3,151
4,39,152
4,91,153
4,99,155
4,51,156
4,63,157
4,51,158
4,55,159
4,39,160
4,11,161
4,27,162
4,55,163
4,63,164
4,43,165
4,3,166
4,22,1
5164,4,166
4,63,167
4,19,168
4,79,169
4,67,170
4,39,171
4,27,172
4,47,173
4,51,174
4,3,175
4,55,176
4,38,10
10120,3,7
32,24,177
4,59,178
4,35,179
4,39,180
4,107,181
4,27,182
4,19,183
4,7,184
4,71,185
4,67,186
4,47,187
4,11,188
4,3,189
4,3,190
4,27,191
4,10,1
9152,3,7
16,11,7
4,52,192
4,3,193
4,87,194
4,71,195
4,7,196
4,15,197
4,111,198
4,75,199
4,75,200
4,54,1
5616,4,200
4,31,201
4,3,202
4,47,203
4,3,204
4,19,205
4,31,206
4,35,207
4,7,208
4,19,209
4,23,210
4,55,211
4,15,212
4,23,213
4,31,214
4,3,215
4,47,216
4,3,217
4,3,218
4,143,219
4,35,220
4,71,221
4,71,222
4,23,223
4,87,224
4,79,225
4,51,226
4,67,227
4,3,228
4,3,229
4,59,230
4,35,231
4,35,232
4,23,233
4,51,234
4,71,235
4,51,236
4,31,237
4,35,238
4,3,239
4,39,240
4,111,241
4,83,242
4,27,243
4,82,17
5376,4,243
4,7,244
4,11,245
4,51,246
4,39,247
4,31,248
4,51,249
4,19,250
4,55,251
4,11,252
4,43,253
4,3,254
4,39,255
4,46,8
80543,40,1
19280,6,8
10984,3,8
4,56,3
4,19,4
4,3,5
4,7,6
4,63,7
4,3,8
4,7,9
4,11,10
63984,6,8
4,72,12
4,51,13
4,3,14
4,27,15
4,3,16
4,71,17
4,11,18
4,107,19
4,71,20
4,39,21
4,35,22
4,118,21
8080,3,8
16,8,23
4,15,24
4,27,25
4,39,26
4,51,27
4,3,28
4,3,29
4,3,30
4,83,31
4,27,32
4,19,33
4,35,34
4,19,35
4,39,36
4,35,37
4,67,38
72432,6,8
8,3,8
4,28,39
4,51,40
4,23,41
4,43,42
4,35,43
4,19,44
4,11,45
4,63,46
4,79,47
4,11,48
4,19,49
4,19,50
4,55,51
4,3,52
4,18,2
5776,3,8
24,16,53
4,55,54
4,71,55
4,39,56
4,15,57
4,7,58
4,35,59
4,87,60
4,51,61
4,63,62
4,15,63
4,111,64
4,11,65
4,27,66
4,59,67
4,59,68
4,79,69
4,39,70
4,39,71
4,23,72
4,23,73
4,79,74
4,27,75
4,95,76
4,35,77
4,91,78
4,27,79
4,91,80
4,27,81
4,47,82
4,47,83
4,47,84
4,35,85
4,3,86
4,55,87
4,15,88
4,3,89
4,67,90
4,35,91
4,15,92
4,27,93
4,31,94
4,31,95
4,31,96
4,47,97
4,31,98
4,3,99
4,99,100
4,55,101
4,27,102
4,87,103
4,7,104
4,7,105
4,18,16
4912,3,8
16,8,106
4,15,107
4,39,108
4,55,109
4,27,110
4,11,111
4,54,9
6224,3,8
56,48,112
4,51,113
4,39,114
4,3,115
4,43,116
4,43,117
4,3,118
4,43,119
4,3,120
4,7,121
4,15,122
4,7,123
4,31,124
4,31,125
4,71,126
4,15,127
4,55,128
4,27,129
4,3,130
4,59,131
4,62,16
2844,4,131
4,91,132
4,50,16
600,4,132
4,3,133
4,19,134
4,3,135
4,115,136
4,3,137
4,11,138
4,51,139
4,22,4
2564,4,139
4,51,140
4,3,141
4,23,142
4,47,143
4,19,144
4,43,145
4,47,146
4,19,147
4,43,148
4,19,149
4,59,150
4,3,151
4,3,152
4,75,153
87040,6,8
4,16,155
4,27,156
4,63,157
4,54,4
10232,3,8
44,36,158
4,3,159
87416,6,8
4,104,161
4,27,162
4,143,163
4,103,164
4,39,165
4,6,5
8416,3,8
12,7,8
4,32,166
4,7,167
4,22,13
5488,4,167
4,19,168
4,31,169
4,23,170
4,31,171
4,10,0
3792,4,171
4,47,172
4,11,173
4,43,174
4,11,175
4,3,176
4,39,177
4,58,6
7368,3,8
16,8,178
4,7,179
4,47,180
4,15,181
4,3,182
4,35,183
86460,6,8
4,24,185
4,27,186
4,47,187
4,27,188
4,3,189
4,79,190
4,27,191
4,31,192
4,31,193
4,23,194
4,75,195
4,6,16
4104,4,195
4,63,196
4,7,197
4,3,198
4,35,199
4,27,200
4,27,201
4,3,202
4,15,203
4,75,204
4,35,205
4,107,206
4,55,207
4,3,208
4,3,209
4,31,210
4,63,211
4,7,212
4,27,213
4,51,214
4,31,215
4,42,20
1716,4,215
4,27,216
4,27,217
4,51,218
4,87,219
4,18,4
3772,4,219
4,7,220
4,74,17
2752,4,220
4,19,221
4,14,12
516,4,221
4,3,222
4,31,223
4,87,224
4,19,225
4,91,226
4,27,227
4,3,228
4,42,14
172,4,228
4,3,229
4,55,230
4,3,231
4,31,232
4,15,233
4,51,234
4,47,235
4,51,236
17256,3,53
8,6,8
4,96,237
4,63,238
4,19,239
4,35,240
4,39,241
4,79,242
4,31,243
4,87,244
4,11,245
4,39,246
4,39,247
4,67,248
4,15,249
4,31,250
4,19,251
4,3,252
4,35,253
4,11,254
4,71,255
4,26,9
90579,39,9
4,12,1
4,27,2
4,3,3
4,7,4
4,75,5
4,23,6
4,31,7
4,43,8
4,67,9
4,43,10
4,31,11
4,63,12
4,51,13
4,67,14
4,47,15
4,19,16
4,15,17
4,23,18
4,34,16
2136,3,9
16,8,19
4,15,20
4,35,21
4,51,22
4,50,6
9348,3,9
44,36,23
4,11,24
4,43,25
4,3,26
4,15,27
4,35,28
4,31,29
4,3,30
4,43,31
4,3,32
4,19,33
4,27,34
4,43,35
4,7,36
4,3,37
4,67,38
4,19,39
4,31,40
4,23,41
4,3,42
4,50,5
8936,3,9
9968,3,9
9960,3,9
4,12,45
4,51,46
4,3,47
4,55,48
4,35,49
4,34,14
9696,3,9
20,12,50
4,19,51
4,43,52
4,3,53
4,47,54
4,35,55
4,15,56
4,3,57
4,51,58
4,27,59
4,19,60
4,51,61
4,23,62
4,35,63
4,27,64
4,19,65
4,103,66
4,3,67
4,7,68
4,63,69
4,38,15
6852,3,9
28,20,70
4,35,71
4,55,72
4,31,73
4,46,21
468,4,73
4,43,74
4,15,75
4,3,76
4,43,77
4,43,78
4,18,7
5212,3,9
24,19,9
4,20,79
4,18,22
4192,3,9
24,19,9
9584,3,9
4,96,81
18548,6,9
4,39,12
2556,4,82
4,91,83
4,3,84
4,18,11
2304,4,85
4,19,86
4,87,87
4,59,88
4,10,11
2232,4,88
4,31,89
4,58,24
4528,3,9
40,32,90
4,87,91
4,19,92
4,35,93
4,11,94
4,19,95
4,35,96
4,31,97
4,83,98
4,31,99
4,59,100
4,3,101
4,7,102
4,75,103
4,31,104
4,3,105
4,19,106
4,59,107
4,15,108
4,3,109
4,51,110
4,3,111
4,39,112
4,79,113
4,11,114
4,15,115
4,63,116
4,23,117
4,91,118
4,3,119
4,63,120
4,31,121
4,66,10
1520,4,121
4,23,122
4,39,123
4,14,12
5392,3,9
20,15,9
4,24,124
4,3,125
4,75,126
4,119,127
4,31,128
4,39,129
4,39,130
4,75,131
4,47,132
4,95,133
4,27,134
4,71,135
4,11,136
4,31,137
4,3,138
4,26,23
1340,4,138
4,27,139
4,67,140
4,71,141
4,155,142
4,19,143
4,14,23
1580,4,143
4,3,144
4,11,145
4,31,146
4,35,147
4,23,148
4,23,149
4,54,18
6616,3,9
32,24,150
4,11,151
86940,6,9
4,52,153
4,55,154
4,75,155
4,23,156
4,3,157
4,75,158
4,15,159
4,35,160
4,7,161
4,3,162
1796,3,218
8,6,9
4,23,0
5392,4,163
4,47,164
4,31,165
4,123,166
4,67,167
4,19,168
4,31,169
4,39,170
4,55,171
4,23,172
4,46,11
2884,4,172
4,7,173
4,19,174
4,51,175
4,19,176
4,23,177
4,3,178
4,19,179
4,31,180
4,79,181
4,31,182
4,51,183
4,11,184
4,15,185
4,23,186
4,27,187
4,35,188
4,3,189
4,31,190
4,3,191
4,71,192
4,47,193
4,15,194
4,67,195
4,51,196
4,27,197
4,3,198
4,51,199
4,23,200
4,6,24
3568,4,200
4,51,201
4,7,202
4,55,203
4,71,204
4,31,205
4,23,206
4,43,207
4,47,208
4,35,209
4,3,210
4,47,211
4,43,212
4,46,24
3888,4,212
4,11,213
4,31,214
4,38,2
7184,4,214
4,27,215
4,39,216
4,75,217
4,55,218
4,75,219
4,87,220
4,3,221
4,3,222
4,11,223
4,47,224
4,35,225
4,15,226
4,46,3
2856,4,226
4,27,227
4,15,228
4,19,229
4,3,230
4,47,231
4,50,22
6500,4,231
4,7,232
99183,3,185
8,6,9
4,40,233
4,11,234
4,3,235
4,3,236
4,19,237
4,31,238
4,3,239
4,47,240
4,7,241
4,18,11
1836,4,241
4,15,242
4,31,243
4,107,244
4,3,245
4,43,246
4,3,247
4,35,248
4,26,17
2656,4,248
4,31,249
4,27,250
4,14,19
4224,4,250
4,103,251
4,71,252
7512,3,77
8,6,9
4,60,253
4,39,254
4,3,255
100491,14,10
4,16,1
4,15,2
4,31,3
4,3,4
4,3,5
4,39,6
4,59,7
4,47,8
4,3,9
4,59,10
4,3,11
4,59,12
4,27,13
4,63,14
4,19,15
4,23,16
4,23,17
4,91,18
4,31,19
4,79,20
4,3,21
4,39,22
4,47,23
4,51,24
4,11,25
4,3,26
4,27,27
4,18,3
2028,3,10
24,19,10
4,40,28
4,3,29
4,91,30
4,18,4
4856,3,10
24,19,10
4,20,31
4,31,32
4,31,33
4,18,6
3844,3,10
24,19,10
40752,4,43
8,3,34
4,63,35
4,35,36
4,7,37
4,39,38
4,11,39
4,35,40
4,55,41
4,3,42
4,47,43
4,35,44
4,39,45
4,55,46
102768,6,10
4,60,48
4,35,49
4,3,50
4,3,51
4,11,52
4,47,53
4,43,54
4,3,55
4,15,56
4,11,57
4,75,58
4,35,59
4,15,60
4,31,61
4,55,62
4,39,63
4,39,64
4,47,65
4,87,66
4,47,67
4,30,2
6236,3,10
12,4,68
4,3,69
4,27,70
4,15,71
4,19,72
4,39,73
4,99,74
4,31,75
4,31,76
4,27,77
4,51,78
4,59,79
4,67,80
4,43,81
4,43,82
4,43,83
8480,6,10
4,48,85
4,35,86
4,3,87
4,51,88
4,3,89
4,43,90
4,27,91
4,23,92
4,27,93
4,91,94
4,27,95
4,35,96
4,55,97
4,23,98
4,51,99
4,43,100
4,71,101
4,18,16
2268,4,101
4,19,102
4,35,103
4,27,104
4,39,105
4,63,106
4,51,107
4,11,108
4,51,109
4,23,110
4,15,111
4,7,112
4,59,113
4,39,114
4,39,115
4,95,116
4,31,117
4,27,118
4,31,119
4,31,120
4,35,121
4,23,122
4,3,123
4,51,124
4,3,125
4,35,126
4,59,127
4,7,128
4,7,129
4,67,130
4,10,13
5116,3,10
16,11,10
4,4,131
4,19,132
4,42,15
3660,4,132
4,7,133
4,63,134
4,27,135
4,63,136
4,3,137
4,35,138
4,3,139
4,51,140
4,23,141
4,3,142
4,43,143
4,31,144
4,10,22
3032,4,144
4,18,4
6740,3,10
24,19,10
4,44,145
4,35,146
4,7,147
4,51,148
4,71,149
4,27,150
4,3,151
4,63,152
4,15,153
4,43,154
4,71,155
4,19,156
4,59,157
4,19,158
4,27,159
4,27,160
4,31,161
4,67,162
4,115,163
4,27,164
4,3,165
4,35,166
4,27,167
4,63,168
4,51,169
4,27,170
4,43,171
4,3,172
4,3,173
4,87,174
4,7,175
4,27,176
4,63,177
4,3,178
4,22,22
5000,4,178
4,35,179
4,3,180
4,43,181
4,67,182
4,63,183
4,23,184
4,39,185
4,31,186
4,30,3
7496,3,10
36,31,10
4,20,187
4,75,188
4,31,189
4,79,190
4,23,191
4,71,192
4,27,193
4,111,194
4,31,195
4,27,196
4,58,4
2292,4,196
4,19,197
4,63,198
4,63,199
4,54,24
332,4,199
109124,6,10
4,60,201
4,55,202
4,55,203
4,71,204
4,27,205
4,27,206
4,63,207
4,35,208
4,3,209
4,39,210
4,7,211
4,15,212
4,67,213
4,27,214
4,23,215
4,51,216
4,87,217
4,123,218
4,39,219
4,47,220
4,15,221
4,3,222
4,3,223
4,19,224
4,75,225
4,31,226
4,23,227
4,99,228
4,55,229
4,67,230
4,23,231
4,23,232
4,62,3
3100,4,232
4,39,233
4,39,234
4,99,235
4,66,24
3736,4,235
4,11,236
4,31,237
4,83,238
4,75,239
4,43,240
4,27,241
4,3,242
4,15,243
4,23,244
4,67,245
4,31,246
4,31,247
4,3,248
4,27,249
4,6,18
7988,4,249
4,83,250
4,19,251
4,75,252
4,35,253
4,43,254
4,31,255
4,22,11
110467,4,243
110823,22,11
4,4,1
4,47,2
4,95,3
4,23,4
4,51,5
4,67,6
4,19,7
4,19,8
4,27,9
4,27,10
4,3,11
4,71,12
4,79,13
4,47,14
4,27,15
4,11,16
4,63,17
4,55,18
4,55,19
4,27,147
8,7,20
4,67,21
4,51,22
4,19,23
4,7,24
4,55,25
4,35,26
4,3,27
4,11,28
4,39,29
4,19,30
4,27,31
4,14,25
2816,3,11
20,15,11
4,4,32
4,19,33
4,19,34
4,3,35
4,27,36
4,15,37
4,43,38
4,39,39
4,35,40
4,11,41
4,19,42
4,39,43
4,47,44
4,135,45
4,3,46
4,79,47
4,63,48
4,63,49
4,22,25
10212,3,11
20,12,50
4,35,51
4,35,52
4,23,53
4,6,5
276,4,53
4,43,54
4,47,55
4,95,56
4,39,57
17952,3,247
8,3,58
4,7,59
4,39,60
4,27,61
4,19,62
4,19,63
4,11,64
4,63,65
4,27,66
4,55,67
4,27,68
4,63,69
4,43,70
4,71,71
4,55,72
4,18,10
6088,3,11
24,19,11
4,20,73
4,19,74
4,3,75
4,55,76
4,47,77
4,51,78
4,55,79
4,31,80
4,55,81
4,23,82
4,10,27
3204,4,82
4,59,83
4,31,84
4,27,85
4,51,86
4,31,87
4,35,88
4,43,89
4,7,90
4,47,91
4,47,92
4,27,93
4,43,94
4,75,95
4,55,96
4,11,97
4,35,98
4,47,99
4,15,100
4,19,101
4,91,102
4,7,103
4,31,104
4,59,105
4,3,106
4,71,107
4,71,108
4,55,109
4,3,110
4,95,111
4,38,14
9616,3,11
44,39,11
4,12,112
4,59,113
4,23,114
4,27,115
4,23,116
4,3,117
4,87,118
4,3,119
4,35,120
4,3,121
4,55,122
4,3,123
4,51,124
4,75,125
4,83,126
4,55,127
4,35,128
4,46,18
8932,3,11
12,4,129
4,31,130
4,43,131
4,11,132
4,3,133
4,3,134
4,39,135
4,35,136
4,71,137
4,3,138
4,3,139
4,43,140
4,47,141
4,79,142
4,95,143
4,27,144
4,19,145
4,163,146
4,51,147
4,3,148
4,7,149
4,35,150
4,35,151
4,35,152
4,35,153
4,11,154
4,51,155
4,79,156
4,3,157
4,30,25
952,4,157
4,35,158
4,27,159
4,27,160
4,27,161
4,27,162
4,27,163
4,55,164
4,39,165
4,79,166
4,31,167
4,15,168
4,23,169
4,10,26
1044,4,169
4,63,170
4,75,171
4,19,172
4,47,173
4,3,174
4,71,175
4,3,176
4,35,177
4,15,178
4,10,0
1016,4,178
4,19,179
64948,6,11
1956,4,179
4,14,26
6904,4,179
4,7,180
4,10,27
4344,4,180
4,71,181
4,31,182
4,95,183
4,10,2
5060,4,183
4,39,184
4,35,185
4,3,186
4,3,187
4,15,188
4,35,189
4,23,190
4,19,191
4,83,192
4,11,193
4,111,194
4,31,195
4,47,196
4,39,197
4,79,198
4,63,199
4,19,200
4,95,201
4,14,7
6248,4,201
4,11,202
4,59,203
4,23,204
4,111,205
4,59,206
4,70,13
7052,4,206
4,35,207
4,67,208
4,38,18
6704,4,208
4,23,209
4,43,210
4,35,211
4,11,212
4,39,213
4,47,214
4,27,215
4,59,216
4,23,217
4,63,218
4,23,219
4,67,220
4,39,221
4,3,222
4,75,223
4,31,224
4,39,225
4,39,226
4,3,227
4,43,228
4,3,229
4,39,230
4,46,4
7324,4,230
4,23,231
4,55,232
4,151,233
4,23,234
4,19,235
4,55,236
4,23,237
4,51,238
4,35,239
4,15,240
4,34,17
9512,4,240
4,59,241
4,55,242
4,15,243
4,79,244
4,27,245
4,47,246
4,31,247
4,19,248
4,11,249
4,31,250
4,43,251
4,23,252
4,3,253
4,67,254
4,35,255
4,34,12
121507,8,1
4,11,2
4,3,3
4,63,4
4,14,17
5200,3,12
20,15,12
4,24,5
4,23,6
4,19,7
4,31,8
4,19,9
4,78,23
2900,3,12
10640,3,12
4,32,11
4,51,12
4,35,13
4,3,14
4,63,15
4,55,16
4,35,17
4,71,18
4,43,19
4,19,20
4,26,15
6128,3,12
20,12,21
4,43,22
4,7,23
4,3,24
4,35,25
4,59,26
4,51,27
4,23,28
4,26,14
1308,3,12
32,24,29
4,75,30
4,27,31
4,59,32
4,66,0
856,4,32
4,7,33
4,51,34
4,35,35
4,63,36
4,15,37
4,19,38
4,19,39
4,15,40
4,59,41
4,3,42
4,51,43
13460,3,202
8,6,12
4,28,44
4,30,4
3276,3,12
28,20,45
4,54,4
9952,3,12
12,4,46
4,59,47
4,27,48
4,3,49
4,58,27
8296,3,12
10700,3,12
4,64,51
4,23,52
4,47,53
4,35,54
4,11,55
4,47,56
4,15,57
4,43,58
4,3,59
4,15,60
4,59,61
4,27,62
4,11,63
4,43,64
4,3,65
4,43,66
4,55,67
4,51,68
4,19,69
4,71,70
4,91,71
4,27,72
4,39,73
4,19,74
4,3,75
31368,3,51
8,3,76
4,47,77
4,19,78
4,11,79
4,75,80
4,43,81
4,50,26
4320,3,12
32,24,82
4,79,83
4,27,84
4,23,85
4,43,86
4,27,87
4,3,88
4,39,89
4,35,90
4,30,7
6028,3,12
36,31,12
4,16,91
4,51,92
4,15,93
4,99,94
4,7,161
12,11,94
4,35,95
4,3,96
4,3,97
4,11,98
4,55,99
4,47,100
4,27,101
4,38,5
1072,3,12
36,28,102
4,19,103
4,55,104
4,39,105
4,3,106
4,34,19
2464,4,106
4,11,107
4,23,108
4,26,27
2728,3,21
4196,4,109
4,31,110
4,23,111
4,31,112
4,63,113
4,86,21
4832,3,12
12,4,114
4,59,115
4,27,116
4,35,117
4,59,118
4,23,119
4,27,120
4,63,121
4,51,122
4,31,123
4,59,124
4,51,125
4,71,126
4,43,127
4,63,128
4,35,129
4,87,130
4,14,16
10160,3,12
20,15,12
4,40,131
4,3,132
4,19,133
4,23,134
4,31,135
4,43,136
4,27,137
4,15,138
4,35,139
4,15,140
4,35,141
4,95,142
4,47,143
4,35,144
4,63,145
4,23,146
4,19,147
4,11,148
4,3,149
4,14,16
98708,4,149
4,63,150
4,35,151
4,51,152
4,39,153
4,79,154
4,7,155
4,75,156
4,43,157
4,35,158
4,11,159
4,87,160
4,31,161
4,47,162
4,3,163
4,23,164
4,19,165
4,43,166
4,11,167
4,55,168
4,51,169
4,23,170
4,119,171
4,3,172
4,59,173
4,59,174
4,55,175
4,7,176
4,27,177
4,55,178
4,51,179
4,51,180
4,27,181
4,35,182
4,83,183
4,67,184
4,51,185
4,14,9
784,4,185
4,47,186
4,19,187
4,23,188
4,11,189
4,14,25
8432,3,12
20,15,12
4,39,21
6488,4,189
4,3,190
4,3,191
4,51,192
4,47,193
4,35,194
4,51,195
4,51,196
4,31,197
4,31,198
4,15,199
4,91,200
4,30,1
6872,4,200
4,7,201
4,43,9
16,15,202
4,27,203
4,47,204
4,59,205
4,15,206
4,19,207
4,83,208
4,35,209
4,47,210
4,90,2
6296,4,210
4,11,211
4,35,212
4,27,213
83056,6,12
8,3,12
4,4,214
4,15,215
4,31,216
4,31,217
4,59,218
4,79,219
4,75,220
4,47,221
112324,6,12
4,28,223
4,51,224
4,35,225
4,15,226
4,67,227
4,55,228
4,11,229
4,59,230
4,31,231
4,35,232
4,7,233
4,39,234
4,15,235
4,27,236
4,27,237
4,67,238
4,43,239
4,31,240
4,15,241
4,23,242
4,55,243
4,11,244
4,47,245
4,87,246
4,47,247
4,87,248
4,39,249
4,35,250
4,35,251
4,3,252
4,127,253
4,10,13
3280,4,253
4,15,254
4,23,255
131971,6,13
4,32,1
4,63,2
4,35,3
4,11,4
4,63,5
4,139,6
4,27,7
4,19,8
4,95,9
4,3,10
4,3,11
4,63,12
4,3,13
4,87,14
4,19,15
4,35,16
4,67,17
129540,6,13
4,64,19
4,19,20
4,67,21
4,23,22
4,35,23
4,30,16
4232,3,13
36,31,13
4,28,24
4,7,25
4,3,26
4,111,27
4,31,28
4,47,29
4,35,30
4,51,31
4,11,32
4,59,33
4,39,34
4,11,35
4,103,36
4,50,2
9560,3,13
32,24,37
4,19,38
4,22,12
6164,3,13
28,23,13
4,36,39
4,47,40
4,54,21
1348,4,40
4,54,22
6868,3,13
24,16,41
4,15,42
4,31,43
4,71,44
4,15,45
4,71,46
4,27,47
4,19,48
4,27,49
4,83,50
4,46,27
10204,3,13
12,4,51
4,7,52
4,55,53
4,3,54
4,83,55
4,6,7
1540,4,55
4,23,56
4,11,57
4,15,58
4,23,59
4,23,60
4,27,61
4,79,62
4,43,63
4,27,64
4,19,65
4,119,66
4,51,67
4,15,68
4,39,69
4,79,70
4,51,71
75788,6,13
8,3,13
4,32,72
4,55,73
4,3,74
4,19,75
4,19,76
4,26,23
5192,3,13
10952,3,13
132868,4,177
12,10,13
4,48,78
4,71,79
4,19,80
4,6,19
9804,3,13
12,7,13
4,19,8
3472,4,80
4,43,81
4,31,82
4,79,83
4,3,84
4,23,85
4,3,86
4,31,87
4,30,15
2412,4,87
4,11,88
4,23,89
4,27,90
4,43,91
4,7,92
4,123,93
4,23,94
4,99,95
4,35,96
4,43,97
4,35,98
4,23,99
4,67,100
4,47,101
4,79,102
4,10,27
2344,4,103
4,71,104
4,87,105
4,31,106
4,15,107
4,3,108
4,31,109
4,7,110
4,3,111
4,19,112
4,23,113
4,63,114
4,43,115
4,27,116
4,31,117
4,27,118
4,23,119
4,63,120
4,39,121
4,35,122
4,43,123
4,3,124
4,26,20
1948,4,124
4,3,125
4,67,126
4,47,127
4,59,128
4,51,129
4,23,130
4,35,131
4,23,132
4,51,133
4,59,134
4,87,135
4,83,136
4,35,137
4,55,138
4,43,139
4,14,3
5084,4,139
4,27,140
4,55,141
4,50,27
5352,4,141
4,19,142
4,3,143
4,47,144
4,7,145
4,3,146
4,3,147
4,23,148
4,31,149
4,18,17
8816,3,13
24,19,13
4,44,150
4,3,151
4,67,152
4,35,153
4,19,154
4,50,3
10764,3,13
10860,3,13
4,15,1
70860,4,155
4,79,156
4,43,157
4,75,158
4,27,159
4,3,160
4,3,161
4,7,162
4,15,163
4,19,164
4,15,165
131188,6,13
4,116,167
4,47,168
4,51,169
4,31,170
4,31,171
4,3,172
4,35,173
4,27,174
4,35,175
4,59,176
4,75,177
4,39,178
4,67,179
4,7,180
4,19,181
4,35,182
4,59,183
4,82,1
10140,3,13
16,8,184
4,6,0
4780,4,184
4,67,185
4,11,186
4,127,187
4,19,188
4,75,189
4,15,190
4,59,191
4,19,192
4,3,193
4,67,194
4,55,195
4,59,196
4,39,197
4,99,198
4,19,199
4,7,200
4,123,201
4,3,202
4,3,203
4,3,204
4,43,205
4,14,29
5124,4,205
4,31,206
4,39,207
4,43,208
4,38,12
7608,4,208
4,3,209
4,15,210
4,7,211
4,3,212
4,3,213
4,15,214
4,3,215
4,18,2
1420,4,215
4,23,216
4,3,217
4,3,218
4,31,219
4,47,220
4,27,221
4,15,222
4,39,223
4,43,224
4,39,225
4,43,226
4,23,227
4,19,228
4,3,229
4,6,23
10352,3,13
12,7,13
4,20,230
4,75,231
4,15,232
4,7,233
4,23,234
4,75,235
4,31,236
4,67,237
4,42,23
2468,4,237
4,43,238
4,47,239
4,47,240
4,3,241
4,15,242
4,11,243
4,39,244
4,3,245
4,55,246
4,27,247
4,7,248
4,27,249
4,55,250
4,111,251
4,3,252
4,99,253
4,3,254
4,23,255
4,50,14
142439,32,1
4,55,2
4,23,3
4,119,4
4,38,22
2692,3,14
10404,3,14
4,27,25
3840,3,14
36,31,14
4,48,6
4,3,7
4,63,8
4,27,9
4,31,10
4,10,9
1496,3,14
12,4,11
4,23,12
4,83,13
4,39,14
4,19,15
4,59,16
4,3,17
4,19,18
4,71,19
4,3,20
4,59,21
4,27,22
4,26,13
3004,3,14
32,27,14
10396,3,14
10392,3,14
4,24,25
4,27,26
4,11,27
4,11,28
4,11,29
4,31,30
4,59,31
4,50,17
3584,3,14
12,4,32
4,50,7
5156,3,14
28,20,33
4,103,34
4,103,35
4,27,36
4,15,37
4,3,38
4,71,39
4,35,40
4,27,41
4,35,42
4,27,43
4,27,44
4,35,45
4,34,22
7532,3,14
10152,3,14
4,16,47
4,35,48
4,67,49
4,35,50
4,51,51
4,3,52
4,3,53
4,23,54
4,59,55
4,19,56
4,63,57
4,27,58
4,31,59
4,27,60
4,7,61
4,3,62
4,63,63
4,19,64
4,79,65
4,27,66
4,46,0
9124,3,14
44,36,67
4,35,68
4,11,69
4,39,70
4,47,71
4,35,72
4,47,73
4,31,74
4,15,75
4,19,76
4,31,77
4,27,78
4,63,79
4,31,80
4,39,81
4,39,82
4,11,83
4,35,84
4,55,85
4,71,86
4,35,87
4,23,88
4,58,13
5736,3,14
122424,4,246
40,27,89
4,27,90
4,10,26
9292,3,14
10056,3,14
4,20,92
4,22,12
60,4,92
4,43,93
4,15,94
4,39,95
4,75,96
4,39,97
4,47,98
4,3,99
4,3,100
4,15,101
4,3,102
4,63,103
4,31,104
4,95,105
4,27,106
4,62,28
1816,4,106
4,43,107
4,59,108
4,23,109
4,3,110
4,46,27
2096,4,110
4,11,111
4,15,112
4,23,113
4,31,114
4,51,115
4,51,116
4,59,117
4,55,118
4,35,119
4,55,120
4,3,121
4,23,122
4,3,123
4,35,124
4,30,6
6304,3,14
36,28,125
4,51,126
4,23,127
4,59,128
4,27,129
4,19,130
4,3,131
4,23,132
4,19,133
4,3,134
4,7,135
4,3,136
4,70,9
5880,3,14
24,16,137
4,3,138
4,47,139
4,39,140
4,31,141
4,99,142
4,19,143
4,15,144
4,19,145
4,7,146
4,55,147
4,35,148
4,11,149
4,19,150
4,47,151
4,3,152
4,23,153
4,15,154
4,18,27
4680,4,154
4,27,155
4,67,156
4,19,157
4,30,4
3788,4,157
4,7,158
4,35,159
4,35,160
4,6,5
7516,3,14
12,7,14
4,16,161
4,47,162
4,67,163
4,51,164
4,18,17
3224,4,164
4,3,165
4,19,166
4,23,167
4,63,168
4,43,169
4,39,170
4,22,15
9028,3,14
28,23,14
4,56,171
4,47,172
4,47,173
4,27,174
4,39,175
4,11,176
4,27,177
4,35,178
4,55,179
4,3,180
4,43,181
4,19,182
4,19,183
4,51,184
4,43,185
4,23,186
4,11,187
4,67,188
4,3,189
4,3,190
4,3,191
4,106,0
412,4,191
4,3,192
4,15,193
4,35,194
4,70,21
4996,4,194
4,51,195
4,55,196
4,91,197
4,15,198
4,27,199
4,23,200
96132,6,14
8,3,14
4,32,201
4,19,202
4,3,203
4,11,204
4,3,205
4,14,1
5000,4,205
4,39,206
4,43,207
4,23,208
4,74,7
5828,4,208
4,3,209
4,3,210
4,67,211
4,87,212
4,67,213
4,83,214
4,11,215
4,51,216
4,35,217
4,31,218
4,27,219
4,3,220
4,23,221
4,35,222
4,35,223
4,27,224
4,79,225
4,3,226
4,3,227
4,43,228
4,3,229
4,27,230
4,43,231
4,31,232
4,31,233
4,35,234
4,23,235
4,35,236
4,39,237
4,3,238
4,35,239
4,35,240
4,35,241
4,11,242
4,3,243
4,27,244
4,3,245
4,43,246
4,67,247
4,135,248
4,63,249
4,39,250
4,14,12
7596,4,250
4,7,251
4,35,252
4,51,253
4,63,254
4,47,255
4,70,15
152175,7,15
4,76,1
4,19,2
4,3,3
4,43,4
4,31,5
4,67,6
4,35,7
4,27,8
4,19,9
4,15,10
4,11,11
4,31,12
4,15,13
4,22,1
1528,3,15
28,23,15
4,16,14
4,51,15
4,31,16
4,3,17
4,43,18
4,3,19
4,3,20
4,18,1
149164,4,20
4,6,5
4760,3,15
36,19,15
4,12,21
4,11,22
4,95,23
4,51,24
4,19,25
4,23,26
4,23,27
4,19,28
4,67,29
4,7,30
4,19,31
4,63,32
4,46,29
8804,3,15
36,28,33
4,43,34
4,3,35
4,31,36
4,7,37
4,3,38
4,7,39
4,19,40
4,119,41
154416,6,15
4,48,43
4,59,44
4,35,45
4,27,46
4,19,47
4,27,48
4,55,49
4,19,50
4,15,51
4,3,52
4,31,53
4,27,54
4,47,55
4,22,16
4664,3,15
28,23,15
4,12,56
4,15,57
4,43,58
4,26,3
3976,3,15
32,27,15
4,4,59
4,107,60
4,111,61
4,31,62
4,103,63
4,55,64
4,22,8
4988,3,15
16,8,65
8060,3,227
8,6,15
4,40,66
4,14,10
6428,3,15
16,8,67
4,51,68
4,22,11
5524,3,15
12,8,140
40,26,15
4,12,69
4,23,70
4,7,71
4,51,72
4,55,73
4,35,74
4,51,75
4,23,76
54848,6,15
4,16,78
4,31,79
4,83,80
4,59,81
4,3,82
4,67,83
4,47,84
4,35,85
4,11,86
4,43,87
4,6,8
8012,3,15
12,7,15
4,56,88
4,3,89
4,3,90
4,6,4
16,4,90
4,27,91
4,123,92
7140,3,43
8,6,15
4,28,93
4,67,94
4,63,95
4,27,96
4,71,97
4,42,0
1952,4,97
4,19,98
4,55,99
4,19,100
4,63,101
4,15,102
4,26,0
32,31,15
4,16,103
4,7,104
4,19,105
4,35,106
4,39,107
4,7,108
4,31,109
4,31,110
4,23,111
4,38,26
6588,3,15
16,8,112
4,55,113
4,31,114
4,55,115
4,43,116
4,119,117
4,31,118
4,11,119
4,59,120
4,3,121
4,15,122
4,47,123
4,59,124
4,3,125
4,51,126
4,3,127
4,63,128
4,35,129
4,51,130
4,27,131
4,67,132
4,23,133
3380,7,133
4,27,134
4,46,14
5688,3,15
40,32,135
4,63,136
4,27,137
4,15,138
4,7,139
4,23,140
4,43,141
4,19,142
4,39,143
4,23,144
4,3,145
4,51,146
4,10,28
8744,3,15
16,11,15
4,36,147
4,31,148
4,43,149
4,3,150
4,87,151
4,43,152
4,59,153
4,59,154
4,55,155
4,79,156
4,51,157
4,43,158
4,19,159
4,58,23
5360,4,159
4,15,160
4,15,161
4,15,162
4,31,163
4,39,164
4,31,165
4,55,166
4,63,167
4,103,168
4,19,169
4,31,170
4,35,171
4,75,172
4,35,173
4,6,1
2868,4,173
4,43,174
4,22,29
2984,4,174
4,27,175
4,27,176
4,35,177
4,54,5
6788,4,178
4,11,179
4,31,180
4,6,20
7864,3,15
12,7,15
4,44,181
4,23,182
4,26,5
9572,3,15
32,27,15
4,8,183
40140,3,13
8,6,15
4,31,22
8496,3,15
20,12,184
4,15,185
4,74,23
8276,3,15
16,8,186
4,47,187
4,23,188
4,19,189
4,35,190
4,83,191
4,63,192
4,99,193
4,3,194
4,55,195
4,23,196
4,23,197
4,22,14
7456,4,197
4,43,198
4,11,199
4,47,200
4,23,201
4,51,202
4,31,203
4,51,204
4,6,1
4644,4,205
4,35,206
4,27,207
4,31,208
4,35,209
4,51,210
4,11,211
4,3,212
4,27,213
4,19,214
4,7,215
4,63,216
4,23,217
4,35,218
4,43,219
4,43,220
4,11,221
4,31,222
4,3,223
4,119,224
4,39,225
4,38,11
3960,4,225
4,11,226
4,31,227
4,35,228
4,43,229
4,7,230
4,75,231
4,83,232
4,63,233
4,19,234
4,47,235
4,51,236
4,3,237
4,51,238
4,15,239
4,3,240
4,3,241
4,23,242
4,3,243
4,63,244
4,7,245
4,91,246
4,3,247
4,3,248
4,46,25
1748,4,248
4,51,249
4,59,250
4,55,251
4,55,252
4,6,29
2092,4,252
4,47,253
4,39,254
4,31,255
4,26,16
162463,8,1
4,19,2
4,23,3
4,19,4
4,3,5
4,43,6
4,51,7
4,23,8
4,79,9
4,19,10
4,7,11
4,7,12
4,47,13
4,31,14
4,39,15
4,35,16
4,22,7
8684,3,16
16,8,17
4,19,18
4,51,19
4,35,20
4,51,21
4,71,22
4,15,23
4,71,24
4,39,25
4,35,26
4,19,27
4,82,26
2884,3,16
12,4,28
4,19,29
4,27,30
4,19,31
4,35,32
4,43,33
4,35,34
4,47,35
4,27,36
4,55,37
4,3,38
4,55,39
4,35,40
4,55,41
4,43,42
4,39,43
4,55,44
4,3,45
4,23,46
4,27,47
4,3,48
4,7,49
4,71,50
4,31,51
4,51,52
4,19,53
4,83,54
4,55,55
4,83,56
4,35,57
4,67,58
4,27,59
4,63,60
4,22,21
3128,3,16
12,4,61
4,3,62
4,3,63
4,23,64
4,3,65
4,3,66
4,35,67
4,46,29
9808,3,16
12,4,68
4,19,69
4,3,70
4,27,71
16,19,71
4,23,72
4,71,73
4,55,74
4,35,75
4,43,76
4,14,15
7360,3,16
20,15,16
348,4,77
4,27,78
4,55,79
4,27,80
4,27,81
4,11,82
4,35,83
4,35,84
4,71,85
4,23,86
4,59,87
4,94,31
952,4,87
4,3,88
4,11,89
4,23,90
4,70,9
1700,4,90
4,15,91
4,63,92
4,23,93
4,27,94
4,47,95
4,3,96
4,51,97
4,47,98
4,3,99
4,3,100
4,43,101
4,11,102
4,99,103
4,7,104
4,67,105
4,18,3
6360,3,16
9992,3,16
4,16,107
4,31,108
4,83,109
4,10,22
1572,4,110
4,51,111
4,11,112
4,11,113
4,23,114
4,31,115
4,46,20
8720,3,16
12,4,116
4,38,19
5716,3,16
9888,3,16
9880,3,16
9824,3,16
4,28,120
4,27,121
4,30,11
3848,4,122
4,55,123
4,27,124
4,35,125
4,67,126
4,27,127
4,59,128
4,19,129
4,3,130
4,47,131
4,55,132
4,3,133
4,11,134
4,3,135
4,39,136
4,35,137
4,66,18
5440,3,16
12,4,138
99768,6,16
8,3,16
4,32,139
4,31,140
4,19,141
4,63,142
4,63,143
4,95,144
4,15,145
4,11,146
4,43,147
4,3,148
4,35,149
4,31,150
4,63,151
4,10,30
6944,3,16
16,11,16
4,27,13
7076,3,16
32,24,152
4,7,153
4,75,154
4,14,18
9164,3,16
20,15,16
4,20,155
4,31,156
4,11,157
4,63,158
4,51,159
4,63,160
4,39,161
4,95,162
4,71,163
4,35,164
4,31,165
4,39,166
4,19,167
4,15,168
4,39,169
4,15,170
4,67,171
4,103,172
4,7,173
4,47,174
4,103,175
4,35,176
4,3,177
4,7,178
4,15,179
4,107,180
4,63,181
4,59,182
4,54,18
184,4,182
4,55,183
4,27,184
4,35,185
26036,6,16
8,3,16
4,32,186
4,11,187
4,3,188
4,87,189
4,23,190
4,55,191
4,95,192
4,23,193
4,3,194
4,47,195
4,67,196
4,39,197
4,19,198
4,79,199
4,31,200
4,51,201
4,3,202
4,27,203
4,67,204
4,7,205
4,31,206
4,51,207
4,91,208
4,47,209
4,83,210
66772,6,16
8,3,16
4,28,211
4,63,212
4,27,213
4,31,214
4,19,215
4,59,216
4,7,217
4,107,218
4,47,219
4,31,220
4,38,20
3448,4,220
4,3,221
4,63,222
4,7,223
4,3,224
4,23,225
4,98,30
3896,4,225
44144,6,16
4,60,227
4,23,228
4,63,229
4,7,230
4,59,231
4,11,232
4,3,233
4,3,234
4,27,235
4,15,236
4,47,237
4,23,238
4,39,239
4,59,240
4,27,241
4,19,242
4,55,243
4,55,244
4,55,245
4,63,246
4,35,247
4,39,248
4,71,249
4,3,250
4,35,251
4,3,252
4,3,253
4,43,254
4,59,255
4,30,17
172519,47,17
4,8,1
4,23,2
99376,6,17
10084,3,17
51108,4,4
4,51,5
4,35,6
4,75,7
4,39,8
4,15,9
4,23,10
4,3,11
4,63,12
4,18,15
5652,3,17
24,19,17
4,32,13
4,67,14
4,59,15
4,63,16
4,91,17
4,35,18
4,27,19
4,67,20
4,3,21
4,87,22
4,39,23
4,47,24
4,23,25
4,39,26
4,27,27
4,43,28
4,15,29
4,15,30
4,23,31
4,99,32
4,7,33
4,47,34
4,19,35
4,47,36
4,27,37
4,11,38
4,35,39
4,35,40
4,26,8
7772,3,17
32,27,17
4,4,41
4,35,42
4,87,43
4,71,44
4,23,45
4,27,46
4,47,47
4,35,48
4,3,49
4,35,50
4,63,51
4,39,52
4,31,53
4,75,54
4,11,55
4,31,56
4,95,57
4,19,58
4,59,59
4,15,60
4,39,61
4,15,62
4,3,63
4,71,64
4,31,65
4,3,66
4,23,67
4,3,68
4,23,69
4,3,70
4,31,71
4,139,72
4,3,73
4,31,74
4,103,75
4,27,76
4,18,6
5444,3,17
20,12,77
4,31,78
4,3,79
4,3,80
4,19,81
4,11,82
4,35,83
4,43,84
4,31,85
4,10,2
9080,3,17
16,11,17
4,56,86
4,19,87
4,3,88
4,23,89
4,11,90
4,75,91
4,7,92
4,139,93
4,39,94
4,11,95
4,35,96
4,3,97
4,66,3
7316,3,17
16,8,98
4,11,99
4,27,100
4,22,29
5164,3,17
51104,4,151
36,26,17
4,36,101
4,19,102
4,35,103
4,67,104
4,39,105
4,31,106
4,27,107
4,11,108
4,19,109
4,63,110
4,27,111
4,59,112
4,35,113
4,59,114
4,39,115
4,131,116
4,55,117
4,31,118
4,10,22
3236,4,118
4,3,119
4,15,120
28,3,171
8,6,17
4,31,19
4716,3,17
24,16,121
4,47,122
4,55,123
4,23,124
4,26,31
1732,4,124
4,59,125
4,63,126
4,55,127
4,23,128
4,35,129
4,47,130
4,27,131
4,27,132
4,27,133
4,34,31
2296,4,133
4,35,134
4,31,135
4,43,136
4,3,137
4,62,23
9724,3,17
28,20,138
4,15,139
4,43,140
4,59,141
4,3,142
4,35,143
4,79,144
4,3,145
4,10,11
3960,4,145
4,31,146
4,3,147
4,71,148
4,63,149
4,51,150
4,7,151
4,19,152
4,35,153
4,83,154
4,23,155
4,67,156
4,75,157
4,87,158
4,35,159
4,71,160
4,47,161
4,11,162
4,27,163
4,43,164
4,27,165
4,31,166
4,3,167
4,30,30
5916,4,168
4,30,16
8516,3,17
12,4,169
4,43,170
4,34,23
5840,4,170
4,35,171
4,87,172
4,15,173
4,43,174
4,15,175
4,47,176
4,39,177
4,31,178
4,7,179
4,75,180
4,11,181
4,79,182
4,71,183
4,19,184
4,3,185
4,79,186
4,87,187
4,30,2
1636,4,187
4,59,188
4,43,189
4,27,190
4,6,20
5880,4,190
4,27,191
4,35,192
4,63,193
4,42,24
10236,3,17
20,12,194
4,35,195
4,47,196
4,19,197
42428,6,17
4,24,199
4,11,200
4,79,201
4,43,202
4,11,203
4,3,204
4,3,205
4,91,206
4,35,207
4,55,208
4,15,209
4,119,210
4,3,211
4,39,212
4,27,213
4,51,214
4,43,215
4,71,216
4,23,217
4,3,218
4,3,219
4,59,220
4,47,221
4,10,25
4624,4,221
4,11,222
4,27,223
4,3,224
4,27,225
4,31,226
4,39,227
4,39,228
4,59,229
4,59,230
4,19,231
4,71,232
4,42,24
4896,4,232
4,3,233
4,59,234
4,38,12
3384,4,234
4,15,235
4,7,236
4,79,237
4,59,238
4,83,239
4,3,240
4,63,241
4,87,242
4,67,243
4,103,244
4,14,2
3580,4,244
4,50,7
6332,4,244
4,15,245
4,7,246
4,6,8
9420,3,26
6352,4,246
4,63,247
4,47,248
4,19,249
4,59,250
4,51,251
4,3,252
4,23,253
4,3,254
4,83,255
4,18,18
183179,4,1
4,87,2
4,31,3
4,43,4
4,27,5
4,55,6
4,31,7
4,35,8
4,3,9
4,63,10
4,75,11
4,51,12
24148,6,18
4,104,14
4,11,15
4,59,16
4,7,17
4,67,18
4,11,19
4,31,20
4,7,21
4,39,22
4,7,23
4,43,24
4,43,25
4,27,26
4,59,27
4,35,28
4,51,29
4,111,30
4,3,31
4,39,32
4,3,33
4,35,34
4,3,35
4,35,36
4,6,9
9376,3,18
12,7,18
4,12,37
4,23,38
4,19,39
4,31,40
4,15,41
4,39,42
4,31,43
4,27,44
4,119,45
65492,6,18
4,36,47
4,3,48
4,59,49
4,34,24
3616,3,18
10468,3,18
4,24,51
4,71,52
4,35,53
4,47,54
4,23,55
4,46,13
2376,3,18
52,47,18
4,20,56
4,75,57
4,47,58
4,111,59
4,59,60
4,35,61
4,83,62
4,15,63
4,7,64
4,63,65
4,63,66
4,31,67
4,47,68
4,35,69
4,35,70
4,39,71
4,7,72
4,43,73
4,7,74
4,151,75
4,15,76
4,11,77
4,71,78
4,31,79
4,23,80
4,31,81
4,31,82
4,27,83
4,23,84
4,7,85
4,35,86
4,15,87
4,27,88
4,35,89
4,27,90
4,3,91
4,14,7
260,4,92
4,3,93
4,39,94
4,79,95
4,3,96
4,3,97
63760,6,18
8,3,18
4,64,98
4,63,99
4,3,100
4,67,101
4,59,102
4,39,103
4,63,104
4,47,105
4,147,106
4,7,107
4,27,108
4,99,109
4,59,110
4,11,111
4,79,112
4,11,113
4,11,114
4,3,115
4,31,116
4,14,10
3432,4,116
4,15,117
4,39,118
4,35,119
4,3,120
4,47,121
4,19,122
4,3,123
4,19,124
4,31,125
4,19,126
4,75,127
4,27,128
4,39,129
4,67,130
4,11,131
4,3,132
123572,6,18
4,36,134
4,19,135
4,3,136
4,39,137
4,3,138
4,7,139
4,55,140
4,3,141
4,23,142
4,107,143
4,3,144
4,31,145
4,22,4
3704,4,145
4,31,146
4,3,147
4,3,148
4,39,149
4,11,150
4,31,151
4,71,152
4,3,153
4,51,154
4,62,24
280,4,154
4,50,25
5088,4,154
4,7,155
4,15,156
4,3,157
4,75,158
4,19,159
4,95,160
4,74,13
2708,4,160
4,23,161
4,38,11
8772,3,18
44,39,18
4,20,162
4,7,163
4,63,164
4,31,165
4,91,166
4,47,167
4,39,168
4,43,169
4,39,170
4,19,171
4,87,172
4,19,173
4,19,174
4,59,175
4,55,176
4,39,177
4,3,178
4,66,14
1724,4,178
20788,6,18
4,104,180
4,15,181
4,83,182
4,11,183
4,47,184
4,103,185
4,59,186
4,7,187
4,75,188
4,35,189
4,11,190
4,15,191
4,55,192
4,3,193
4,59,194
126092,6,18
10348,3,18
4,64,196
4,31,197
4,43,198
4,27,199
4,31,200
4,43,201
4,6,4
9744,3,18
12,7,18
4,12,202
4,39,203
4,3,204
4,83,205
4,7,206
4,27,207
4,51,208
4,7,209
4,3,210
4,23,211
4,31,212
4,15,213
4,39,214
2516,3,140
8,6,18
10212,3,18
4,24,216
4,59,217
4,59,218
4,11,219
4,51,220
4,39,221
128148,6,18
4,44,223
4,6,27
6848,4,223
4,35,224
4,27,225
4,7,226
4,23,227
4,39,228
4,7,229
4,3,230
4,79,231
4,31,232
4,87,233
4,31,234
4,19,235
4,3,236
4,35,237
4,7,238
4,87,239
4,27,240
4,3,241
4,3,242
4,15,243
4,11,244
4,35,245
50440,6,18
8,3,18
4,40,246
4,11,247
4,79,248
4,31,249
4,11,250
4,23,251
4,31,252
4,11,253
4,43,254
4,19,255
4,54,19
192931,7,19
4,48,1
4,19,2
4,18,13
7852,3,19
9692,3,19
4,36,4
4,47,5
4,7,6
4,7,7
4,50,13
316,3,19
44,36,8
4,3,9
4,71,10
4,63,11
4,11,12
4,35,13
4,19,14
4,54,8
7828,3,19
28,20,15
4,6,7
112,4,15
4,43,16
4,22,22
1108,3,19
12,4,17
4,19,132
16,15,18
56168,6,19
8,3,19
4,36,19
4,3,20
4,39,21
4,51,22
4,47,23
4,75,24
4,54,29
5460,3,19
36,28,25
4,31,26
4,7,27
4,35,28
4,7,29
4,19,30
4,54,24
5048,3,19
32,24,31
4,3,32
4,7,33
4,27,34
4,3,35
4,19,36
4,27,37
4,15,38
4,31,39
4,47,40
4,3,41
4,19,42
4,123,43
4,150,21
7480,3,19
16,8,44
4,75,45
4,11,46
4,51,47
4,15,48
4,19,49
4,95,50
4,3,51
4,3,52
4,75,53
4,7,54
4,31,55
4,3,56
4,27,57
4,55,58
4,55,59
4,35,60
4,27,61
4,18,7
8748,3,19
24,19,19
4,20,62
4,59,63
4,3,64
4,43,65
4,39,66
4,19,67
4,39,68
4,3,69
4,55,70
4,47,71
4,83,72
4,55,73
4,3,74
4,19,75
4,3,76
4,103,77
4,10,14
1928,4,78
4,87,79
4,43,80
4,3,81
4,7,82
4,47,83
4,27,84
4,43,85
4,23,86
4,19,87
4,35,88
4,39,89
4,79,90
4,7,91
4,51,92
4,22,4
6136,3,19
28,20,93
4,23,94
4,3,95
4,3,96
4,47,97
4,23,98
4,31,99
4,3,100
4,3,101
4,3,102
4,3,103
4,55,104
4,131,105
4,3,106
4,23,107
4,23,108
4,31,109
4,31,110
4,55,111
4,31,112
4,39,113
4,59,114
4,91,115
2596,3,90
8,3,116
4,3,117
4,3,118
4,10,18
6764,3,19
16,11,19
4,28,119
4,35,120
4,3,121
4,31,122
4,59,123
4,3,124
4,11,125
4,54,13
7516,3,19
9368,3,19
4,36,127
4,3,128
4,22,31
3516,4,128
4,7,129
4,3,130
4,59,131
4068,7,132
4,31,133
4,63,134
4,23,135
4,55,136
4,27,137
97912,6,19
4,40,139
4,27,140
4,123,141
4,19,142
15332,3,223
8,3,143
4,7,144
4,3,145
4,23,146
4,51,147
4,43,148
4,35,149
4,63,150
4,43,151
4,63,152
4,3,153
4,31,154
4,55,155
4,123,156
4,55,157
4,3,158
4,3,159
4,11,160
4,43,161
4,47,162
4,119,163
4,35,164
4,15,165
4,47,166
4,54,25
1440,4,166
4,47,167
4,34,29
2920,4,167
4,19,168
4,11,169
4,35,170
4,39,171
4,27,172
4,31,173
4,23,174
4,18,4
9172,3,19
16,8,175
4,43,176
4,47,177
4,11,178
4,27,179
4,71,180
4,63,181
4,91,182
4,39,183
4,19,184
4,95,185
4,3,186
4,35,187
4,3,188
4,19,189
4,59,190
4,7,191
4,23,192
4,34,13
3172,4,193
4,3,194
4,58,24
9048,3,19
28,20,195
4,39,196
4,19,197
4,43,198
4,47,199
4,3,200
4,3,201
4,23,202
4,43,203
4,31,204
4,3,205
4,27,206
4,55,207
4,3,208
4,135,209
4,31,210
4,55,211
4,31,212
4,31,213
4,66,27
6560,4,213
4,3,214
4,19,215
4,31,216
155940,6,19
8,3,19
4,16,217
4,18,12
3728,4,217
4,7,218
4,14,7
7400,4,218
4,63,219
4,3,220
4,11,221
4,55,222
4,63,223
4,22,22
7884,4,223
4,15,224
4,43,225
4,79,226
4,55,227
4,31,228
4,3,229
4,59,230
4,71,231
4,79,232
4,11,233
4,39,234
4,3,235
4,35,236
4,15,237
4,11,238
4,19,239
4,7,240
4,83,241
4,15,242
4,19,243
4,3,244
4,11,245
4,43,246
4,99,247
4,27,248
4,23,249
4,15,250
4,3,251
4,35,252
4,31,253
4,51,254
4,43,255
4,6,20
202407,28,254
16,11,1
4,15,2
4,3,3
4,55,4
4,43,5
4,51,6
4,35,7
4,18,25
22356,4,7
4,11,8
4,23,9
4,55,10
4,59,11
4,3,12
4,27,13
4,39,14
4,51,15
4,23,16
4,27,17
4,59,18
4,51,19
4,27,20
4,47,21
4,91,22
4,47,23
4,55,24
4,19,25
4,27,26
4,39,27
4,111,28
4,15,29
4,63,30
4,11,31
4,31,32
4,95,33
4,7,34
4,19,35
4,14,12
2276,3,20
20,15,20
4,48,36
4,59,37
4,15,38
4,31,39
4,39,40
4,35,41
4,3,42
4,43,43
4,3,44
4,3,45
4,27,46
4,43,47
4,43,48
4,19,49
4,31,50
4,83,51
4,23,52
4,3,53
4,35,54
4,22,16
8596,3,20
24,16,55
4,31,56
4,11,57
4,23,58
4,71,59
4,26,21
8384,3,20
32,27,20
4,4,60
4,63,61
4,3,62
4,51,63
4,87,64
4,23,65
4,19,66
4,31,67
4,39,68
4,91,69
4,7,70
4,67,71
4,15,72
4,14,17
4888,3,20
20,15,20
4,8,73
4,75,74
4,51,75
4,51,76
26204,3,251
8,6,20
4,20,77
4,27,78
4,43,79
4,31,80
4,75,81
4,3,82
4,47,83
4,59,84
4,38,29
1592,4,84
4,3,85
4,31,86
4,46,27
5984,3,20
32,27,4
8704,3,20
12,4,87
4,31,88
4,3,89
4,51,90
4,14,18
1396,4,90
4,43,91
4,31,92
4,27,93
4,3,94
4,3,95
4,55,96
4,35,97
4,43,98
4,18,13
1484,4,98
12,7,182
36,22,20
4,32,99
4,35,100
4,27,101
4,79,102
4,35,103
4,115,104
4,83,105
4,79,106
4,39,107
4,43,108
4,43,109
4,19,110
4,23,111
4,35,112
4,11,113
4,59,114
4,31,115
4,11,116
4,54,16
1984,4,116
4,47,117
4,11,118
4,91,119
4,19,120
4,3,121
4,23,122
4,19,123
4,3,124
4,23,125
4,91,101
24,23,126
4,67,127
4,18,31
1364,4,127
4,14,18
8096,3,20
20,12,128
4,107,129
4,19,130
4,19,131
4,71,132
4,7,133
4,11,134
4,67,135
4,67,136
4,7,137
4,31,138
4,3,139
4,66,17
8996,3,20
16,8,140
4,23,141
4,87,142
4,31,143
4,15,144
4,43,145
4,31,146
4,35,147
4,27,148
4,43,149
4,23,150
4,23,151
4,35,152
4,43,153
4,3,154
4,47,155
4,10,29
8324,3,20
16,11,20
4,40,156
4,3,157
4,46,25
4436,4,157
4,19,158
4,67,159
4,83,160
4,19,161
4,31,162
4,3,163
4,23,164
4,19,165
4,27,166
4,3,167
4,39,168
4,15,169
4,31,170
4,75,171
4,31,172
4,43,173
4,35,174
4,39,175
4,15,176
4,23,177
4,15,178
4,15,179
4,27,180
4,63,181
4,31,182
4,51,183
4,7,184
4,27,185
4,3,186
4,55,187
4,35,188
4,27,189
4,27,190
4,3,191
4,63,192
4,3,193
4,135,194
4,31,195
4,27,196
4,75,197
4,83,198
4,3,199
4,50,19
8564,3,20
32,24,200
4,27,201
4,27,202
4,31,203
4,79,204
4,3,205
4,31,206
4,31,207
4,107,208
4,19,209
4,63,210
4,51,211
4,51,212
4,23,213
4,43,214
4,51,215
4,35,216
4,35,217
4,11,218
4,27,219
4,19,220
4,3,221
4,15,222
4,7,223
4,63,224
4,3,225
4,19,226
4,3,227
4,51,228
4,23,229
4,23,230
4,23,231
4,39,232
4,35,233
4,83,234
4,47,235
4,31,236
4,3,237
4,55,238
4,35,239
4,107,240
4,55,241
4,7,242
4,79,243
4,43,244
4,51,245
52792,6,20
4,7,17
5716,4,246
4,19,247
4,87,248
4,107,249
4,51,250
4,23,251
4,19,252
4,15,253
4,27,254
4,39,255
4,38,21
212587,51,21
4,28,1
4,31,2
4,3,3
4,27,4
4,3,5
4,19,6
4,11,7
4,39,8
4,3,9
4,39,10
4,39,11
4,115,12
4,43,13
4,34,23
612,3,21
20,12,14
4,11,15
4,79,16
4,7,17
4,75,18
4,19,19
4,67,20
4,3,21
4,31,22
4,31,23
4,15,24
4,3,25
4,23,26
4,10,24
9928,3,21
16,11,21
4,16,27
4,3,28
4,15,29
4,55,30
4,51,31
4,63,32
4,3,33
4,55,34
4,35,35
4,39,36
4,39,37
4,19,38
4,3,39
4,43,40
4,75,41
4,47,42
4,35,43
4,11,44
4,55,45
4,23,46
4,27,47
4,31,48
4,14,13
7288,3,21
20,15,21
4,24,49
4,11,50
4,71,51
4,67,52
4,30,28
5368,3,21
12,4,53
4,79,54
4,3,55
4,3,56
4,31,57
4,31,58
4,31,59
4,3,60
4,27,61
4,39,62
4,63,63
4,19,64
4,75,65
4,23,66
4,19,67
4,39,68
4,27,69
4,15,70
4,79,71
4,71,72
4,23,73
4,55,74
4,19,75
4,47,76
4,19,77
4,3,78
4,75,79
4,59,80
4,14,20
8996,3,21
20,12,81
4,55,82
4,55,83
4,47,84
4,75,85
4,31,86
4,63,87
4,15,88
4,43,89
18740,6,21
4,56,91
4,127,92
4,31,93
4,63,94
4,55,95
4,91,96
4,43,97
4,18,5
908,4,97
4,23,98
4,31,99
4,39,100
4,7,101
4,47,102
4,55,103
4,3,104
4,75,105
4,19,106
4,71,107
4,35,108
4,10,17
3692,4,108
4,7,109
4,39,110
4,39,111
4,59,112
4,31,113
4,58,7
2944,4,114
4,26,11
1444,4,114
4,39,115
4,63,116
4,35,117
4,71,118
4,7,119
4,75,120
4,35,121
4,47,122
4,83,123
4,3,124
4,31,125
4,23,126
4,51,127
4,15,128
4,3,129
4,3,130
4,58,23
7916,3,21
24,16,131
4,59,132
4,51,133
4,3,134
4,11,135
4,3,136
4,31,137
4,35,138
4,27,139
4,19,140
4,26,5
7948,3,21
12,4,141
4,27,142
4,14,6
6428,3,21
16,8,143
4,31,144
4,7,145
4,35,146
4,3,147
4,23,148
4,3,149
4,51,150
4,31,151
4,46,22
1264,4,151
4,15,152
4,79,153
4,63,154
4,83,155
4,3,156
4,39,157
4,51,158
4,27,159
4,30,14
2656,4,159
4,3,160
4,55,161
4,67,162
4,51,163
4,11,164
4,43,165
4,47,166
4,23,167
4,63,168
4,67,169
4,27,170
4,103,171
4,31,172
4,3,173
4,51,174
4,47,175
4,31,176
4,35,177
4,27,178
4,3,179
4,39,180
4,159,181
4,7,182
4,31,183
4,27,184
4,23,185
4,67,186
50312,6,21
8,3,21
4,36,187
4,35,188
4,27,189
4,79,190
4,51,191
4,6,15
5316,4,191
4,31,192
4,51,193
4,34,31
6488,4,193
4,3,194
4,3,195
4,46,10
9420,3,21
52,47,21
4,8,196
4,3,197
4,35,198
4,43,199
4,27,200
4,31,201
4,79,202
4,75,203
4,19,204
4,67,205
4,31,206
4,39,207
4,15,208
4,35,209
4,87,210
4,51,211
4,23,212
4,23,213
4,35,214
4,51,215
4,23,216
4,35,217
4,23,218
4,31,219
4,18,10
1932,4,219
4,63,220
4,39,221
4,55,222
4,35,223
4,3,224
4,71,225
4,87,226
4,7,227
4,23,228
4,27,229
4,15,230
4,95,231
4,70,18
5736,4,231
4,31,232
4,39,233
4,39,234
4,35,235
4,75,236
4,71,237
4,39,238
4,95,239
4,19,240
4,15,241
4,22,25
4312,4,242
4,59,243
4,31,244
4,3,245
4,19,246
4,3,247
4,30,9
1400,4,247
4,3,248
4,19,249
4,27,250
4,15,251
4,59,252
4,3,253
4,31,254
4,31,255
4,50,22
222867,36,1
4,23,2
4,47,3
4,23,4
4,71,5
4,31,6
4,55,7
4,35,8
4,7,9
4,47,10
4,3,11
4,10,26
56896,4,11
4,7,12
4,35,13
4,23,14
4,39,15
4,39,16
4,67,17
4,27,18
4,67,19
4,7,20
4,39,21
4,31,22
4,3,23
4,98,26
2952,3,22
10384,3,22
10364,3,22
4,8,26
4,35,27
4,10,8
1760,3,22
16,11,22
4,4,28
4,11,29
4,39,30
4,63,31
4,51,32
4,63,33
4,15,34
4,51,35
4,26,16
1752,3,22
32,27,22
4,8,36
4,111,37
4,43,38
4,39,39
4,3,40
4,3,41
4,75,42
4,79,43
4,19,44
4,79,45
4,31,46
4,59,47
4,15,48
4,79,49
4,11,50
4,3,51
4,99,52
135612,6,22
4,72,54
4,23,55
4,63,56
4,11,57
4,35,58
4,59,59
4,11,60
4,11,61
4,79,62
4,23,63
4,70,11
4044,3,22
12,4,64
4,15,65
4,19,66
4,3,67
4,7,68
4,43,69
4,75,70
4,55,71
4,47,72
4,7,73
4,59,74
4,35,75
4,75,76
4,59,77
4,11,78
4,75,79
4,91,80
4,10,26
6396,3,22
16,11,22
10644,3,22
4,8,82
7848,6,22
4,12,84
4,31,85
4,35,86
4,3,87
4,55,88
4,39,89
4,31,90
4,22,21
4260,3,22
28,23,22
4,36,91
4,23,92
4,27,93
4,10,16
6712,3,22
16,8,94
4,87,95
4,43,96
4,31,97
4,51,98
4,115,99
4,31,100
4,67,101
4,71,102
4,39,103
4,31,104
4,51,105
4,111,106
4,15,107
4,27,108
4,39,109
4,63,110
4,31,111
4,63,112
4,43,113
4,55,114
4,75,115
4,47,116
4,55,117
4,27,118
4,51,119
4,42,11
472,4,119
4,35,120
4,11,121
4,19,122
4,75,123
4,3,124
4,15,125
4,31,126
4,31,127
4,3,128
4,3,129
4,47,130
4,79,131
4,3,132
4,27,133
4,3,134
4,3,135
4,27,136
4,59,137
4,15,138
4,51,139
4,43,140
4,63,141
4,23,142
4,35,143
4,75,144
4,3,145
4,3,146
4,47,147
4,51,148
4,19,149
4,43,150
4,3,151
4,15,152
4,31,153
4,63,154
4,11,155
4,43,156
4,47,157
4,3,158
4,63,159
4,3,160
4,59,161
4,59,162
4,23,163
4,39,164
4,79,165
4,59,166
4,35,167
4,19,168
4,27,169
4,63,170
4,27,171
4,46,31
4048,4,171
4,11,172
4,59,173
4,79,174
4,35,175
4,19,176
4,23,177
4,19,178
4,3,179
4,3,180
4,31,181
4,15,182
4,35,183
4,74,7
6384,4,183
156136,6,22
20,4,184
4,3,185
4,35,186
4,79,187
4,63,188
4,27,189
4,23,190
4,27,191
4,59,192
4,3,193
4,15,194
4,63,195
4,55,196
4,43,197
4,7,198
4,6,14
9520,3,22
12,7,22
4,44,199
4,23,200
4,50,19
2680,4,200
4,71,201
4,7,9
12,11,201
4,31,202
4,35,203
4,38,28
4808,4,203
4,15,204
4,3,205
4,7,206
4,35,207
4,23,208
4,51,209
138260,6,22
4,23,16
460,4,211
4,39,212
4,23,213
4,23,214
4,39,215
4,35,216
4,19,217
4,31,218
4,7,219
4,11,93
16,15,219
4,11,220
4,31,221
4,11,222
4,19,223
4,23,224
4,3,225
4,63,226
4,27,227
4,35,228
4,7,229
4,43,230
26440,3,39
8,6,22
4,24,232
4,11,233
4,26,12
4416,4,233
4,3,234
4,3,235
4,19,236
85048,6,22
142552,4,236
4,59,237
4,35,238
4,23,239
4,27,240
4,59,241
4,39,242
4,35,243
4,3,244
4,15,245
4,31,246
4,63,247
4,83,248
4,19,249
4,31,250
4,59,251
4,3,252
4,59,253
4,63,254
4,43,255
4,6,14
1612,4,255
4,30,23
122232,4,1
4,19,2
4,3,3
4,7,4
4,15,5
4,3,6
4,23,7
4,63,8
4,47,9
4,39,10
4,51,11
4,11,12
4,7,13
4,15,14
4,75,15
4,31,16
4,15,17
4,22,24
8424,3,23
28,23,23
4,16,18
4,39,19
4,31,20
4,103,21
4,47,22
4,39,23
4,27,24
4,63,25
4,43,26
4,71,27
4,27,28
4,51,29
4,26,10
5256,3,23
16,8,30
4,27,31
4,47,32
4,51,33
4,55,34
4,35,35
4,3,36
4,59,37
4,15,38
4,7,39
4,87,40
4,11,41
4,3,42
4,23,43
4,51,44
4,47,45
4,55,46
4,14,18
8820,3,23
20,15,23
4,48,47
4,51,48
4,71,49
4,11,50
4,75,51
4,63,52
4,71,53
4,55,54
4,38,14
2176,4,55
4,19,56
4,43,57
4,42,13
4584,3,23
12,4,58
4,27,59
4,35,60
4,75,61
4,35,62
4,3,63
4,47,64
4,7,65
4,27,66
4,75,67
4,11,68
4,63,69
110400,6,23
1056,4,69
4,31,70
4,7,71
4,3,72
4,47,73
4,35,74
4,55,75
4,18,25
2788,4,75
4,7,76
4,47,77
4,23,78
4,79,79
4,10,27
784,4,80
4,3,81
4,3,82
4,54,9
3256,3,23
28,20,83
4,27,84
4,59,85
4,47,86
4,22,31
6008,3,23
28,23,23
4,4,87
4,83,88
4,31,89
111800,6,23
8,3,23
4,32,90
4,3,91
4,67,92
4,43,93
4,59,94
4,3,95
4,3,96
4,35,97
4,59,98
4,3,99
4,47,100
4,47,101
4,7,102
4,11,103
4,19,104
4,11,105
4,63,106
4,27,107
4,23,108
4,79,109
4,55,110
4,7,111
4,67,112
4,95,113
4,27,114
4,46,24
7648,3,23
9484,3,23
4,120,116
4,47,117
4,35,118
4,27,119
4,31,120
4,83,121
4,19,122
4,39,123
4,95,124
4,51,125
4,35,126
4,14,14
3556,4,126
4,14,28
3252,4,126
4,3,127
4,11,128
4,43,129
4,27,130
4,51,131
4,75,132
4,43,133
4,3,134
4,35,135
4,27,136
4,23,137
4,47,138
4,51,139
4,3,140
4,35,141
4,19,142
4,130,13
384,4,142
4,3,143
4,67,144
4,35,145
4,6,10
6920,3,23
12,7,23
4,24,146
4,35,147
4,3,148
4,23,149
4,35,150
4,91,151
4,23,152
4,35,153
4,55,154
4,39,155
4,3,156
4,31,157
4,67,158
4,55,159
4,31,160
4,47,161
4,39,162
4,6,28
7452,3,23
12,7,23
4,32,163
4,71,164
4,7,165
4,35,166
4,27,167
4,3,168
4,31,169
4,19,170
4,15,171
4,3,172
4,39,173
4,31,174
4,19,175
4,79,176
4,75,177
4,42,9
8012,3,23
20,12,178
4,71,179
4,11,180
4,83,181
4,31,182
4,51,183
4,35,184
4,35,185
4,19,186
4,3,187
4,3,188
4,47,189
4,95,190
4,43,191
4,43,192
4,59,193
4,15,194
4,91,195
4,3,196
4,99,197
4,59,198
4,31,199
4,35,200
4,59,201
4,11,202
4,39,203
4,55,204
4,35,205
4,39,206
4,19,207
4,127,208
4,39,209
4,31,210
4,35,211
4,39,212
4,31,213
4,126,12
10036,3,23
16,8,214
4,75,215
4,47,216
4,3,217
4,79,218
4,47,219
4,27,220
4,103,221
4,111,222
4,7,223
4,31,224
4,27,225
4,59,226
4,55,227
4,27,228
4,19,229
4,47,230
4,47,231
4,71,232
4,75,233
4,19,234
4,35,235
4,91,236
4,75,237
4,7,238
4,19,239
4,47,240
4,47,241
4,31,242
132460,6,23
4,36,244
4,22,22
3452,4,244
4,19,245
4,83,246
4,31,247
4,55,248
4,3,249
4,39,250
4,63,251
4,27,252
4,19,253
4,23,254
4,71,255
4,10,24
146887,4,1
4,23,2
4,107,3
4,31,4
4,11,5
4,35,6
4,27,7
4,67,8
4,91,9
4,55,10
4,119,11
4,111,12
4,22,26
8792,3,24
28,23,24
4,8,13
4,35,14
4,31,15
4,31,16
4,47,17
4,51,18
4,35,19
4,39,20
4,15,21
4,11,22
4,111,23
4,115,24
4,27,25
4,7,26
4,15,27
4,135,28
4,43,29
4,11,30
4,79,31
4,95,32
4,35,33
4,43,34
4,39,35
4,87,36
4,11,37
4,34,9
6400,3,24
11312,3,24
4,24,39
4,67,40
4,47,41
4,51,42
4,75,43
4,10,17
2936,3,24
16,11,24
4,12,44
4,15,45
4,31,46
4,23,47
4,67,48
4,83,49
4,3,50
4,31,51
4,15,212
20,19,51
4,50,26
1112,4,51
4,19,52
4,18,16
6952,3,24
24,19,24
11268,3,24
4,36,54
4,55,55
4,59,56
4,27,57
4,35,58
4,87,59
4,31,60
4,43,61
4,19,62
4,3,63
4,55,64
4,19,65
4,27,66
4,58,27
10312,3,24
64,56,67
4,14,19
5400,3,24
20,15,24
4,4,68
4,43,69
4,67,70
4,35,71
4,59,72
4,3,73
4,30,11
4784,3,24
12,4,74
4,31,75
4,7,76
4,11,77
4,27,78
4,35,79
4,3,80
4,35,81
4,47,82
4,19,83
4,11,84
4,39,85
4,63,86
4,59,87
4,35,88
4,15,89
4,67,90
4,31,91
4,63,92
4,39,93
4,19,94
4,51,95
4,75,96
4,3,97
4,18,28
1572,4,97
4,47,98
4,51,99
4,31,100
4,31,101
4,39,102
4,47,103
4,31,104
4,79,105
4,27,106
4,63,107
4,79,108
4,35,109
4,3,110
4,19,111
4,134,22
11172,3,24
16,8,112
4,47,113
4,31,114
4,71,115
4,71,116
4,11,117
4,55,118
4,47,119
4,23,120
4,59,121
4,75,122
4,19,123
4,34,18
9132,3,24
12,4,124
4,3,125
4,63,126
4,31,127
4,39,128
4,3,129
4,15,130
4,87,131
4,35,132
4,87,133
4,39,134
4,27,135
4,11,136
4,23,137
4,39,138
4,67,139
4,11,140
4,31,141
4,47,142
38684,6,24
8,3,24
4,24,143
4,3,144
4,27,145
4,27,146
4,19,147
4,23,148
4,55,149
4,27,150
4,43,151
4,55,152
4,31,153
4,23,154
4,59,155
4,27,156
4,23,157
4,3,158
4,3,159
4,51,160
4,3,161
4,43,162
4,3,163
4,39,164
4,55,165
4,3,166
4,95,167
4,43,168
4,11,169
4,23,170
4,63,171
4,35,172
4,15,173
4,31,174
4,43,175
4,71,176
4,39,177
4,27,178
4,31,179
4,39,180
4,107,181
4,35,182
4,3,183
4,43,184
4,47,185
4,15,186
4,10,31
372,4,186
4,39,187
4,18,18
71140,4,187
4,55,188
4,59,189
4,14,15
7144,4,189
4,35,190
4,71,191
4,3,192
4,26,18
3308,4,192
4,62,30
8400,4,192
4,23,193
4,63,194
4,11,195
4,35,196
4,51,197
4,71,198
4,35,199
4,11,200
4,7,201
4,27,202
4,19,203
4,3,204
4,3,205
4,7,206
4,55,207
4,39,208
4,27,209
4,3,210
4,35,211
4,15,212
4,135,213
4,31,214
4,15,215
4,15,216
4,31,217
4,47,218
4,99,219
4,35,220
4,31,221
4,31,222
4,7,223
4,39,224
4,23,225
4,27,226
4,3,227
4,87,228
4,11,229
4,15,230
4,59,231
4,3,232
4,11,233
4,31,234
4,39,235
4,3,236
4,31,237
4,27,238
4,3,239
4,47,240
4,31,241
4,47,242
4,67,243
4,63,244
4,35,245
4,63,246
4,27,247
4,3,248
4,31,249
4,47,250
4,39,251
4,39,252
4,22,16
3380,4,252
4,19,253
4,35,254
4,38,30
1116,4,254
4,3,255
253931,7,1
4,39,2
4,35,3
4,14,11
6968,3,25
20,12,4
4,67,5
4,23,6
4,95,7
4,55,8
4,147,9
4,27,10
4,51,11
4,43,12
4,35,13
4,31,14
4,43,15
4,83,16
4,3,17
4,7,18
4,35,19
4,19,20
4,27,21
4,7,22
4,107,23
4,75,24
4,23,25
4,3,26
4,7,27
2088,6,25
9096,3,25
4,16,29
4,51,30
4,11,31
4,39,32
4,3,33
4,3,34
4,15,35
4,3,36
4,3,37
4,19,38
4,50,18
3076,3,25
12,4,39
4,83,40
4,46,23
9444,3,25
40,32,41
4,95,42
4,51,43
4,19,44
4,15,45
4,15,46
4,23,47
4,30,26
6152,3,25
16,11,31
2992,3,25
52,31,25
9936,3,25
4,52,49
4,43,50
4,23,51
4,55,52
4,3,53
4,6,11
5252,3,25
12,7,25
4,23,11
57152,4,53
4,35,54
4,6,11
2200,3,25
12,7,25
4,36,55
4,35,56
4,35,57
4,11,58
4,51,59
4,43,60
4,59,61
4,15,62
4,19,63
4,7,64
4,31,65
4,79,66
4,31,67
4,3,68
4,15,69
4,75,70
4,7,71
4,26,24
8276,3,25
9748,3,25
4,16,73
4,43,74
4,35,75
4,10,18
5932,3,25
16,11,25
9784,3,25
4,80,77
4,87,78
4,35,79
4,59,80
4,15,81
4,35,82
4,51,83
4,3,84
4,63,85
4,35,86
4,55,87
4,19,88
4,43,89
4,59,90
4,43,91
4,14,21
2780,4,91
4,39,92
4,23,93
4,63,94
4,11,95
4,15,96
4,59,97
4,71,98
4,51,99
4,3,100
4,27,101
4,19,102
4,63,103
4,83,104
4,35,105
4,59,106
4,87,107
4,39,108
4,55,109
4,19,110
4,87,111
4,31,112
4,31,113
4,23,114
4,23,115
4,35,116
4,3,117
4,31,118
4,51,119
4,43,120
4,59,121
4,23,122
4,35,123
4,11,124
4,19,125
4,58,14
7092,3,25
20,12,126
4,11,127
4,59,128
4,35,129
4,7,130
4,31,131
4,43,132
4,51,133
4,47,134
4,71,135
4,71,136
4,71,137
4,23,138
4,63,139
4,75,140
4,87,141
4,38,18
7748,3,25
16,8,142
4,51,143
4,35,144
4,15,145
4,55,146
4,23,147
4,34,20
6872,3,25
10016,3,25
4,8,149
4,59,150
4,23,151
4,79,152
4,3,153
4,59,154
4,59,155
4,27,156
4,51,157
4,23,158
4,15,159
4,43,160
4,23,161
4,63,162
4,23,163
4,47,164
4,47,165
4,23,166
4,35,167
4,67,168
4,55,169
4,39,170
4,3,171
4,11,172
4,39,173
4,35,174
4,51,175
4,23,176
4,19,177
40012,6,25
8,3,25
4,40,178
4,63,179
4,23,180
4,59,181
4,15,182
4,71,183
4,51,184
4,30,16
2724,4,184
4,55,185
4,91,186
4,35,187
4,55,188
4,23,189
4,39,190
4,55,191
4,7,192
4,55,193
4,54,12
6732,4,193
4,79,194
4,55,195
4,35,196
4,43,197
100400,6,25
4,48,199
4,19,200
4,55,201
4,47,202
4,3,203
4,39,204
4,19,205
4,39,206
4,47,207
4,59,208
4,31,209
4,11,210
4,111,211
4,3,212
4,46,18
3292,4,212
4,47,213
4,3,214
4,75,215
4,35,216
4,67,217
4,67,218
4,27,219
4,35,220
4,3,221
4,51,222
4,23,223
4,7,224
4,46,12
7352,4,224
4,43,225
4,19,226
4,43,227
4,75,228
4,11,229
4,31,230
4,67,231
4,15,232
4,67,233
4,71,234
4,15,235
4,83,236
4,55,237
4,39,238
4,63,239
4,43,240
4,51,241
4,31,242
4,31,243
4,3,244
4,71,245
4,95,246
4,3,247
4,3,248
4,15,249
4,23,250
4,87,251
4,3,252
4,27,253
4,51,254
4,3,255
264539,6,26
4,16,1
4,95,2
4,3,3
4,75,4
4,11,5
4,31,6
4,31,7
4,51,8
4,51,9
4,3,10
4,51,11
4,31,12
4,43,13
4,19,14
4,3,15
4,31,16
4,23,17
4,19,18
4,7,19
4,27,20
4,11,21
4,27,22
4,3,23
4,39,24
4,19,25
4,15,26
4,71,27
4,31,28
4,119,29
4,87,30
4,11,31
4,43,32
4,3,33
4,27,34
4,39,35
4,47,36
4,19,37
4,35,38
4,51,39
4,3,40
4,27,41
4,39,42
4,47,43
4,7,44
4,83,45
4,31,46
4,39,47
4,35,48
4,14,16
4080,3,26
20,15,26
4,4,49
4,3,50
4,83,51
4,35,52
4,67,53
4,35,54
4,63,55
4,19,56
4,111,57
4,11,58
4,19,59
4,3,60
4,15,61
4,3,62
4,23,63
4,59,64
4,6,13
1832,4,64
4,35,65
4,15,66
4,35,67
4,50,25
8160,3,26
12,4,68
4,87,69
4,27,70
4,35,71
4,31,72
4,59,73
4,3,74
4,39,75
4,27,76
4,23,77
4,39,78
4,47,79
4,23,80
4,39,81
4,87,82
4,3,83
4,39,84
4,3,85
4,27,86
4,51,87
4,47,88
4,3,89
4,19,90
4,63,91
122064,6,26
8,3,26
4,20,92
4,95,93
4,3,94
4,7,95
4,95,96
4,3,97
4,31,98
4,63,99
4,51,100
4,27,101
4,31,102
4,59,103
122724,6,26
4,136,105
4,31,106
4,23,107
4,19,108
45432,6,26
4,56,110
4,31,111
4,79,112
4,70,25
532,4,112
4,51,113
4,39,114
4,3,115
4,99,116
4,31,117
4,43,118
4,35,119
4,39,120
4,79,121
4,99,122
4,3,123
4,35,124
4,15,125
4,27,126
4,75,127
4,43,128
4,35,129
4,59,130
4,43,131
4,75,132
4,71,133
4,3,134
4,31,135
4,51,136
4,95,137
4,23,138
4,3,139
4,3,140
4,75,141
152900,6,26
4,48,143
4,35,144
4,55,145
4,3,146
4,19,147
4,71,148
4,3,149
4,39,150
4,11,151
4,15,152
4,67,153
4,71,154
4,71,155
4,27,156
4,31,157
4,35,158
4,3,159
4,55,160
4,10,12
644,4,160
4,23,161
4,43,162
4,35,163
4,63,164
4,6,25
9960,3,26
10308,3,26
4,24,166
4,19,167
4,31,168
4,3,169
4,99,170
4,3,171
4,75,172
4,43,173
4,7,174
4,19,175
4,3,176
4,43,177
4,3,178
4,75,179
4,11,180
45444,6,26
4,64,182
4,3,183
4,79,184
4,19,185
4,91,186
4,43,187
4,23,188
4,59,189
4,23,190
4,19,191
4,3,192
4,19,193
4,35,194
4,63,195
4,3,196
4,35,197
4,47,198
4,39,199
4,15,200
4,31,201
4,95,202
4,67,203
4,7,204
4,10,28
2192,4,204
4,15,205
4,91,206
4,90,21
9044,3,26
28,20,207
4,11,208
4,75,209
4,15,210
4,15,211
4,19,212
4,71,213
4,71,214
4,27,215
4,3,216
4,19,217
4,26,20
6508,4,217
4,43,218
4,55,219
4,55,220
4,3,221
4,43,222
4,23,223
4,35,224
4,39,225
4,19,226
4,75,227
4,35,228
4,19,229
4,3,230
4,55,231
4,35,232
4,39,233
4,31,234
4,34,20
1348,4,234
4,55,235
4,11,236
4,47,237
4,27,238
4,26,31
680,4,239
19972,6,26
8,3,26
4,84,240
4,7,241
4,31,242
4,27,243
4,43,244
4,7,245
4,63,246
4,39,247
4,107,248
4,23,249
4,63,250
4,47,251
4,3,252
4,27,253
4,43,254
4,11,255
4,58,27
274547,7,27
4,108,1
4,59,2
4,31,3
4,31,4
4,31,5
4,10,23
5008,3,27
12,4,6
4,35,7
4,35,8
4,35,9
4,51,10
4,27,11
4,67,12
4,19,13
4,43,14
4,3,15
4,3,16
4,78,24
7980,3,27
28,20,17
4,35,124
4,3,18
137516,6,27
4,48,20
4,95,21
4,19,22
4,11,23
4,23,24
4,39,25
4,27,26
4,47,27
4,59,28
4,47,29
4,130,23
4328,3,27
10256,3,27
4,92,31
4,3,32
4,31,33
4,31,34
4,7,35
4,87,36
4,31,37
4,19,38
4,43,39
4,83,40
4,11,41
4,67,42
4,31,43
4,71,44
4,35,45
4,10,13
4768,3,27
16,8,46
4,67,47
4,63,48
4,31,49
4,67,50
4,31,51
4,27,52
4,71,53
4,71,54
4,66,28
5156,3,27
64,56,55
4,31,56
4,11,57
41420,6,27
4,56,59
51820,6,27
8,3,27
4,8,60
4,35,61
4,3,62
4,31,63
4,15,64
4,39,65
4,19,66
4,31,67
4,11,68
4,19,69
4,83,70
4,35,71
4,55,72
4,35,73
4,7,74
4,19,75
4,47,76
4,63,77
4,7,78
4,79,79
4,42,26
5224,3,27
20,12,80
4,15,81
4,55,82
4,3,83
4,47,84
4,59,85
4,35,86
4,47,87
4,23,88
4,51,89
4,59,90
4,55,91
4,15,92
4,67,93
4,95,94
4,11,95
4,23,96
4,19,97
4,47,98
4,14,19
1328,4,98
4,35,99
4,3,100
4,51,101
4,83,102
4,3,103
4,71,104
4,71,105
4,19,106
4,47,107
4,3,108
4,39,109
4,35,110
4,63,111
4,31,112
4,107,113
4,55,114
4,27,115
4,26,22
2076,4,115
4,55,116
4,39,117
4,15,118
4,51,119
4,39,120
4,35,121
4,3,122
4,131,123
4,31,124
4,3,125
4,43,126
4,19,127
4,63,128
4,39,129
4,15,130
4,39,131
4,63,132
4,3,133
4,83,134
4,15,135
4,55,136
4,39,137
4,91,138
4,23,139
4,3,140
4,11,141
4,39,142
4,11,143
4,127,144
4,47,145
4,71,146
4,31,147
4,27,148
4,30,29
8012,3,27
36,28,149
4,27,150
4,7,151
4,63,152
4,3,153
4,11,154
4,43,155
4,75,156
4,63,157
4,55,158
4,35,159
4,23,160
4,35,161
4,43,162
4,3,163
4,3,164
4,67,165
4,75,166
4,3,167
4,30,28
7264,3,27
20,12,168
4,27,169
4,15,170
4,71,171
4,55,172
4,31,173
4,87,174
4,35,175
4,79,176
4,43,177
4,35,178
4,59,179
4,11,180
4,3,181
4,59,182
4,15,183
4,43,184
4,30,22
3756,4,184
4,15,185
4,59,186
4,91,187
4,31,188
4,23,189
4,31,190
4,31,191
4,15,192
4,63,193
4,71,194
4,43,195
4,27,196
4,10,26
9476,3,27
12,4,197
4,30,23
2988,4,197
4,31,198
4,67,199
4,35,200
4,55,201
4,27,202
4,55,203
4,22,24
3044,4,203
4,11,204
4,35,205
4,15,206
4,14,17
7376,4,206
4,27,207
4,83,208
4,3,209
4,23,210
4,51,211
4,67,212
4,87,213
4,11,214
4,3,215
4,26,22
3752,4,215
4,15,216
4,51,217
4,35,218
4,23,219
4,18,12
188,4,219
4,31,220
4,11,221
4,31,222
4,71,223
4,51,224
4,11,225
4,47,226
4,47,227
4,59,228
4,3,229
4,70,31
2684,4,229
4,55,230
4,31,231
4,115,232
4,55,233
4,23,234
4,19,235
4,47,236
4,59,237
4,35,238
4,31,239
4,39,240
4,27,241
4,59,242
4,63,243
4,19,244
4,35,245
4,7,246
4,19,247
4,31,248
4,3,249
4,51,250
4,14,17
5724,4,250
4,11,251
4,31,252
4,79,253
4,7,254
4,27,255
4,14,28
285355,4,1
4,31,2
4,55,3
4,11,4
4,15,5
4,30,12
153,3,28
36,31,28
4,71,25
3056,3,28
16,8,6
4,43,7
4,55,8
4,51,9
4,119,10
4,47,11
4,67,12
4,35,13
4,35,14
4,3,15
4,31,16
4,23,17
4,59,18
4,79,19
4,27,20
4,15,21
4,31,22
4,43,23
4,67,24
4,19,25
4,3,26
4,35,27
4,82,30
7080,3,28
12,4,28
4,31,29
4,3,30
4,111,31
4,47,32
4,3,33
4,11,34
4,19,35
4,35,36
4,83,37
4,55,38
4,63,39
4,3,40
4,15,41
4,83,42
4,39,43
4,35,44
4,31,45
4,35,46
4,19,47
4,18,17
8300,3,28
24,19,28
4,52,48
49736,6,28
4,60,50
4,26,22
6684,3,28
20,12,51
4,26,19
9036,3,28
20,12,52
4,3,53
4,19,54
4,27,55
4,31,56
4,19,57
4,3,58
4,3,59
4,63,60
4,50,13
8832,3,28
24,16,61
4,79,62
4,47,63
4,19,64
4,15,65
4,51,66
4,7,67
4,43,68
4,11,69
4,47,70
4,23,71
4,31,72
4,59,73
4,47,74
4,19,75
4,95,76
4,3,77
4,75,78
4,55,79
4,19,80
4,31,81
4,51,82
4,26,15
5288,3,28
32,27,28
4,32,83
4,27,120
24,23,84
4,18,24
8608,3,28
24,16,85
4,15,86
4,11,87
4,3,88
4,27,89
4,31,90
4,67,91
4,79,92
4,31,93
4,38,24
5088,3,28
44,39,28
4,44,94
4,31,95
4,39,96
4,47,97
4,55,98
4,31,99
4,35,100
4,43,101
4,11,102
4,35,103
4,3,104
4,39,105
4,43,106
4,75,107
4,3,108
4,39,109
4,55,110
4,43,111
4,27,112
4,135,113
4,35,114
4,59,115
4,3,116
4,31,117
4,15,118
4,27,119
4,71,120
4,35,121
4,27,122
4,3,123
4,55,124
4,7,125
4,79,126
4,15,127
4,3,128
4,31,129
4,22,15
2428,4,129
4,15,130
4,31,131
4,51,132
4,3,133
4,7,134
4,31,135
4,55,136
4,15,137
4,55,138
4,35,139
4,3,140
4,51,141
4,67,142
4,39,143
4,71,144
4,3,145
4,79,146
4,3,147
4,3,148
4,27,149
4,111,150
4,3,151
4,63,152
4,71,153
4,23,154
4,79,155
4,3,156
4,15,157
4,47,158
4,27,159
4,51,160
4,127,161
4,31,162
4,35,163
4,31,164
4,27,165
4,15,166
4,15,167
4,39,168
4,27,169
4,99,170
4,51,171
4,31,172
4,11,173
4,3,174
4,47,175
4,47,176
134932,6,28
4,84,178
4,71,179
4,27,180
4,15,181
4,3,182
4,38,17
1448,4,182
4,27,183
4,23,184
4,11,185
4,51,186
4,39,187
4,31,188
4,35,189
4,11,190
4,27,191
4,95,192
4,23,193
4,43,194
4,35,195
4,27,196
4,79,197
4,3,198
4,87,199
4,35,200
4,19,201
4,71,202
4,31,203
4,23,204
4,15,205
4,11,206
4,26,20
3488,4,206
4,23,207
4,31,208
4,3,209
4,51,210
4,83,211
4,27,212
4,15,213
4,23,214
4,35,215
4,11,216
4,71,217
4,83,218
4,115,219
4,35,220
4,39,221
4,15,222
4,15,223
4,63,224
4,11,225
4,35,226
140168,6,28
4,72,228
4,23,229
4,35,230
4,23,231
4,50,23
2024,4,231
4,7,232
4,27,233
4,63,234
4,71,235
4,27,236
4,27,237
4,7,238
4,3,239
4,10,14
7336,4,239
4,31,240
4,3,241
4,35,242
4,3,243
4,119,244
4,27,245
4,19,246
4,35,247
4,51,248
4,19,249
4,87,250
4,39,251
4,79,252
4,3,253
4,43,254
4,3,255
4,42,29
295563,27,29
4,64,1
4,35,2
4,59,3
4,3,4
4,3,5
4,71,6
4,19,7
4,31,8
4,11,9
4,23,10
4,51,11
4,63,12
4,3,13
4,11,14
4,99,15
4,22,17
3716,3,29
28,23,29
4,16,16
4,31,17
4,75,18
4,43,19
4,87,20
4,35,21
4,27,22
4,35,23
4,31,24
4,63,25
4,59,26
4,39,27
4,27,28
4,7,29
4,19,30
4,103,31
4,27,32
4,27,33
4,23,34
4,35,35
4,35,36
4,19,37
4,47,38
4,11,39
4,95,40
4,35,41
4,19,42
4,51,43
4,3,44
4,23,45
4,15,46
4,91,62
4,3,47
4,7,48
4,7,49
144588,6,29
4,107,25
3940,3,29
48,40,51
4,75,52
4,3,53
4,115,54
4,75,55
4,7,56
4,35,57
4,43,58
4,31,59
4,3,60
4,31,61
4,35,62
4,19,63
4,83,64
4,3,65
4,35,66
4,19,67
4,55,68
4,63,69
4,95,70
4,3,71
4,15,72
4,15,73
4,39,74
4,3,75
4,23,76
4,63,77
4,99,78
4,3,79
4,51,80
4,39,81
4,23,82
4,119,83
4,87,84
4,39,85
4,43,86
4,27,87
4,51,88
4,27,89
4,70,24
960,4,89
4,83,90
4,14,21
9128,3,29
20,15,29
4,16,91
4,43,92
4,14,17
10104,3,29
20,15,29
4,20,93
4,55,94
4,7,95
4,3,96
4,11,97
4,23,98
4,95,99
4,27,100
4,59,101
4,31,102
4,59,103
4,27,104
4,55,105
4,59,106
4,23,107
4,31,108
4,51,109
4,3,110
4,15,111
4,3,112
4,3,113
4,67,114
4,51,115
4,83,116
4,63,117
4,15,118
4,87,119
4,51,120
4,31,121
4,3,122
4,35,123
4,63,124
4,15,125
4,3,126
4,3,127
4,79,128
4,43,129
4,23,130
4,19,131
4,3,132
4,31,133
4,18,19
4428,4,133
4,3,134
4,3,135
4,47,136
4,35,137
4,39,138
4,46,13
7848,3,29
52,47,29
4,8,139
4,26,27
3844,4,140
4,51,141
4,51,142
4,3,143
4,51,144
4,99,145
4,39,146
4,27,147
4,35,148
4,19,149
4,91,150
4,7,151
4,63,152
4,15,153
4,23,154
4,55,155
4,31,156
4,11,157
4,15,158
4,27,159
4,51,160
4,3,161
4,39,162
4,23,163
4,71,164
4,63,165
4,39,166
4,51,167
4,47,168
4,47,169
4,3,170
4,3,171
4,59,172
4,31,173
4,71,174
4,55,175
4,59,176
4,59,177
4,47,178
4,6,31
2212,4,178
4,35,179
4,67,180
4,3,181
4,39,182
4,30,24
7432,4,182
4,15,183
4,19,184
4,39,185
4,79,186
4,27,187
4,55,188
4,39,189
4,83,190
4,31,191
4,71,192
4,3,193
4,87,194
141728,6,29
4,44,196
4,59,197
4,51,198
4,23,199
4,35,200
4,43,201
95460,6,29
4,100,203
4,15,204
4,47,205
4,39,206
4,39,207
4,63,208
4,23,209
4,91,210
4,39,211
4,23,212
4,15,213
4,59,214
4,15,151
16,15,215
4,31,216
4,131,217
4,59,218
4,83,219
4,47,220
4,3,221
4,31,222
4,43,223
4,27,224
117144,6,29
8,3,29
4,32,225
4,23,226
4,103,227
4,3,228
4,3,229
4,59,230
4,83,231
4,59,232
4,31,233
4,3,234
4,31,235
4,59,236
4,27,237
4,83,238
4,15,239
4,23,240
4,43,241
4,47,242
4,51,243
4,11,244
4,134,24
8912,4,245
4,19,246
4,3,247
4,3,248
4,35,249
4,55,250
4,51,251
4,83,252
4,3,253
4,10,20
5716,4,253
4,35,254
4,15,255
4,46,30
306331,27,30
4,56,1
4,63,2
4,51,3
4,63,4
4,3,5
4,47,6
4,79,7
4,7,8
4,31,9
4,15,10
4,35,11
4,27,12
4,31,13
4,31,14
4,91,15
4,43,16
4,31,17
4,15,18
4,43,19
4,79,20
4,43,21
4,95,22
4,35,23
4,27,24
4,23,25
4,63,26
4,3,27
4,7,28
4,19,29
4,35,30
4,23,31
4,19,32
4,31,33
4,19,34
4,71,35
4,91,36
4,3,37
4,67,38
4,14,26
3532,3,30
20,12,39
4,59,40
4,35,41
4,47,42
4,51,43
4,27,44
4,35,45
4,3,46
4,19,47
4,27,48
4,31,49
4,10,14
2888,3,30
16,11,30
10676,3,30
4,28,51
4,59,52
4,39,53
4,35,54
4,43,55
4,23,56
4,79,57
4,11,58
4,43,59
4,23,60
4,67,61
4,3,62
4,3,63
4,19,64
4,43,65
4,59,66
4,3,67
4,43,68
4,79,69
4,19,70
4,19,71
4,35,72
4,27,73
4,47,74
4,39,75
4,11,76
4,23,77
4,111,78
4,15,79
4,31,80
4,51,81
4,35,82
4,15,83
4,27,84
4,23,85
4,3,86
4,39,87
4,38,18
1584,4,87
4,3,88
4,15,89
4,27,90
4,75,91
4,71,92
4,43,93
4,31,94
4,31,95
4,55,96
4,27,97
4,3,98
4,7,99
4,19,100
4,11,101
4,43,102
4,3,103
4,51,104
4,35,105
4,27,106
4,3,107
4,35,108
4,51,109
4,27,110
4,23,111
4,3,112
4,35,113
4,7,114
4,15,115
4,23,116
4,19,117
4,7,118
4,3,119
4,15,120
4,3,121
4,3,122
4,23,123
4,3,124
4,63,125
4,75,126
4,35,127
4,43,128
4,3,129
4,19,130
4,31,131
4,67,132
4,3,133
4,27,134
4,3,135
4,31,136
4,47,137
4,3,138
4,19,139
4,23,140
4,47,141
4,3,142
4,15,143
4,7,144
4,55,145
4,3,146
4,31,147
4,3,148
4,7,149
4,87,150
4,59,151
4,35,152
4,19,153
4,19,154
4,11,155
4,15,156
4,11,157
4,55,158
4,19,159
4,27,160
4,51,161
4,50,23
2516,4,161
4,19,162
4,91,163
4,31,164
4,55,165
4,95,166
4,47,167
4,3,168
4,39,169
4,3,170
4,19,171
4,43,172
4,15,173
4,95,174
4,3,175
4,27,176
4,31,177
4,51,178
4,51,179
4,31,91
4,3,180
4,31,181
53512,6,30
8,3,30
4,44,182
4,15,183
4,111,184
4,39,185
4,83,186
4,23,187
4,59,188
4,111,189
4,14,29
3544,4,189
4,3,190
4,27,191
4,27,192
4,14,16
5576,4,192
4,43,193
4,51,194
4,27,195
4,11,196
4,47,197
4,43,198
4,95,199
4,47,200
4,71,201
4,3,202
4,23,203
4,11,204
4,19,205
4,51,206
4,143,207
4,31,208
4,3,209
4,75,210
4,3,211
4,55,212
4,55,213
4,47,214
4,3,215
4,79,216
4,95,217
4,35,218
4,3,219
4,59,220
4,19,221
4,59,222
4,63,223
4,79,224
124820,6,30
8,3,30
4,60,225
4,27,226
4,19,227
4,7,228
4,43,229
4,7,230
4,51,231
4,75,232
4,71,233
4,27,234
4,3,235
4,7,236
4,43,237
4,83,238
87648,6,30
9536,3,30
4,56,240
4,3,241
4,91,242
4,39,243
4,26,24
2860,4,243
4,7,244
4,3,245
4,3,246
4,39,247
4,39,248
4,31,249
4,67,250
4,55,251
4,67,252
4,35,253
4,27,254
4,51,255
64080,6,30
9536,4,255
4,62,31
315899,36,1
4,27,2
4,27,3
4,23,4
4,19,5
4,3,6
4,11,7
4,3,8
4,19,9
4,31,10
4,3,11
4,10,24
3052,3,31
16,11,31
4,80,12
4,15,13
4,7,14
4,83,15
4,39,16
4,54,27
1404,3,31
9368,3,31
4,68,18
4,63,19
4,35,20
4,3,21
4,27,22
4,35,23
4,35,24
4,31,25
4,3,26
4,31,27
4,47,28
4,35,29
4,79,30
4,23,31
4,15,32
4,3,33
4,19,34
4,3,35
4,95,36
4,27,37
4,51,38
4,3,39
4,91,40
4,3,41
4,71,42
4,3,43
4,59,44
4,91,45
4,15,46
4,3,47
4,3,48
4,67,49
4,39,50
4,79,51
4,47,52
4,55,53
4,59,54
4,63,55
4,59,56
4,51,57
4,39,58
4,55,59
4,63,60
4,35,61
4,43,62
4,26,25
98256,4,62
4,23,63
4,47,64
4,35,65
4,75,66
4,43,67
4,74,29
3416,3,31
16,8,68
4,75,69
4,15,70
4,15,71
4,31,72
4,23,73
4,31,74
4,15,75
4,75,76
4,27,77
4,31,78
4,91,79
4,75,80
4,27,81
4,3,82
142108,6,31
4,36,84
4,51,85
4,35,86
4,3,87
4,3,88
4,111,89
4,19,90
4,3,91
4,15,92
4,51,93
4,19,94
4,35,95
4,19,96
4,35,97
4,15,98
4,15,99
4,35,100
4,103,101
4,43,102
4,11,103
4,31,104
4,19,105
4,31,106
4,71,107
4,15,108
4,67,109
4,23,110
4,51,111
4,63,112
4,27,113
4,7,114
4,71,115
4,19,116
4,35,117
4,59,118
4,15,119
4,39,120
4,71,121
4,47,122
4,23,123
4,47,124
4,7,125
4,11,126
4,75,127
4,19,128
4,35,129
4,15,130
4,23,131
4,15,132
4,50,21
2272,4,133
4,59,134
4,15,135
4,3,136
4,35,137
4,35,138
4,19,139
4,39,140
4,55,141
4,11,142
4,3,143
4,3,144
4,15,145
4,55,146
4,3,147
4,31,148
4,95,149
4,31,150
4,23,151
4,15,152
4,3,153
4,3,154
4,35,155
4,59,156
4,31,157
4,59,158
4,59,159
4,3,160
4,51,161
4,79,162
4,99,163
4,15,164
4,63,165
4,43,166
4,3,167
4,75,168
4,3,169
4,63,170
4,3,171
4,7,172
4,11,173
4,47,174
4,23,175
4,11,176
4,87,177
4,47,178
4,3,179
4,59,180
4,59,181
4,47,182
4,115,183
4,19,184
4,11,185
4,7,186
4,51,187
4,23,188
4,83,189
4,59,190
4,31,191
4,55,192
4,11,193
4,19,194
4,19,195
4,59,196
4,27,197
4,3,198
4,43,199
4,59,200
4,51,201
4,3,202
4,35,203
4,23,204
4,55,205
4,51,206
4,67,207
4,35,208
4,67,209
4,51,210
4,31,211
4,91,212
4,43,213
4,151,214
4,23,215
4,3,216
4,31,217
4,63,218
4,59,219
4,47,220
4,59,221
4,75,222
4,43,223
4,75,224
4,7,225
4,7,226
4,3,227
4,23,228
4,27,229
4,67,230
4,35,231
4,111,232
4,11,233
4,11,234
4,43,235
4,23,236
4,59,237
4,111,238
4,15,239
4,23,240
4,43,241
4,47,242
4,51,243
4,35,244
4,11,245
4,3,246
4,15,247
4,27,248
4,23,249
4,35,250
4,15,251
4,47,252
4,83,253
4,39,254
4,23,255
4,54,30
26628,4,116
83672,6,29
15416,4,237
1184,6,29
38396,4,203
34884,6,30
46596,4,182
92344,6,27
26164,4,203
119176,6,26
46504,4,137
19644,7,251
97920,6,20
23080,4,28
10892,6,29
66284,4,14
14732,6,22
54200,4,62
8384,6,26
22640,4,69
81944,6,23
23968,4,123
11628,6,26
17492,4,27
19404,6,24
104540,4,209
64704,6,24
6420,4,17
29156,6,19
22796,4,209
22316,6,28
10420,4,233
117048,6,17
6832,4,41
8480,7,11
86752,6,21
82912,4,111
96904,6,31
125572,4,72
20188,6,31
84908,4,44
61216,6,25
72,4,77
32680,6,25
38108,4,89
132984,6,30
40,4,138
99592,6,30
28236,4,40
20076,6,20
160652,4,242
12964,6,31
132248,4,151
125728,6,29
9464,4,195
122116,6,23
54412,4,7
3272,7,224
18512,6,19
60144,4,79
132368,6,28
29776,4,93
111612,6,27
6344,4,107
89664,6,28
25232,4,178
408,4,0
