6
4
0
5
11
5
4
6
3
6
0
0
0
0
0
0
0
0
0
0
0
0
4
0
2
2
2
2
2
2
3
18
0
3
3
8
9
3
3
3
4
4
4
4
4
4
2
0
4
6
4
4
4
5
9
3
4
7
6
4
4
4
5
2
5
5
12
5
5
5
5
5
3
4
6
5
10
5
5
6
6
12
13
6
6
7
7
9
7
7
15
8
4
13
15
1
15
9
9
9
9
4
6
9
9
9
9
9
9
9
9
9
9
9
10
7
10
10
11
9
9
11
11
11
12
13
7
12
13
13
13
12
13
13
14
14
5
15
14
6
14
17
9
18
12
14
14
18
20
24
14
14
14
14
15
15
15
21
15
11
12
11
6
15
24
15
15
15
7
15
15
15
16
25
16
21
24
17
25
17
17
17
17
17
17
17
17
17
25
9
17
25
17
17
21
18
18
18
18
18
18
11
10
18
18
18
18
19
19
27
23
19
19
21
24
24
21
21
23
21
24
25
21
21
10
21
25
21
26
25
21
21
24
21
23
28
23
27
25
17
23
25
23
24
24
24
17
24
21
27
24
24
24
24
21
24
24
24
25
28
25
25
25
26
25
25
26
26
26
29
19
26
25
27
31
25
26
27
26
26
27
26
29
18
26
26
25
27
27
21
28
27
27
27
27
25
27
27
34
29
27
27
29
27
27
27
29
27
28
28
28
28
22
28
28
34
28
35
25
26
28
28
37
24
27
33
29
29
29
29
29
44
28
29
35
29
29
45
42
30
43
30
30
40
30
31
31
31
31
32
34
34
29
35
28
35
35
35
43
40
35
27
35
45
30
36
37
37
37
37
50
45
31
37
37
41
41
37
38
39
39
39
35
39
29
39
39
39
40
40
40
41
40
40
40
40
40
40
40
40
40
48
35
41
45
41
41
41
43
43
43
34
44
44
44
44
47
44
35
44
44
45
30
39
48
44
35
40
44
44
46
44
47
45
45
45
45
45
52
45
45
45
45
45
45
45
45
45
46
49
37
46
45
43
46
46
45
47
47
59
47
47
47
47
47
47
46
47
46
41
51
47
56
48
48
48
48
44
48
47
48
50
50
50
57
58
51
59
45
52
53
55
48
52
52
52
44
52
52
55
52
52
45
52
58
52
52
53
47
53
55
55
56
54
47
55
55
48
48
61
55
55
45
55
59
51
56
56
56
55
62
56
48
62
59
61
44
56
56
56
56
56
56
63
56
56
51
51
56
56
58
58
58
51
58
58
58
64
51
64
58
61
58
58
59
61
59
67
59
59
67
59
59
64
59
61
59
61
53
59
59
60
56
61
61
58
61
61
61
61
61
68
61
61
61
61
61
61
55
61
61
61
59
61
56
62
69
69
62
62
62
61
63
63
63
69
62
63
63
56
68
63
63
63
58
58
68
63
63
59
63
64
69
64
64
64
69
64
65
70
66
66
66
66
66
59
62
69
67
67
67
61
69
71
59
69
69
67
68
67
67
68
66
68
68
68
69
69
63
70
69
69
68
69
62
67
69
69
69
69
69
69
69
69
69
69
72
62
69
74
68
74
69
69
69
73
69
72
69
69
72
69
69
69
70
70
70
72
70
70
70
69
83
78
71
71
70
69
71
71
71
71
71
71
71
71
71
68
69
71
72
72
68
72
72
72
74
72
72
78
74
74
75
72
70
73
76
73
79
73
73
73
69
73
69
73
73
73
73
69
74
74
74
74
74
76
78
76
76
76
71
76
80
78
76
76
71
76
70
81
77
78
76
78
78
78
78
78
69
78
78
78
78
71
74
78
78
78
78
80
81
84
78
74
78
78
78
78
78
74
79
78
79
76
80
80
80
80
80
80
80
77
97
80
80
80
73
77
80
80
81
80
80
80
93
80
84
93
81
81
81
76
81
81
81
90
81
82
88
82
84
90
74
73
83
83
83
83
83
93
83
80
83
83
83
83
84
84
84
99
85
92
85
92
85
85
85
93
92
85
86
94
86
86
86
86
101
78
78
88
88
88
88
88
82
89
89
82
89
89
89
89
89
89
89
89
89
87
86
89
89
89
83
89
85
89
89
89
89
80
89
89
89
89
89
84
89
89
90
85
90
90
90
90
93
90
91
92
92
92
92
97
93
92
90
93
93
93
93
93
99
99
92
94
94
94
94
95
96
96
101
96
98
96
96
96
98
96
86
96
96
89
96
96
96
96
96
97
97
96
97
97
97
96
97
97
97
98
98
90
104
98
103
99
99
97
97
99
99
83
103
99
100
100
100
103
100
100
100
100
100
101
101
101
101
101
103
101
102
102
104
98
102
102
102
102
102
102
102
99
103
103
103
103
103
103
103
103
97
103
103
108
103
103
103
103
98
103
114
104
104
104
104
104
111
108
106
104
110
104
104
108
104
98
104
117
105
113
105
105
105
105
103
105
105
105
106
105
105
105
106
106
92
107
108
108
108
113
104
108
108
108
108
103
108
108
110
108
105
112
108
109
113
109
109
114
109
114
110
110
116
110
108
114
110
110
110
105
108
108
110
110
105
110
111
113
111
111
111
104
111
114
106
122
116
112
112
105
112
105
112
115
121
113
115
115
107
124
104
113
113
113
111
117
120
110
113
113
112
111
117
113
116
113
113
113
108
113
114
131
122
111
108
115
125
113
112
115
122
117
110
115
117
108
109
130
117
117
117
117
110
117
124
118
119
119
119
135
114
120
120
120
115
128
120
111
130
124
117
124
113
120
111
120
121
121
122
131
122
120
122
122
122
113
113
122
122
123
113
124
124
120
124
122
124
113
122
124
124
111
125
125
125
125
113
136
126
126
126
126
126
129
126
133
127
127
129
129
122
139
127
131
124
129
120
130
130
130
117
130
130
130
124
137
130
131
131
138
131
134
131
131
131
122
122
131
131
131
131
131
133
127
133
133
135
133
133
138
124
133
133
133
133
134
133
134
145
134
134
135
122
134
134
134
134
133
134
131
134
134
135
135
135
135
135
135
138
144
136
136
137
137
133
134
137
137
137
143
137
132
137
138
138
138
139
136
131
139
138
139
139
138
135
139
139
145
139
139
139
139
132
139
131
139
145
139
139
139
139
139
144
144
153
139
139
143
140
140
140
140
142
139
140
140
141
136
135
135
142
142
143
143
154
136
143
143
145
143
143
143
143
143
143
144
133
143
143
145
143
144
144
144
144
144
144
144
144
144
144
144
144
149
144
145
145
143
145
145
140
148
145
145
145
145
145
145
145
145
150
153
145
145
146
146
146
146
146
146
147
153
148
147
158
145
145
148
156
148
144
145
148
148
148
153
148
148
148
148
148
148
148
144
155
143
148
148
148
146
149
145
149
148
149
149
153
149
150
145
157
151
148
152
152
152
148
149
145
152
152
159
153
145
153
153
155
145
156
153
153
153
152
149
160
153
153
153
153
153
160
153
153
153
153
159
148
155
155
160
155
156
163
155
156
155
152
160
155
155
155
155
148
156
156
156
160
160
156
156
148
148
161
157
157
157
161
158
167
158
159
161
158
158
158
158
149
159
159
159
157
159
163
162
159
160
159
159
163
159
157
160
159
159
156
159
159
157
160
160
159
160
160
159
160
163
160
160
160
161
160
161
161
166
161
161
155
161
161
156
161
161
166
161
157
161
158
162
162
158
162
160
162
162
162
167
162
162
162
162
163
162
162
163
162
166
162
160
163
159
166
163
163
163
163
164
165
174
166
166
166
166
166
171
166
166
166
166
166
167
167
171
167
167
167
167
168
167
166
163
169
170
162
166
170
170
162
170
172
170
170
170
162
170
170
175
171
171
166
171
171
163
171
162
171
162
171
171
171
163
171
171
171
171
171
171
171
171
171
171
171
184
171
171
171
171
171
171
171
171
175
175
178
171
171
176
172
172
172
172
163
176
172
174
176
174
174
171
179
175
174
174
174
175
175
175
171
175
175
175
175
175
175
172
176
176
176
176
179
176
179
179
176
176
180
176
176
176
176
178
181
176
176
176
176
176
176
177
176
176
176
177
179
177
177
177
178
177
178
171
178
175
178
178
178
176
176
178
178
172
178
178
178
181
173
179
174
175
179
179
179
179
179
176
179
179
177
179
176
179
180
180
186
176
180
180
180
180
176
188
187
176
180
180
180
181
180
178
183
180
181
181
181
182
183
187
183
183
183
190
183
178
183
185
185
185
186
194
179
186
179
186
186
186
186
179
187
187
187
187
188
188
188
179
188
188
188
191
183
190
188
188
179
196
188
188
196
183
194
189
190
187
190
190
197
190
190
190
191
196
190
190
190
190
190
191
198
199
180
190
180
190
200
181
190
190
191
191
191
208
197
191
180
191
192
181
199
192
198
192
192
192
192
193
194
194
191
194
194
190
187
190
195
196
190
206
196
196
196
197
197
198
197
191
191
197
191
205
198
201
198
198
194
198
198
200
183
195
191
198
198
198
198
198
194
199
199
183
199
200
200
198
195
200
200
200
200
200
200
196
201
201
199
202
202
202
202
194
202
188
200
203
203
203
203
204
195
203
203
203
197
204
195
204
209
210
198
209
205
205
215
205
217
205
190
205
205
213
205
203
205
218
196
198
206
206
207
208
208
197
208
209
208
200
209
200
214
200
209
219
209
219
219
209
207
204
209
216
209
202
207
209
203
218
209
210
210
210
210
210
210
210
211
211
211
211
213
213
213
213
213
213
213
208
213
215
215
220
208
230
228
216
216
205
221
216
216
220
226
216
217
223
217
217
217
218
217
217
217
220
218
218
209
219
206
219
210
213
219
225
219
216
225
219
215
215
209
230
219
223
209
219
220
220
220
220
220
216
220
212
228
221
221
213
219
221
217
228
216
221
221
221
221
221
222
223
223
223
223
230
223
225
225
225
219
226
226
229
219
226
226
226
226
232
227
227
233
227
231
228
227
228
228
228
228
227
223
230
235
221
228
227
228
228
228
228
228
228
226
232
228
229
229
229
219
229
229
235
229
229
230
230
230
230
230
230
229
236
229
230
230
230
231
231
236
231
235
232
231
227
228
231
231
231
231
231
231
231
231
231
224
232
235
232
232
232
228
232
231
235
232
232
230
232
233
233
233
235
226
236
239
233
235
235
235
241
239
232
236
228
236
236
236
236
236
231
236
236
236
236
236
236
236
236
230
236
236
236
242
237
236
231
236
239
230
236
242
233
237
240
237
248
232
237
242
238
241
239
239
239
239
234
239
239
240
240
232
240
243
240
240
235
240
240
232
240
243
236
240
240
240
240
240
240
240
246
240
241
249
235
241
241
241
241
245
241
237
240
241
236
241
242
244
242
242
237
246
242
244
242
242
242
242
243
243
239
243
245
243
243
240
243
240
244
244
244
244
244
244
244
245
245
240
245
249
250
240
245
245
245
245
241
250
245
251
244
240
240
241
246
246
246
250
240
246
246
246
251
246
246
249
246
246
246
246
247
248
248
245
248
248
248
248
248
248
246
251
249
250
242
248
248
248
249
240
248
249
249
250
249
250
250
249
253
249
243
246
248
251
249
249
246
249
250
255
250
250
251
250
250
250
250
242
250
251
250
250
250
255
246
248
255
250
248
250
251
250
250
250
250
251
251
249
246
255
255
251
251
251
251
252
251
252
251
248
252
252
253
253
253
250
253
254
254
254
249
252
254
253
252
254
265
251
254
252
254
255
255
254
250
254
255
255
255
255
255
255
250
255
256
255
257
257
251
258
250
255
252
255
255
261
255
255
255
254
255
255
255
257
255
250
252
255
255
255
262
259
255
255
255
255
256
257
256
252
262
265
257
262
257
258
261
257
255
257
257
257
257
257
256
255
257
255
257
262
257
257
257
258
258
256
258
258
255
258
259
258
264
255
258
255
258
261
268
258
255
255
258
255
258
259
259
259
259
267
264
259
260
261
265
261
261
257
261
261
265
261
261
261
258
261
262
262
262
262
262
262
262
262
265
262
263
263
263
263
263
262
261
263
263
268
263
263
263
264
265
265
265
264
259
259
268
265
255
265
265
265
265
261
265
265
265
265
265
265
265
265
265
269
265
261
268
265
265
265
265
265
262
268
265
266
267
269
264
267
267
267
265
267
267
267
261
271
267
267
267
267
269
267
273
267
267
268
268
268
268
268
284
268
268
268
268
268
268
268
265
265
267
268
268
268
268
268
267
268
274
273
269
269
263
269
273
268
269
269
273
276
269
269
267
269
269
269
269
269
269
269
273
270
273
270
270
270
271
271
271
271
271
272
273
273
273
273
283
281
273
273
269
273
283
273
269
273
267
274
281
283
274
274
269
269
275
276
276
276
276
278
283
285
281
276
277
277
277
277
277
283
269
277
277
287
279
279
279
273
279
280
270
280
280
280
280
280
280
281
281
281
271
281
281
288
279
281
281
281
280
281
284
283
281
281
279
281
282
286
283
274
287
283
283
288
274
283
283
283
283
290
284
287
284
284
287
284
269
284
284
284
285
285
285
285
285
293
292
295
286
286
287
287
287
287
288
288
288
288
288
295
290
288
288
280
288
288
296
289
290
290
290
290
284
291
292
292
293
293
293
293
293
293
287
293
299
293
290
293
297
293
293
293
293
293
293
284
293
293
296
293
294
293
294
305
300
294
294
295
288
295
295
295
297
295
295
296
299
296
296
310
299
296
296
301
296
296
296
288
296
296
297
297
297
298
298
297
298
299
299
299
296
290
292
299
299
299
299
299
296
303
299
295
300
300
300
300
305
300
300
306
295
303
299
300
294
300
300
299
300
300
300
301
301
301
301
310
303
303
307
304
303
303
311
303
303
303
296
303
303
310
303
300
311
310
303
303
299
295
308
304
304
304
304
304
306
304
288
305
307
303
303
304
305
305
308
303
314
305
308
305
305
305
305
307
322
312
307
307
308
314
308
308
308
308
308
315
314
303
311
304
309
310
310
310
310
304
310
311
307
310
303
310
310
305
310
311
303
311
320
311
311
311
311
304
311
311
308
314
311
303
315
311
311
312
312
303
313
313
314
314
314
314
314
305
314
314
314
320
314
314
314
305
314
314
317
314
315
315
315
315
308
315
308
315
302
315
315
315
316
315
315
320
320
319
315
315
317
314
315
316
316
316
316
316
316
315
316
312
316
316
316
316
316
322
312
316
316
315
311
317
317
314
317
318
316
316
324
314
318
318
319
322
319
319
320
319
319
320
320
320
320
320
320
314
317
320
321
322
312
330
327
322
315
329
322
328
314
322
322
322
322
328
322
328
324
322
322
322
326
323
319
316
324
324
315
324
324
324
326
324
322
324
325
314
317
325
325
329
325
325
325
326
325
325
325
326
330
326
326
326
327
327
327
327
327
330
328
328
330
328
334
328
322
328
337
328
328
317
328
333
328
328
334
326
324
329
328
322
330
335
315
328
333
329
329
330
337
330
330
330
336
328
330
330
330
325
335
328
330
330
325
330
330
327
331
330
332
332
332
332
332
328
333
342
326
333
333
333
340
333
333
333
336
347
333
334
334
334
333
334
334
333
334
335
330
334
334
334
334
340
335
335
329
335
335
344
344
335
328
335
328
335
328
329
335
336
336
337
335
336
336
335
346
322
333
338
336
334
337
337
332
335
337
337
339
332
342
340
345
340
342
342
334
333
346
335
346
342
342
342
342
342
342
342
343
343
354
344
344
344
344
352
344
344
344
344
345
352
345
345
345
345
345
345
346
345
345
347
341
340
352
345
343
336
345
345
345
336
345
353
345
345
345
346
346
342
352
346
340
346
346
346
346
346
346
347
346
346
346
347
347
337
347
347
360
347
347
358
347
334
342
348
348
348
345
349
349
353
349
347
350
350
353
350
353
350
350
352
350
353
350
350
350
351
350
352
352
352
352
352
352
352
345
352
353
352
360
352
353
364
353
353
367
353
353
365
353
353
354
346
354
354
352
354
354
356
357
357
357
362
358
358
358
358
348
358
359
366
352
359
364
359
359
359
360
360
360
371
361
361
362
368
358
362
362
362
363
371
372
364
364
364
359
365
364
365
372
353
365
365
366
354
366
366
363
371
366
366
366
366
366
374
354
365
366
371
366
366
367
367
367
368
367
371
367
355
367
368
368
368
369
370
370
370
370
352
379
370
371
358
371
346
374
371
371
371
371
380
372
371
371
371
372
371
366
371
373
371
365
381
352
371
374
372
372
374
372
372
374
372
372
372
372
381
368
372
372
372
372
373
374
382
374
374
374
374
374
372
375
376
372
376
385
380
376
376
371
376
374
376
376
377
378
379
379
379
379
379
372
380
386
380
380
381
371
380
380
380
381
380
380
374
372
380
380
380
376
380
381
370
388
381
381
381
373
372
380
381
383
379
382
382
382
382
382
382
383
389
383
383
383
383
379
374
374
384
372
384
388
384
384
384
384
391
384
384
385
385
385
385
386
385
387
385
385
385
391
389
391
391
386
386
386
386
387
380
387
387
388
388
388
394
388
389
388
391
393
388
388
388
389
389
388
389
391
389
389
389
371
389
391
394
389
389
386
389
390
383
391
384
391
394
391
391
382
391
392
383
391
392
391
391
391
391
391
391
394
391
391
391
392
392
391
401
392
391
392
392
386
392
393
393
378
401
391
394
394
394
394
394
402
403
394
394
394
396
394
389
391
400
395
395
395
395
389
395
400
400
396
395
407
396
402
401
396
396
396
396
397
397
395
397
397
389
397
398
398
398
399
398
398
407
398
403
399
400
400
400
400
406
400
396
402
395
401
397
401
401
401
402
398
401
401
397
394
401
401
401
411
392
402
395
402
402
402
409
402
402
402
402
408
402
402
403
403
403
411
403
405
402
404
404
404
404
404
404
398
411
405
403
405
406
411
411
406
406
406
407
407
400
407
407
401
411
407
407
413
411
407
407
401
407
407
407
402
408
411
408
414
408
408
408
408
408
408
408
402
408
409
409
409
403
409
409
409
409
409
409
397
408
409
409
410
411
411
405
413
411
407
411
408
409
413
406
411
411
411
411
411
411
411
411
411
417
407
411
419
412
412
412
417
412
412
412
415
411
412
412
412
412
413
408
409
413
409
419
413
413
415
409
418
413
416
413
413
413
413
418
414
412
414
414
415
409
414
419
414
415
417
411
414
415
416
415
415
415
415
418
415
413
415
416
416
418
416
411
417
411
416
416
416
416
417
417
417
417
417
417
416
417
416
417
417
417
417
429
417
418
418
418
418
418
411
418
419
419
419
419
413
419
419
419
419
419
419
419
419
413
415
414
419
419
415
417
419
414
427
419
430
419
419
419
415
417
419
419
419
419
419
422
419
420
420
429
419
420
419
417
420
421
422
425
422
422
426
422
432
422
422
419
423
420
425
424
419
425
419
425
420
431
425
425
434
425
425
432
425
425
419
425
444
428
415
425
435
425
426
426
431
426
427
427
425
427
416
419
427
427
429
427
427
427
428
419
420
428
428
428
428
428
428
428
428
428
440
428
425
429
429
429
429
429
428
430
420
430
430
435
432
439
435
431
430
431
431
435
431
425
431
431
431
432
432
443
444
432
432
425
433
435
435
435
435
440
435
437
435
435
435
435
435
430
439
436
444
432
437
441
440
431
432
437
437
432
437
432
435
427
444
437
437
438
444
439
439
439
439
439
440
444
440
435
435
440
440
439
440
448
435
446
444
440
440
444
440
437
445
442
442
444
442
442
442
442
442
442
442
443
443
435
443
443
443
446
443
442
444
447
444
440
437
445
444
444
444
444
447
439
443
449
445
445
445
445
445
440
445
445
450
450
451
445
445
445
445
445
455
445
446
445
446
446
446
449
446
442
446
446
444
446
447
444
447
457
447
447
447
447
447
447
447
447
444
447
448
449
444
448
448
445
448
448
448
448
448
448
448
449
449
449
449
449
449
449
450
450
445
450
450
450
450
451
451
445
451
458
451
451
451
451
451
455
451
451
451
451
451
452
445
451
454
451
452
456
450
456
452
452
452
458
454
452
452
452
453
455
447
453
448
453
453
453
453
453
461
454
454
454
454
461
454
454
454
455
455
455
458
455
454
457
453
455
455
460
455
455
454
455
455
459
451
456
454
456
461
456
456
456
456
457
459
458
468
462
458
454
453
467
458
458
458
458
458
459
459
455
459
459
459
453
461
459
459
460
460
465
469
460
453
460
460
458
468
468
454
456
461
461
462
461
462
467
464
462
462
468
454
454
462
462
462
457
462
462
462
462
463
463
463
463
467
463
463
458
464
464
465
456
465
462
469
466
467
467
467
463
467
467
467
467
469
467
467
467
467
474
473
467
464
468
467
468
468
468
468
468
468
469
468
467
468
465
461
470
473
468
469
467
469
469
469
468
469
469
461
461
469
469
476
469
474
469
469
469
469
470
470
470
470
468
467
475
470
467
470
470
470
471
458
464
471
479
471
471
470
472
467
472
473
467
473
474
475
468
473
473
473
473
469
469
473
473
473
473
480
473
469
469
474
473
474
474
474
474
474
474
480
474
474
475
475
475
473
469
475
480
481
470
480
475
475
475
476
482
477
482
477
477
469
479
476
486
477
479
477
477
479
477
473
479
473
479
475
479
479
474
479
479
476
479
476
479
482
473
479
479
479
474
479
479
479
482
477
480
475
487
488
479
480
480
480
476
480
479
487
490
480
480
488
480
480
480
478
481
481
481
481
481
481
482
482
479
482
482
482
482
486
482
482
474
482
487
482
482
483
481
483
494
477
483
483
480
484
482
482
485
486
486
480
486
486
479
486
486
482
480
486
486
486
486
487
490
487
486
487
487
487
487
487
487
487
487
487
487
488
488
487
488
488
488
488
488
486
488
488
488
494
488
488
489
488
488
492
488
488
488
488
488
492
488
488
488
488
490
488
486
488
488
494
488
489
489
489
490
489
482
489
489
490
490
490
490
490
491
498
491
490
491
487
491
491
489
491
488
491
491
497
492
492
492
500
488
501
492
492
493
493
500
493
494
494
489
493
501
488
500
501
488
501
489
494
502
494
494
494
494
495
496
496
494
496
491
496
494
501
496
502
501
496
496
498
503
498
491
498
498
498
498
499
494
493
500
493
501
490
503
500
500
500
500
500
491
496
512
494
501
494
501
503
494
500
494
501
501
500
501
501
501
502
496
494
488
501
492
494
501
501
502
502
498
502
502
502
502
502
501
502
502
494
502
502
502
502
502
502
503
503
505
512
503
503
503
509
503
500
500
503
503
505
503
501
509
496
509
507
509
503
503
503
503
503
503
502
503
503
503
503
504
504
504
503
502
504
504
505
505
505
506
506
506
503
502
506
506
506
506
506
507
511
507
507
504
507
509
507
507
507
518
513
507
505
507
507
508
509
509
509
519
509
520
503
503
503
509
509
509
509
507
507
509
517
509
509
503
509
517
509
518
517
509
509
509
514
509
509
507
509
509
509
509
507
510
511
509
512
511
511
511
511
512
513
512
512
509
512
512
513
513
513
521
513
513
521
513
513
513
509
513
514
514
514
517
507
522
516
516
518
516
509
516
517
517
522
517
506
517
517
518
517
509
509
517
515
517
517
517
516
517
509
518
518
518
518
518
525
518
519
519
519
519
519
520
521
524
527
527
520
520
520
520
511
521
521
521
522
522
518
527
522
521
521
521
526
521
512
521
521
521
521
522
521
521
526
530
521
523
521
521
521
522
522
522
522
522
522
527
522
520
522
522
527
529
522
522
519
523
524
524
529
525
531
524
527
527
524
522
525
518
525
525
525
526
526
526
527
527
527
533
527
527
527
529
527
527
527
527
527
527
527
527
527
532
525
525
528
528
529
530
529
521
529
525
535
527
529
529
533
521
529
529
530
530
530
530
530
531
529
530
535
535
530
530
530
522
538
530
529
530
530
530
534
531
531
531
531
531
534
529
527
531
533
531
531
524
531
532
538
532
532
535
533
533
538
536
536
530
533
533
528
533
534
535
535
531
536
534
534
539
534
534
534
535
535
535
533
531
535
539
535
535
536
539
535
545
536
536
536
538
536
543
544
534
536
541
536
537
537
536
538
538
538
538
538
534
538
540
538
538
539
539
539
541
538
539
539
539
539
539
540
540
535
540
538
544
543
541
541
533
543
538
541
546
541
544
541
541
541
541
541
538
542
542
542
543
543
542
543
543
543
545
545
543
543
543
544
547
544
544
543
544
544
543
544
544
544
543
544
544
544
541
544
544
537
546
544
543
545
545
545
545
545
545
547
540
551
545
548
544
545
545
545
545
544
545
545
545
545
541
546
547
546
545
545
546
544
545
548
546
547
546
546
546
546
541
546
546
545
546
546
543
548
548
546
546
546
546
547
548
547
547
547
547
555
547
543
551
547
547
547
544
547
547
548
547
547
547
547
547
547
548
552
548
548
552
548
549
548
548
557
548
548
548
548
552
546
548
559
551
548
555
548
554
548
548
548
552
547
549
549
547
550
550
550
550
551
555
551
551
551
551
551
551
557
551
548
557
555
557
552
555
552
552
552
550
552
553
554
555
553
553
551
547
559
554
554
554
555
562
554
562
555
555
556
555
570
555
555
548
554
547
557
557
557
566
555
557
557
557
557
557
554
574
559
574
560
560
560
560
562
562
562
559
562
557
562
558
574
557
562
560
557
557
562
576
557
562
573
562
562
568
562
577
562
562
564
565
562
576
578
566
566
567
567
567
560
567
553
568
568
568
568
568
569
570
570
570
570
573
570
572
570
570
572
578
572
572
573
576
562
573
573
561
573
560
574
568
577
574
563
574
574
574
574
574
560
575
576
574
576
576
577
550
570
577
577
577
577
577
570
577
571
577
577
577
579
577
584
577
557
577
577
578
579
559
578
570
578
577
574
574
579
578
577
570
592
570
578
578
578
578
578
581
577
578
578
574
578
578
578
574
579
579
585
579
579
579
578
573
579
579
577
579
583
585
579
579
581
581
584
579
578
579
579
584
579
578
579
576
577
579
579
578
579
579
583
585
578
579
580
581
579
579
579
581
582
582
582
583
583
583
583
583
583
592
584
585
585
585
585
585
585
585
585
586
586
577
586
578
586
590
598
586
596
586
591
586
586
590
586
586
587
586
586
587
587
586
587
590
590
579
587
587
587
579
588
591
589
590
590
590
592
590
581
590
590
590
590
590
590
590
583
590
590
590
590
590
592
585
582
587
596
585
590
590
590
590
591
591
591
592
592
596
592
592
592
592
592
592
598
592
593
593
593
594
594
600
594
590
594
595
596
596
585
596
593
596
596
591
599
596
586
592
596
592
590
594
599
596
596
596
596
596
596
596
596
603
596
602
596
596
596
596
590
597
598
598
599
599
618
599
599
600
598
599
603
599
599
606
590
599
599
599
599
596
600
606
600
603
612
600
600
596
600
600
612
600
610
600
600
600
600
600
594
599
601
603
600
602
612
594
602
603
603
609
603
603
603
603
603
603
603
603
617
612
603
612
603
610
609
606
604
600
605
603
606
606
614
606
607
608
603
608
613
599
620
606
608
608
599
606
608
610
608
609
599
610
610
610
622
610
610
610
610
612
611
612
612
612
620
602
612
619
620
612
612
620
617
608
612
612
594
612
612
613
619
610
613
613
613
613
613
623
613
608
620
613
613
614
620
614
615
616
617
620
616
617
617
617
622
620
617
617
622
628
618
618
618
612
623
618
613
618
620
609
618
624
618
618
619
630
619
619
612
614
620
623
620
612
619
610
619
619
620
620
612
620
620
619
620
620
620
620
614
620
625
621
621
621
622
622
622
624
618
622
622
622
618
622
622
623
622
623
623
623
623
623
619
623
626
625
623
623
623
623
623
617
620
623
623
623
623
623
623
622
626
622
620
623
623
624
632
624
624
624
624
620
630
624
619
620
624
624
619
626
623
625
628
625
625
620
625
624
622
625
626
626
626
628
626
635
626
626
627
625
629
635
622
628
629
628
624
628
628
634
629
629
623
629
630
630
635
624
630
624
630
629
630
630
631
632
626
634
632
632
632
632
626
632
636
630
632
632
632
632
645
632
628
632
628
632
636
634
632
632
625
630
634
633
633
633
642
635
637
625
636
635
634
634
640
645
634
634
634
634
643
633
622
635
635
635
636
635
635
643
636
635
626
635
643
635
635
635
644
636
636
632
630
638
644
636
636
636
639
636
637
638
645
637
637
637
637
634
638
647
638
643
638
643
638
638
641
639
633
641
641
641
642
642
642
635
636
642
642
634
632
635
642
643
643
643
642
643
638
636
643
643
643
634
643
643
635
642
648
646
643
643
644
643
649
644
644
636
644
644
644
643
644
642
644
637
647
644
653
644
645
644
645
643
637
644
645
645
646
643
647
644
647
642
654
648
641
648
653
652
648
648
648
645
651
648
644
648
648
646
639
641
650
650
643
651
654
644
650
645
643
650
654
650
644
651
647
651
656
651
651
651
651
651
650
651
657
654
651
651
651
651
651
651
651
655
651
652
653
653
653
655
658
653
653
653
653
644
653
653
653
651
647
654
654
654
659
654
655
655
650
655
655
651
655
655
655
655
660
655
655
656
656
656
657
656
657
657
657
657
654
657
659
657
657
655
650
648
658
658
658
658
659
654
660
664
660
658
658
659
658
665
654
658
658
658
658
658
659
654
659
657
659
659
658
661
659
662
659
665
657
651
659
659
659
659
659
659
665
654
666
659
659
659
659
660
660
665
668
661
661
661
661
661
661
670
661
661
665
662
662
667
662
667
669
659
662
662
662
662
677
662
662
662
662
662
658
662
663
665
665
666
666
666
666
669
662
665
666
670
666
666
665
672
665
671
666
666
671
672
671
671
666
666
665
668
674
662
666
657
666
670
658
673
667
666
667
667
667
662
669
667
659
677
667
667
671
659
673
663
667
667
667
668
668
674
662
666
669
669
674
669
672
668
669
670
670
662
670
667
670
670
671
671
671
671
671
671
672
671
671
672
663
672
672
672
676
672
672
671
673
678
673
680
677
678
673
683
673
673
671
667
674
674
674
674
677
677
674
668
681
674
674
674
674
677
672
674
676
676
676
676
676
670
672
676
676
677
675
670
677
677
682
677
677
677
678
671
676
677
677
677
676
672
677
678
683
683
678
677
678
678
678
683
678
679
674
678
678
679
678
678
678
673
678
678
682
672
678
679
674
679
684
677
679
679
679
679
683
679
679
679
679
679
679
679
679
679
679
680
676
680
680
681
681
681
681
667
687
679
681
681
679
681
681
691
681
681
682
682
679
685
682
682
683
682
682
683
683
683
683
691
683
683
683
683
678
697
691
690
684
684
684
691
691
684
685
685
685
685
682
688
685
685
685
693
692
688
686
682
690
682
692
687
687
687
688
687
695
686
690
682
683
685
688
688
688
691
691
688
688
688
683
688
688
689
684
689
692
688
690
690
690
690
700
691
696
693
699
691
695
698
684
688
700
691
691
691
691
691
693
691
688
691
691
691
692
696
704
694
694
694
694
694
688
695
695
687
695
695
695
696
696
696
696
696
688
686
696
696
696
696
699
703
696
696
696
696
696
696
696
696
687
708
696
697
697
697
698
702
706
699
699
688
699
691
694
699
699
699
699
696
699
700
700
700
702
695
700
699
700
700
700
700
696
700
700
700
700
700
696
701
708
701
701
701
701
711
701
701
701
701
701
701
700
701
706
700
702
698
702
702
709
706
702
703
698
709
703
703
703
699
703
703
709
704
704
702
704
704
705
708
705
706
706
706
699
706
699
707
709
706
706
706
711
704
704
706
707
707
707
709
707
707
708
706
708
708
708
708
703
708
708
708
708
708
708
708
708
712
708
708
712
708
708
710
708
708
708
708
708
707
708
709
712
708
708
714
708
709
711
709
709
714
709
709
709
714
709
708
714
709
709
709
709
712
709
709
710
709
709
710
710
710
710
706
711
711
711
711
711
712
711
711
711
712
711
716
712
712
710
705
712
712
712
715
712
712
708
725
713
717
717
713
713
716
719
711
713
709
713
716
713
716
713
711
709
714
713
714
714
714
714
718
714
709
714
714
714
717
714
709
719
714
717
715
719
715
712
724
715
715
722
713
710
716
716
716
716
716
716
716
716
716
716
715
716
716
716
716
717
708
727
717
717
717
717
717
721
717
713
717
717
717
718
718
721
729
718
718
718
718
717
722
713
719
719
714
717
719
721
728
719
714
719
720
720
721
721
727
714
724
715
721
731
730
722
730
728
725
728
714
723
724
731
724
724
724
724
717
725
730
731
725
725
725
726
727
727
727
716
732
727
719
731
727
727
727
728
727
732
728
728
725
728
728
728
730
728
728
728
729
729
729
729
729
729
729
730
731
731
730
730
730
722
738
720
730
730
730
730
730
730
730
730
730
722
731
733
731
731
731
731
732
732
731
726
731
731
735
733
731
731
731
732
725
732
724
732
732
732
732
732
730
732
737
732
732
732
732
732
733
734
732
732
732
737
732
732
732
733
737
733
733
730
733
733
733
733
733
733
733
719
733
729
733
734
737
740
734
734
734
734
734
732
740
731
734
734
739
734
735
737
735
735
732
731
738
735
736
736
736
736
737
732
733
736
736
738
736
736
736
736
736
737
737
737
737
736
734
737
737
737
735
737
737
733
737
737
732
738
738
738
738
738
741
739
739
739
739
741
738
739
739
739
739
739
743
739
739
739
739
740
740
733
740
740
740
736
740
736
744
741
737
742
737
740
744
740
741
741
741
741
741
741
737
739
741
736
740
741
741
741
741
741
741
741
742
742
742
745
743
743
742
752
744
743
743
738
743
743
743
743
743
738
743
743
744
744
752
741
741
744
743
744
744
744
748
753
748
745
744
745
745
745
746
743
742
753
745
746
742
746
747
747
744
744
747
747
747
747
748
741
748
748
748
748
753
748
749
749
749
754
749
741
745
750
754
756
752
750
750
750
750
740
750
750
753
753
752
753
750
751
740
751
743
745
751
752
743
752
752
752
752
750
753
753
753
750
753
755
746
749
753
744
753
745
757
753
753
745
754
753
753
753
753
753
753
753
760
753
758
749
753
753
754
754
754
754
756
755
755
755
755
755
756
756
756
756
762
750
756
756
751
756
756
756
756
754
756
757
760
754
761
760
760
757
757
770
757
766
757
753
767
757
770
758
758
758
754
767
750
758
753
758
759
759
759
748
757
759
757
759
760
753
760
760
753
761
761
752
761
761
751
761
761
761
757
759
762
762
762
762
762
756
763
764
764
766
766
772
766
757
769
766
760
758
769
766
757
766
766
767
761
767
767
773
767
767
767
772
767
757
772
757
770
772
771
767
767
773
768
772
761
769
769
770
764
770
770
770
770
771
771
771
772
767
772
767
771
771
771
775
775
771
771
772
772
767
767
772
767
772
772
772
772
772
772
772
772
772
772
772
767
773
767
772
773
766
765
777
773
773
773
773
773
773
773
767
775
773
774
775
774
774
774
774
774
773
774
772
774
773
774
774
774
774
778
777
774
774
774
774
774
774
760
774
773
774
774
775
775
776
775
780
775
775
775
775
775
772
772
775
772
775
775
780
775
778
773
773
775
776
775
775
781
776
776
776
777
777
777
777
777
779
777
781
777
777
783
777
777
777
777
773
777
778
786
779
776
777
778
778
778
778
778
774
778
778
778
778
778
778
778
779
778
778
784
778
778
778
779
779
772
779
774
782
780
786
780
778
780
780
780
781
781
788
787
780
781
787
781
777
781
781
781
776
781
775
781
781
781
781
777
791
782
781
780
781
782
784
782
777
779
783
783
781
783
789
783
788
783
790
781
791
783
784
784
784
784
784
784
777
784
790
784
785
785
790
786
786
781
786
786
784
787
782
787
781
781
787
787
787
793
791
792
776
790
787
787
787
787
789
795
791
787
788
782
788
787
789
789
789
789
789
786
789
797
789
789
787
783
790
784
784
790
795
783
787
790
790
797
790
796
790
796
796
790
790
790
797
787
793
795
791
797
791
787
791
791
791
789
791
791
791
791
789
791
787
791
795
786
791
796
791
789
792
792
792
793
794
794
792
795
795
795
787
795
789
795
795
795
796
790
796
782
797
796
796
793
799
796
790
796
805
796
796
796
796
796
796
796
796
796
797
797
797
795
797
802
791
797
797
797
797
797
789
797
797
804
797
797
797
791
797
797
797
797
799
797
797
797
797
797
797
797
802
806
797
797
796
798
792
802
804
805
798
798
806
796
799
800
800
801
802
802
793
808
811
800
802
802
802
802
802
802
802
812
802
802
803
806
805
801
812
806
803
797
808
802
804
804
804
797
804
804
805
805
805
804
800
805
805
813
812
805
805
805
805
805
805
805
798
805
805
804
805
806
797
806
808
808
802
808
808
808
813
808
809
810
806
804
818
805
810
810
810
805
810
812
812
812
812
812
812
807
812
812
812
805
812
813
804
813
813
813
813
813
815
812
816
814
814
812
815
815
815
812
808
815
815
815
818
815
816
816
816
816
816
813
808
816
816
817
816
818
818
818
806
814
818
814
818
813
812
814
810
810
816
813
813
810
818
