0,5
1,5
2,19
3,2
4,16
5,15
6,8
7,4
8,8
9,14
10,8
11,7
12,8
13,26
14,11
15
16,5
17
18,9
19
20,12
21,3
22,8
23,9
24,9
25,5
26,16
27,7
28,8
29,2
30,6
31,13
32,6
33,23
34,4
35
36,7
37,2
38
39,15
40,12
41,5
42,4
43,3
44,10
45,15
46,5
47,14
48,3
49,6
50,14
51,18
52,14
53
54
55,13
56,26
57,21
58
59,2
60,15
61
62,2
63,17
64,9
65,2
66,9
67
68,13
69,5
70,15
71,16
72,27
73,11
74,13
75,19
76,8
77,7
78,8
79,5
80,6
81,14
82,11
83,15
84,10
85,14
86,16
87,18
88,20
89,6
90,3
91,17
92,6
93,11
94
95,4
96
97,17
98,19
99,5
100
101,17
102
103,13
104,10
105,6
106,7
107,5
108,9
109
110,22
111,7
112,4
113,2
114,22
115,4
116,12
117,9
118,5
119
120,5
121,9
122,9
123,3
124,7
125,17
126,19
127,14
128,9
129,22
130
131,17
132,5
133,5
134
135,7
136
137,5
138,18
139
140
141,20
142,4
143,3
144,9
145,9
146,20
147,12
148
149,13
150,13
151,7
152,4
153,10
154,8
155,6
156,18
157,4
158,3
159,6
160
161,20
162,30
163,13
164,7
165,14
166,8
167,14
168,12
169,14
170,16
171,17
172,13
173
174,27
175,7
176,10
177,13
178,4
179,9
180,10
181,3
182,4
183,5
184,14
185,12
186,8
187,10
188
189,9
190
191,15
192
193
194,27
195
196,13
197,3
198
199,6
200,3
201,7
202,3
203,11
204,5
205,12
206,8
207,5
208,21
209,15
210,9
211,20
212,18
213,19
214,17
215,6
216,4
217,2
218,17
219,24
220,15
221
222
223,5
224,4
225,19
226
227,10
228,16
229,15
230,7
231,6
232,23
233,11
234,6
235,20
236,3
237,4
238
239,14
240,22
241,4
242,9
243,10
244,26
245
246,8
247,15
248,17
249,11
250,9
251,21
252,8
253,14
254
255
256,5
257,21
258,17
259
260,9
261,12
262,6
263,3
264,3
265,13
266,16
267,13
268,9
269,15
270,17
271,8
272,3
273
274,17
275,12
276,8
277,10
278,14
279,8
280,14
281,17
282,19
283
284,10
285,9
286
287,12
288
289,9
290,4
291,8
292
293,2
294,3
295,3
296,19
297,3
298,4
299,11
300,27
301,8
302,32
303
304,27
305
306,4
307
308,15
309
310,9
311,4
312,2
313
314,33
315,17
316,8
317,8
318,13
319
320,15
321,9
322,4
323,27
324,13
325,10
326,24
327,7
328,20
329,10
330,15
331,13
332
333,23
334,8
335,17
336,20
337,8
338,13
339
340
341,19
342,10
343
344
345,8
346,17
347,9
348,21
349
350
351,4
352,14
353,8
354,6
355,15
356,9
357
358,12
359,21
360,35
361,27
362,9
363,4
364,6
365,4
366,10
367
368
369
370,13
371,3
372,10
373,8
374,8
375,3
376,12
377,32
378
379,7
380,11
381,7
382,20
383,11
384,6
385,6
386,11
387,11
388
389,3
390,12
391
392,20
393
394,2
395,9
396,10
397,14
398
399,15
400
401,6
402,20
403,15
404,6
405,24
406,22
407,8
408,2
409,26
410,12
411,16
412,13
413,13
414
415
416,17
417,32
418,14
419,14
420,16
421
422,19
423,13
424
425,15
426,6
427,6
428
429,22
430,6
431,8
432
433,5
434,17
435,6
436,7
437,24
438,2
439,7
440,14
441,27
442
443,13
444,20
445,9
446,3
447,6
448,9
449,8
450,18
451,13
452
453
454,8
455,4
456
457,20
458,11
459,11
460,2
461
462,20
463,15
464,9
465,11
466,5
467,11
468,19
469
470,9
471
472,18
473,6
474,17
475,3
476,15
477,15
478,3
479
480,8
481,9
482
483,7
484,5
485,17
486,15
487,6
488
489,14
490,20
491,23
492,7
493,25
494,13
495,9
496,20
497,12
498,2
499,22
500,11
501,7
502,11
503,19
504,4
505
506,15
507,6
508
509,9
510,7
511,21
512,6
513,11
514,15
515,8
516,7
517,8
518,2
519,21
520,5
521,3
522,15
523,14
524,14
525,16
526,15
527
528,7
529,7
530,9
531,12
532,17
533
534,17
535
536,4
537,16
538,2
539,5
540,4
541
542,15
543,6
544
545,9
546,2
547,16
548,11
549,6
550,16
551,3
552,9
553
554,5
555,10
556,14
557,13
558,23
559,4
560
561,18
562,16
563
564,13
565,12
566,23
567,13
568,24
569,12
570,11
571,7
572,7
573,15
574,4
575,6
576,19
577,3
578,9
579,3
580,6
581
582,13
583,11
584
585,10
586,7
587,10
588,22
589,5
590,8
591,13
592,7
593,2
594,17
595,15
596,9
597,10
598,16
599,8
600,14
601,10
602,23
603,6
604,10
605,8
606,9
607,3
608
609,6
610,10
611,12
612,15
613,24
614,16
615,14
616,6
617,16
618,12
619,17
620,6
621,7
622,18
623,12
624,19
625,26
626,8
627,7
628
629,17
630,13
631,27
632
633,5
634,12
635,8
636,15
637
638,5
639,15
640,23
641,16
642,28
643,7
644,14
645
646,4
647,12
648,21
649,13
650,19
651,16
652,2
653,11
654
655
656
657
658,15
659
660,31
661,6
662,3
663,9
664,8
665,24
666,27
667,7
668,2
669
670,6
671,9
672
673,17
674,9
675,18
676,8
677,4
678
679,11
680,3
681,7
682,13
683,13
684,10
685,9
686
687,23
688
689,14
690
691,18
692
693,13
694
695,14
696
697,6
698,16
699,15
700,9
701,17
702,6
703,22
704,9
705,5
706
707,10
708,15
709,7
710,8
711
712,34
713,21
714,20
715,12
716,6
717,14
718
719,7
720,6
721,6
722,4
723,11
724,13
725,17
726,7
727,16
728,2
729,20
730,20
731
732,10
733,8
734,12
735,3
736,5
737,12
738,23
739,14
740,12
741,20
742,6
743,14
744,11
745,8
746,12
747,20
748,22
749,21
750
751,5
752
753,23
754,27
755,10
756,16
757,15
758
759,9
760,9
761,8
762,8
763,16
764
765,11
766,11
767,14
768
769,8
770,8
771,10
772,22
773,21
774,11
775,8
776
777,8
778,21
779,16
780,9
781,9
782,4
783,14
784,19
785,7
786,12
787,14
788,23
789,6
790,6
791,6
792,15
793,8
794,27
795,9
796,3
797,15
798,20
799,12
800,3
801,9
802,9
803,18
804,6
805,19
806,10
807,4
808,10
809,8
810,10
811
812,14
813,6
814,8
815,3
816,18
817
818,13
