1
2
3
1
5
3
1
0
1
2
4
1,3
2
1
2
1
6
2
1
6
2
7
1
3
1
5
3
11
0,4
1
0,3
1
5
1,3
7
5
3
2,2
3,2
2
0
7
2
3
2
3,2
0
7,2
0
5
6
3,4
8
7
5
3,2
4
9
1
4,2
3
4,2
3
1
4
11
4
5
1
5
6
5,2
1
5,2
4
1,2
5,2
3
5
2
4
9
6,2
0
13
6
2
5
7
15
9
7,2
5
7
13
7
1
15
5
2
3
1
8
13
9
8
9
14
9
14
10
12
9
11
10
5
13
10,4
5
10,4
14
9
10
14
7
10,2
11,2
5
10
3
12,3
17
14
13
12
19
12
1
5,2
13
5
7
13
7
13
15
13
6
18
17
13,2
10
7
13,2
7
13
9
13
7
13,2
14
13
20
14,3
17
13
22
14,2
21
14
5
14
21
12
14
15
18
15
13
15
18
22
20
10
33
15,4
14
16
11
21
17,2
0
17,2
27
20
18
20
25
17
18,2
22
18,6
14
18,3
25
18,2
19,2
21
19
28,2
18
13
18
20,2
25
32
26
20,2
21
20,2
21
18
22
21,2
20
22
14
26
27
25
10
21
23
27
19
17
13
21
26
21
18
22,2
23
27
28
27
24
25
24,2
19,2
26
24
18
14
28
25,2
24
25,2
23
25
29
26
20
27
25
26
29
25
26
21
30
20
26
24
26
21
22
21
32
26
25
24
26
27
26
27,5
25
30
27,2
30
33
15
27
32
38
22
29
21,2
27
35
43
24
28,2
30
28,2
34
26
29
30
34
23
28
30
27
30,2
31
35
37
31,2
34
27
25
29
41
32
35
29
21
32
25,2
32
20
26
27
36
35
34
29,2
34
27,2
29
34
27,2
33
48
30,2
34
33
27
20
36
32
34
35
30
40
30
35,4
29
37
39,2
40
38
32
28
34
35,3
36
38
33
38
36
37
36,2
42
43
33
35
36,2
30
39
37
38
35
37
41
38
34
40
37
30
43
39
37
39
40
35
43
37
44
38
36
38
35
36
38
56
34
38
33
38,4
43
31
41
39
35
31
37
39,2
44
39
41
39,2
42
39
40
43,2
40
39
40
41,6
49
44
37
42,3
49
63
44
45
36
51
56
53
49
38
43,3
45,2
43
57
42
43,2
46
40
37
39
43
44
53
44
31
44
56
44
54
44,2
56
57
45,2
42
45,2
36
45,2
54
40
45
46,2
44
57
53
57
46,3
49
57
55
47,3
56
43
57
49
56
58
45
50
58
51
59
45
51
54
52,2
44
53
29
46
43
53
57
61
54,2
56,2
59
56
47
60
57
68
45,2
56
52
51
56
57
70
57,2
60
59
62
57,2
46
57
55
63
58,2
54
58
67
58
39
58
46
59
62
52
59
62,2
59
52
59
57
53
59,2
61
41
60,2
62
60
53
60
53
49
47
68
60
54
51
66
63
57
60,3
53
57
60
67
73
41
60,2
46
60,2
57
67
65
60
67
61,5
62,2
57
60
68
63
62
63
62
67
66
54
62,2
54
59
62,2
67
63
60
65
63,2
52
61
63
64
65
67
66
65
75,2
65
63
67
60
65
59
60
66
61
66
67
66
65
47
66
67
62
67
60,3
67
73
75
78
67,3
61
78
66
62
76
60
69
75
69
68
66
69,2
71
69,5
77
69
75
70
71,3
63
68
65
75
72
71
75
72
67
68
77,2
72
70
65
72,2
74
76,2
72
71
69
72,2
76
72,2
67
68
75
73
72
73
84
73,2
76
74,2
84
71
69
68
84
75
71
75
67
69
75
67
77
67
76
78
71
75
86
75
72
88
77
79
71
79
83
77,2
83
77,3
84
83
77
72
85
71
77
81
85
77,2
76
79
75
82
91
90
78
88
83
77
83
75
83
85
88,2
93
77
91
83,2
88
76
72
77
78
84,2
79
91
85
76
85
79
99
78
79
93
85,2
84
73
77
87
76
88
99
91
88,2
92
88
82
90
76
88,3
83
89
79
77
89
76
72
104
89
80
89
79
91
84
83
90,8
92
89
90
74
85
77
91,2
99
91,2
92
91,2
77
91
90
96
91
96
77
91
92,2
91
92
98
89
92,2
89
90
92
91
96
94
92
93,2
92
88
92
93
99
93
88
91
94
93
94
93
94
92
85
94
106
92
94
103
96
92
94
91
97
94
99
94
102
94
99
104
95,2
91
95
101
96,2
103
97
103
97
96,3
97,2
101
97
102
91
92
103
101
96
99,3
105
92,2
101
102
99
103
99,2
104
99,2
94,2
100
93
99
100
105
101
96
100
109
100
102
95
107
101
93
100
97
93
99
93
103
106
101
110
99
105
101,3
108
104
102,2
104
103
96
102
103
102
95
108
106
102,3
96
102
104
103,2
101
103
99
101
106
104
109
105
99
104
109
102
103
108
105
112
104
102
101
108
112,2
110
104
101
104
102
101
104
111
96
106
101
104
102
103
101
109
105
104,2
105
99
108
107,2
112
93
108
104
116
101
109,2
110
113
106
108
115
108
105,2
109
106
102
96
115
109
107
104
109
104
109,2
106
104
112
109,3
117
110
125
109
110
113
112
113
110
112,2
119
112
113
118
112,2
108
106
115
112,2
105
112
120
101
114
110
120
119
109
112,3
114
110
122
109,2
112
113
119
113
118
113
120
113
108
113
114,3
108
114,3
112
123
124
114
115
113
124
115
109
116
107
116
122
109
116
122
116,2
122
116
122
116
119
116,3
113
116
106
116
118
119
128
116
124
116
119
123
119,2
118
119,2
114
120
105
109
120
118
136
120
123
113
123
120
121
112
134
119
134
120
122,4
130
122
123
134
123,2
122
113
123
124
112
122
124
123
130
134
116
124
130
124,3
134
124
135
124
122
124,4
133
125,2
124
125,2
136
134
126,2
130
136
127
130
124
123
133
136
130,2
123
130
131
130
134
120
131
124
131,2
136
138
131
128
129
130
131,2
136
124
130
109
133
131
134,2
138
134
131
123
126
124
134,2
136
134
131
120
137
124
134
124
134
143
130
126
138
136
123
139
134
126
135
137
135
140
135,2
136
131
136,3
140
141
146
134,2
136,2
131,2
137
141
134
136
131
137,6
138
135
133
144
138,2
136
138,3
139
138,5
122
143
144
145
144
138,2
139,7
143
134
141
139
152
143
141
138
142
134
131,2
140
144
139
140,2
150
144
140,2
144
140
141,3
142,2
154
158
138
146
142
144
142
138
134
142
143,4
140
139
154
144
140
144
153
134
148
153
137
144
152
144,2
152
144
146,2
144
159
146
134
154
146
148
136
154
158
148
141
140
158
151,2
146
139
156
143
140
157
152
159
153
146
148
152,2
143
141
152,2
156
152,2
157
156
140
132
154,4
157
158
138
154
147
154
155
147
154
140
154
146
154
146
144
137
162
154
172
156
155,2
152
155
147
139
155,2
156
155
162
155,2
146
144
151
157,2
160,2
157
166
162
170
146
154
157
160
147
158,2
141
162
152
158
162
165
160
158
147
158
168
155
154
152
158
162
154
158,2
164
170
154
160,3
163
160
154
160
149
162
171
160
155
154
170
158
160
161
158
162
155
162
155
171
158
154
162
166
162,2
170
162,2
158
155
163
170
164,2
152
164
171,3
168
164,2
166,5
162
166
173
168
162
170
168
174
168
170
168
172
173
163
170
160
170
160
176
177
170
173
164
155
170
164
173
162
170
160
177,2
168
170
173
171,2
178
172
160
176
166
172,2
176
172
168
173
180
178
169
172
160
172
173
177
178
177
167
177
173,7
162
174
173
164
173,2
164
177
173
170
173,2
162
178
166
174,2
176
173
174
176
178
171
180
176
177
180
176,2
177
176
177,4
180
183
174
170
178
175
179
177
178,2
186
181
178,2
180
172
183
178
185
173
172
178,2
180
178,2
179
175
180
177
179
180
176
178
180
178
185
180
189
180,2
177
192
180
176
190
185
181
185
189
182,2
173
185
182
192
186
183
182
186
178,2
176
183
188
184
183
184
174
178
185
172
182
172
189
185
197
185,2
180
173
186
179
190
179
185
186,2
189
186
180
177
183
195
178
184
187
192
186
180
195
178
186,3
188
187
182
186
188
186
179
186
188
178
187
195
178
188
190
188,5
187
188
189
183
188
190
195
190,2
188,2
204
182
189,2
181
191
201
183
194
190
186
192
179
190
188
185
190,2
188
190,3
185
197
199
190
191
195
190
186
190
184
188
190
197
190
201
197
190
187
186
191,3
188
191
187
194
195,4
197
195,3
196
190,3
204
205
190
204
187
186
197
202
204
197
204
197
199
204
185
206
197,2
190
198
197
198
191
190
192
201
199
195
192
199
190,2
204
206
199
198
206
201
191
201
206
197
206
201
199
214
208
195,2
189
204
193
204
208
192
206
198
203
201
208
200
195
204
200
204
197
206
204
214
204
198
204
199
204
208
204
190
200
197
191
204
197
207
205
199
204
208
204
198
205
215
217
205
206
201
206
191
210
206,4
203
206
204
206,2
200
207
215
207
217
207,2
208,2
195
217,2
215
201
208
203
208
206
214
211
208
203
213
214
208,3
215
212
209
217,2
212,2
208
212
214,2
212
208
214
217
199
214,2
206
200
221
215,5
225
215,8
227
197
216
217
214
216
213
215
217
206
212
217,2
219
214
217,3
218
217,3
208
214
219
216
215
223
217,3
205
215
222
223
215
221,2
215
213
214
215
217
223
217
230
224
216
222
221
218
215
225
219
218
215
218
219
220,2
217
226
220,4
231
221
228
221,3
217
231
221
216
221
226
224
221,2
226,2
222
232
222
218
222,2
223,2
215
223,2
222
224
221
231
224
219
234
221
219
226
223
226
231
226
232
226
218
224
232
224
232
224
217
236
231
217
225
224,2
228
225
223
218
228
224
217
231
226
214
220
225
226
217
226,3
225
231
228,2
230,3
231
225
230
235
232
234
224,2
231,2
234
235
234
235
231
230
231
230
228
231
232
240
231
232,2
228
232
230
236
239
233
234,8
239
235
225
229
234
232
240
234,2
240
234,2
235
236
234
242
238
230
234
241
234
235
241
234,2
238
235
236
235
226
235
236
240
236
235
236
238
235
236,2
235
241
236,4
242
236
235
237,2
234
251
238
239
251
240,2
232
243
234
241
239
240
235
238
236
239
240
234
239
240,4
236,2
240
246,2
243
242
234
230
240,2
246
242
247
234
240
245
241,2
246
241
242
246
241,2
242
248
228
245,2
242
241,2
242,2
246,2
239
242
249
243,2
240
249
238
243
249
242
243
245
238
246
243
242
243,2
235
245
243
245
232
243
246
244
245,2
243
245,2
236
246,2
250
241
246
242
256
242
246,3
243
253
248
241
247
246,2
256
238
251
241
256
242
246,3
257
246
261
251
246
249
246,2
249
246
251
246,2
249
242
251
249
254
249
235
240
249
246
251
249,2
250
246,2
243
251
261
269
253
250
261
253,2
245
249
258
253,2
263
253
255
254
257
261
246
249
256,6
257,2
265
257
273
257
255
246
249
262
258
261
246
265
259,2
260
261,2
242
261,2
262
261
265
247
265
257
252
261
255
268
246
257,2
249
255
257
274
249
262
266
265
262,2
264,3
258
261
259
264,2
261
274
255
272
262,2
265
258
264
249
269
255
265
262
257
273
266,2
273
266,2
257
266
261,2
266
276
266,2
264
265
263
266
275
271
265
269,3
271
261
270
265
259
269
272
274
278
261
269,3
257
269,3
270
261
270
265
271
275
274
272,2
266
272,3
274
262
273
269
273
280
278
274,2
276
264
274,5
280
274,2
266
272
276
274
275,2
274
272
278
274,2
280
269
265
257
274
269
275
265
275
279,2
275,2
278
275,3
276
273
279
275
278
284
276
278
276
277
284
276,2
284
276,3
277
276
274
277
285
277,2
261
273
276
277
284
281
277
274
290
277,4
273
278,2
287
266
284
280
278
273
267
278
279
284
281
278
283
277
274
281
279
280
275
274
276
280,3
275
285
277
281,5
277
281
276
282
275
286
276
283
284
277
284
285
296
276,2
279
288
287
284
276
274
284
291
284
289
284
285,10
287
285
293
285,2
296
286,3
290
286,2
290
275
294
296
285
287,4
285
287,3
285
288,2
292
289
290
289,2
285
289
290
297
290,2
296
291
293
290
286
287
284
274
297
285
297
302
276
292
291,2
288
291
292
296
292
307
296
297
292
297
299
296
292
289
292,2
298
284
292
296
292
286
292
300
297
286
292,2
293
296
291
295
290
296
305
301
296,2
297
296
288
290
296
291
297
296
301
290
296,6
297
286
288
296,2
306
300
304
297,4
298
297
292
306
298
292
306
297,2
307
296
297
306
303
298,4
292
307
298
300,2
306
300
303
301
307
310
297
296
304
303
305
301
283
309
301
285
301,4
303
298
310
303
304
297
304
305
296,2
297
296
304
307
297
310
303,2
296
297
306
310
305
297
305
307
306
304
305
308
305
308,2
311
305
306,4
310,2
306
300
305
306
305
300
298
301
306
307,2
309
306
307,2
314
307,2
308,2
309
312
308,3
309
312
297
309
310
305
317
307
309,2
312
309
310
312
287
311
310,2
296
311
310
312
310
317
309
310
318
309
310,3
311,3
312,2
310
309
312
308
312,3
320
311
318
312
325
311
312
320
312,3
297
313
308
326
311
313
309
313,3
317
313,2
310
313,2
314
309
314,2
309
311
321
314
310
314,4
315,3
317,3
320
317
316
317
318
320
313
318
323
318
312
318,2
313
318,2
320
325,2
321
320
312
329
324
320
314
321
313
320,3
326
329
327
315
320,3
321
327
321,3
329
320
321,5
314
321
336
325
306
321,2
325
332
321
328,2
321
319
325
322
320
322
338
334
323
320
323,2
320
324
312
324
321
325
324
320
325
324
325,2
332
313
318
327
320
325
331
325
323
326,3
322
331
330
327
330
321
327
325
331
320
323
328,2
321
328,3
327
328,4
329
326
333
329,2
334
329
334
331
329,2
330
329
325
335
327
328
330,2
328
329
331
335
314
331,2
321
332
334
335
331,2
325
334
331
333
325
337
334
331
333
325
329
331
339
337
334
333
331
328
336
329
325
329
332
338
332
335
333
326
333
326
333
334
339
334,2
337
338
334,2
338
334
342
327
334
341
343
340
335
325
335,2
339,2
336,3
334
339
336
337,2
332
337
331
334
337,2
338
341
340
338,2
335,2
338
345
338
337
334
331
338
340
339
335
339
332
339
338
339
344
337
339
353
343
333
340
335
340,2
334
340
344
334
340,5
341
336
335
336
341
340
345
337
342,2
345
338
349
343,3
358
340
339
349
344
343
344,2
348,2
349
342
344,3
339
344
348
345,3
337
351
348
335
345
336
345
338
345,2
339
356
337
345
349
345
349
346
345
349
340
346
351,2
349
350
343
347,2
349
347
343
345
348
345,2
348,3
357,2
346
349
357
349
355
357
345
349
353
345
349
351
349
345
349,2
348
351
357
352
351
354
349,2
345
347
353,2
362
356
351
362
352
355
345,2
352
358
353,2
360
356
353,2
359
353
363
361
353
358
351
353
360
356
353
347
357
353
360
352
349
355,2
349
351
356
362
356,4
348
358,2
361
358
363
362
363
358
352
355
358
363
362
355
358
355
360
357
358
360
358
366
361
364,2
358,2
360
359,2
358
363
359
352
360
358
366
363
361,3
378
361
357
361,3
363
360
356
364
366
362
363
362,2
361
356
363,2
356
362
365
363,5
361
363
355
360
365
364
359,2
363
364,2
356
363
356
366
363,2
362
361
365,3
359
365,3
377
358
363
364
366
365
366
365
361
362
365,2
360
357
374
365,2
363
365
372
365
363
362
374
351
366
367
362
363
372
383
367
366,3
367
366
371
366,2
372
365
366,4
358
366,2
367
384
369
361
367,2
362
378
366
367,3
363
368
374
368,2
379
368
380
370
368
371,2
366
365
366
370
381
366
365
372
378
374,2
378
377
370
374
363
365
383,2
372
374
379
378
365
378,2
379
368
374,2
375
382
377
374,2
373
376,2
382
374
376
385
376
383
371
377
386
378
388
381
377,2
372
378,2
383
378,2
377
378
381
375
377
378,2
370
378
374,2
366
371,2
381
379
371
372
381
384,2
381,2
384
385
377
372
383
384
375
382,2
379
375
385
382
383
382,3
383
372
385
383
366
383,2
376
383
382,2
378
385
378,2
383,2
385
384
383,2
382
385
386
381,2
383,2
381
383
385,2
383
384
387,2
383
385
383
363
383
389
379
376
384
383
389
378
383
385
384
382
385
374
385,2
382
385,2
393
385,3
383
386,3
381
386,2
387,7
402
393
387
388
382
389
388,6
394
385
388,2
384
389,2
393
389
397
385
389
397
389
395
390,2
385
394,2
388
405
390,3
385
396
384
390
394
391
385
388
385
387
402
392
385
394
392
405
402
384
406
394
396
387
383
394
393,4
394
393,3
387
394,2
397
394,3
397
394
388
394
399
394,3
407
397,2
394
397
395
402
394,3
399
406
389
394
395
394
395
399
395
393
395,2
394
392
396
400
402
396,3
397
402
393
397,2
394
401
406
407
401
397,2
394
397
390
397,3
395
404
393
398
397,2
399
402
399
394
396
399,2
401
394
399
401
388
396
401
394
408
402
406
402
397
402
411
402
407
397
402,2
410
393
408
403
401
394
392
404
401
394
405
394
396
387
401
408
405,3
406
413
402
406
408
399
412
399
406
402
414
411
413
407
406
402
397
392
407
406
402
407,3
406
419
408
407
406
407
408
411
407
408,2
414
408
406
407
408
415
402
408,2
407
408
417
405,2
416
408,4
409
414
410,3
397
407
414
407
405
411
412
402
411
410
411
412
408
415
422
421
419
412,2
424
412
405
421
412
402
414
413,4
414,3
416
407
414
415
421
414,2
421
427
410
414
407
408,2
414
423
408
415
422
410
416
418
416
415
416
417
405
410
411
407
417
421
417,2
408
417,3
418
415
427
418
427
415
408
418,2
419
411
419
415
424
417
419
420
417
413
416
415
420
424
420
424
416
421,2
422
425
411
414
421
419,2
422
428
422
414
424
414
421
422,4
415
414
424
416
425
418,2
423
440
424
423
426
427
423,2
417
414
434
424
429
424,2
427
424
414
424,2
417
427
430
423
425,2
420
431
425,2
426
431
427
419
427
433
431
427
430
427
422
430,3
437
417
427
431,2
427
433
429
427
424
433
429,2
427,4
416
433
428,2
439
424
429
421
433
423
422
432
429,2
428
417
429
430
424
433
430,3
432
430
432
430
425
430
433
427
430,3
431
427
431
429,2
434
429
433
419
430
431
438
433
432
439
427
431
425,2
431
441
433,2
437
442
432
442,2
432,2
439
432
433
430
433
446
433
436
427
433
441
434
433
442
433
441
433,4
442
434
433
434
429
434
431
441
434,2
442
435,2
442
435
439
437
431
437
442
437,2
438
440
443
442,2
438
442
439
442
439,2
448
432
441
445
441
443
441
448
442
431
441
442
441,2
446
434
441
448
447
442
433
446
442
446
442
447
438
446
434
442
441
445
442,3
441
442
433
448
446
438
442,3
440
450
443
440
446
443
444
442
446
438
448
443
448
456
439
443,2
448
443,2
448
438
443
445
446
445,2
447
443
432
451
439
445
438
447
445
443
457
446
441
446
448
446
433
448
443
446,2
442
446
442
446
443
446,3
451
456
446
438
447,4
450
446
447,2
443,2
442
447,3
448,4
447
448
449
448,2
449
455,2
448
451
446
452
448
454
449,5
454
451
449
451
456
450
449,2
447
437
446
456,2
465
451
459
450
451,2
448
451
454
452,2
459
451
459
455
452
448
449
452,2
447
452,2
448
452
448
449
456
447
451
452
449
454
455
452
455
456
452
457
455,3
457
456
465
451
455
463
459
455,2
460
459
465
456,3
445
455
459
456
452
453
462
465
454
463
456,3
451
463
457
450
457
468
457,2
459
457
462
465
458
454
459
463
459
455
459
456
465
460
452
459
464
459,4
473
460
463
452
465
467
459
467
460,2
469
455
465
460
456
463
462
467
456
463
456
472
465
462
465
467
459
463,2
456
464
465
464,2
473
459
465
451
465,3
466
456
465
459
465
461
465,5
466
467
473
464
467
475
467,5
475
463
472
465
463
460
463
474
476
468
469
468
469
468
456
471
465
469
471
469
474,2
469,2
472
469
471
469
475
480
478
471,2
468
471
467
472
475
466
478
469
473
464
480
467
474
468
474
465
474,2
465
480
476
474
477
474
469
479
467
475
465
475,2
476
480
467
475,2
481
474
469
479
475
471
475
470
486
475
468
478
465
463
476,2
480
476,2
480,2
481
473
485
478
479
482
491
473
480,3
473
480
476
475
480,3
488
482
480,2
478
483
473
480,2
485
480,2
473
485
491
476
480
476,2
480
476
480
486
474
481
485
480
482
486
473
476
480,4
485
481
475
480
483
485
480
467
480
476
480
483
476
485
481,2
479
480,2
491
481,4
489
478
488,3
482
481
482,2
483
492
481
491
488
485
483
484,2
482
476
481
484,3
491
481
491
485
480
482
485,2
480
483
481
485
488
482
485
481
486,6
481
486
487
488,2
492
488
496
482
488
491
488
492
482
497
492
491
485
492
497
492
501
497
480
491,2
485
498
485
481
497
491
499
486
501
490
486
492
493
501
498
492
481
491
508
493
488
493
501
493
492
493
485
497
507
493
499
491
501
500
493
491,2
501
494
501,2
494,2
501
492
500
496,3
482
500
496,2
497,3
498
506
491
499
497,4
498,3
497
498
493
499
498,4
496
501
492
501
498
501
495
509
499,3
494
501
500,2
501
500
501
509
500
485
501
505
501
508
500
501,3
498,2
501
505
493
501
498
501
514
501,2
498
509
501
512
501,2
515
508
501
508
499
497
501,3
507
503
501
491
488
502
503
505
510
505
511
505
516
520
501
500
507,3
501
507
501
509
515
509,2
515
488
509,3
492
509
515
501
516
501
508
509
505
509
498
509,4
515
509
517,2
509,2
510
493
507
524
511,2
504
501
514
513
516
515
507
518
521
515,6
529
515,2
501
515,3
508
507
516,2
509
516
517
516
522
517
511
512
517,2
509
517,3
529
520
521
518
511
521,2
512
522
514
530
520
516
501
518,2
516
526
529
515
518
519
520,2
505
527
520,3
524
518
527
520,4
521
520
518
520
515
521,5
515
521,4
524,2
530
525
522
524
527
522
520
515
524,2
522
526,2
530
524,2
523
515
524,2
528
524
517
524
526
518
526
531
526
536
519
526,3
518
530
526
529
526,3
524
529
531
520
526
528
529
532
527,2
528,4
541
526
529
532
529
520
524
532
527
521
529,2
526
530
526
529
532
522
529,3
532
529,2
524
532
526
530
524
531
539
524
531
524
526,3
531,4
526
531,2
532
537
515
529
532,3
527
532
534
531
526
527
532,2
538
532
541
532
537
532,4
538
541
530
533
541
534,4
541
534
526
534,2
532
534
550
530
534,2
540
534,5
532
535
542
538,2
540
532
538,3
530
538
539,2
532
539
531
534
544
546
531
544
540
545
532
537
543
539
541
545
532
542
541,2
532
546
541
547
541,3
542,3
537
542,2
532
542,6
544
542,2
541
542
538
542
539
542,2
538
546,2
542
546
540
542
541
544
541
542
543
546
542
543
542
543
546
543
542
541
540
532
547
542,2
539
546
544
547
548
542
544
543
540
547
544,2
543
544,2
553
544
545
548
542
548
546
548
534
545,2
546
542
546,2
545
546,2
542
543
546
551,2
553
546
543
547
548
546
549
542
546,4
548
544
547,2
550
547,2
542
547
546
547
542
547
546
547,3
544
556
547
548,2
547
545
548
549
548
543
548,2
554
552
548
549
545
553
547
550,3
554
548
550
553
549
556
549
550
546
550,2
558
550
554
547
553
551,2
558,2
556
543
554,3
546
551
554
544
548
557
549
554
551,3
552
550
551
547
551
554
553,2
554
553,2
551
557
553
544
550
553
551
554,2
551
553
554,3
553
554
553
560
552
554
550
555
553
548
554
560
561
549
554,2
561
554
551
550
555
556,3
553
554
556
554
560
556
559
557,2
551
557,2
555
552
557,2
561
563
553
560,2
561
558
557
559
551
553
552
555
553
554
564
557
554
557,2
555
557
559
554
559
557
558,3
566
559
566
554
559,3
551
557
554
559,2
560,2
557
567
560,3
556
566
559
566
560
566
564
560,2
561
560
561,2
564
561
563,2
566
563
555
569
551
556
565
564
569
560
561
563
567
564
554
567
559
577
567
564,2
571
567
571
565
568
570
565
567
564
569
565,4
566
571
560
566
567
564
575
566,3
570
566
560
561
566,2
567,3
566
567
577
559
567
559
567
565
560
571
577
567
564
560
565
564
567
571,2
582
567
569
566
567
576
582
575
562
567
575
569,3
565
569,4
584
569,2
566
570,2
587
564
570
563
566
577
571
582
571,2
572,2
575
568
577
582
572
582
568
578
567
557
575
567
574
575
589
584
577
572
582,2
581
577,2
584
581
572
584
581,2
577
571
577
567
577
572
574
570
578,2
567
578,2
579
573
569
577
584
579
588
579,4
591
580
579
571
585
577
579
585
582
594
579
566
580,2
584
569
587
580,2
598
579
584
561
580
571
587
590
584
579
581,2
574
563
582
588
595
584
580
582
581
582
601
582
587
583
584
591
578
584,2
591
584,3
585
590
580
594
585
580
586
587
588
579
584
587,5
588,2
582
595
582
591
599
584
591
588
589,2
584
590
582
592
601
594
589,2
594
590
575
590
597
591,2
594
591
604
591
582
588
581
599
594
590
594
587
582
591,2
595
602
591
592
594
592
595
603
591
593
591
594,2
595
601
584
587
589
594
596
591,2
594,2
600
587
582
588
594
603
598
595
598
595,2
604
598
595
591
600
603
588
596,2
598
603
598
595,2
601
598
604
618
598
613
604,2
598
600
589
595,2
598
599
598
591
603
599
595
603
599
602
600,2
601,3
588
603
606
602,2
587
608
602
598
603,4
595
604
603,2
596
604
609
600
603
604
607
601
604,6
614
608
603
608
603
594
604
611
602
604
614
603
605
600
602
591
599
602
603
605
591
606
614
602
606
608
606
611
609
602
606
615
618
607,3
617
611
606
608,4
609
608
609
616
603
615
604
611
625
599
613
610
602
608
605
611
614
612
613
614,2
613
604
620
606
607
620
615
611
613
615
614
613
617
622
606
614,2
609
620
614,3
615
614,2
607
614
621
618
614
616
614
615
621
615,2
614
618
616
607
614
616
618
616,2
618
615
624
616
618
620,2
618
614
627
606
618,2
627
635
624
618,3
619
623
616
619
624
619
627
620,2
618
620
604
628
620
628
621
615
621
620
623
620
623,2
618
627,2
618
628
640
628
632
624
631
615
623
624
620
624,2
623
628
629
623
624
625,2
626
631
626,2
627,2
620
632
627
621
629
627
626
623
627
628
634
628,3
620
628,2
634
628
627
634
628
629
636
630
623
630
631,3
621
632
638
637
631
624
623
636
632
634
632
625
632
626
615
621
633,3
636
626
637
633
620
633
634
627
632
630
627
635
636
638
635
651
623
628
635
636,5
631
638
636,2
627
636
628
642
636
631
636
640
636,2
631
640,2
636,2
627
636,3
633
636
627
631
637
642
637,2
638
629
638
640
632
635
629
644
646
643
659
638
627
636
633
638
640
638,2
636,2
632
638,2
637
639
640
639
636
633
639
645
640
654
640
648
645
640,4
646
636
638
653
640
636
645
649
641
642,2
647
646
643
647
642,3
638
653
642,3
649
643
646
640
643
648
640
639
645
640
645,2
643
645,2
642
657
643
645,3
638
645
640
646
647
648
650
647
634
647
645
649
661
647,3
638
640
662
648,2
642
651,2
650
648
649
642
634
659
643
649
642
649
655
649
642
663
649
642
657
650,2
655
652
650,2
636
652
653
661,2
647
650,2
636
652,2
650,2
653
649
653
651
653
645
653,4
665
653,2
654
669
671
649
655
660
661
655,2
658
666
655,2
652
655,3
657,2
649
658
659
663
659
669
661
655
660
655
660
654
647
654
655
661
659
641
672
653,2
659
643
661
650
672
660
661,2
674
668
653
672
669
663,3
653
666
663,5
672
666
661
647
660
672
668
671
667
647
648
667
663
668
656
663
668
658
669
673,3
669
661
664
672
667
669
673
672
658
670
671
674
682
672,3
669
672
658
672
667
669
658
669
672,2
661
669
672
676
674
673
672
673
672
679
680
672,3
676
673
681
675
670
673
660
673
669
673,2
658
673
670
685
657
661
679
678
673
672
669
673,3
678
676
673,7
674
660
674,2
679
673
675
678
674,2
688
673
672
673
676
680,2
673
679
675
673
679
675
680
679,2
661
675
672
677
675,2
680
662
682
678
680
661
676
673
684
678
673
678,3
684
678,2
682
678,2
679,2
682
679
673
684
687
684
679
682
679,4
674
680
685
673,2
680
685
673
680
685
680
675
682
672
682
683
684,3
676
680
684
680
685,2
686
684,2
685
680
684
685
676
685
689
686
687
685
676
677
688,2
685,3
690
695
680
686
681
692
682
686,3
690
693
687
693
672
692
687
679
689
687
686
693
681
684,2
687
688
689
688
692
689
693
675
692
700
688
690
684
688
690
689
685
689
684
691
686
689,3
682
696
690,2
697
685
696
690
695
684
690
689
690
684
696
691
693,2
687,2
692
696
684
689
696
692,3
695
693
695
693
689
693
686
689
687
697
693,2
697
694
695
697
691
693,2
706
694
699
694
693
695
694
701
694,2
690
697
691
692
693
691
690
695
686
695
700
701
706
695,5
693
690
696
690
694
693
696
695
706
707
695
696
697
696
706
696,2
695
700
709
698
706,2
707
693
707
695
706
702
693
701
697
708
694
697
690
700
701
695
694,2
701
696
707
693
696
708
695
701,3
694
696
703
708,3
704
708
707
708
704
708
714
704
692
706
723
706
709
706,2
709
704
706
702
706,2
696
697
706
718
706,2
707,2
700
709,2
708,3
707
710
706
708
695
708,2
706
712
715
708
714
708
702
708,3
702
709
708,3
715
713
724
710
708
716
708
701
708
706
714
701
706
709,4
696
722
719
716
709
706
709
707
708
709
723,2
719
720
714
710,3
708
711
708
715
713
714
726
727
724
714
723
709
727
726
714
706
705
714,2
708
714
716
708
713
714
708
706
708
715
709
715,2
718
706
715
716
706
714,2
718
716,3
709
723
727
718
717
723
719,2
720
726
720
726
724
721
722,2
710
709
722
721
723,3
735
711,2
723,2
715
723
715
720
728
724
716
729
711
723,3
709
723
724
712
714
709
723
724,3
719
729
725
724,3
729
734
724
725,2
724
725
723
722
709
725
727
723
725
726,2
740
726,2
711
718
736
731
726
719
727,3
708
727
737
727,2
724,2
738
729
724
726
729
736
729,2
731
729,2
724
737
724
740
729,2
731
734
736
738
725
730
727
724
736
734
725
731
733
731
729
730
732
738
734
725
734
730
734
735
740
736
735
726
737
726
742
735
727
739
729
735
729
740
724
736
725
736,2
733
736
740
736
739
726
736,4
737
738
741
736
742
737
736
737
730
737
750
743
737
729
738,4
742
740
734
729
738,4
742
728
738
730
736
743
737
744
738,2
743
738
736
738,2
739
729
739
726
739
748
725
746
737
739
743
736
740,2
737
753
747
740
731
747
740,2
736
740,2
743,2
742
743
742,2
740
746
742
714
742,2
743,2
748
743
742
743
748
760
743
748
755
738
743
738
732
743
739
757
738
742
740
743
739
745
757
746,2
742
746
745
757
748
735
742
750
747
752
743
740,2
746
740
748
743
755
747,2
746
747,2
748
742
752
748,3
751
740
748
743
760
748,2
754
748,2
749,2
746
752,2
757
740
750
752
757
751
742
751
755
754
752
746
756
747
759
757
755
756
745
752
756
755
763
752,2
759
753,2
760
759
753
756
745
748
757
754
760
757
761
743
758
754
745
754
759
763
755,3
756,2
757
756
737
765
747
757
759
743
757
753
757,2
760
759
761
757,2
755
761
757
756
763
760
754
757
763
757,4
760
757,2
759,5
742
766
761
766
759,2
765
760
787
760
757,2
759
763
760
763
760,2
772
760
753
761
763
757
763
761,3
766
759
757
760
770
756
761,2
767
766
762
766
763,6
759
770
766
765
763,2
765
759
772
764,2
761
764
763
761
760
765
772
765
777
763
766,2
765
771
774
766,2
772
766
772
765
766
780
766
763,2
766
767
763
782
767,2
768
772
768
774
768,2
772
768,2
770,2
777
763
768,2
766
772
779
771,2
765
772,2
773
767
766
772
780
772
764
772,2
774
770
772,3
769
780
776,2
777
772
759
765
772,2
774,2
772,2
777
772
776
765
772
774
780
767
783
772
774,5
776,2
788
777
772,3
783
776
770
776,2
770
777,2
780
777,2
778,2
782
778
782
774
781
776
779,2
792
779
780
790
772
789
784
780
777
767
774
772
780
791
774
782,2
777
783
786,2
782,3
784
782,2
772
761
782,2
763
774
777
775
779
782,2
787
774
797
782
777
783,2
789
784
783
787
782
783
776
766
774
780
776,2
784
779
788
783
787
785
782
784
787
774
779
788
787
782
790
784
794
784,2
779
786
795
786
780
787
808
787
800
789
787
790
787
788
793
787
784
788
780
797
788
789,2
785
789
779
792
796
787
795
790,2
784
788
785,2
792
800
792,2
790
800
792,2
793,2
800
793
783
797
793,3
790
795
793
794
792
794
789
794,2
792
795
792
795
800
803
795
780
795
791
795
790
792
802
795
796,3
795
796
801
790
792
796
800,2
796
797
811
797
810
797
800
797,3
794
802
797
803
795,2
803
802
797
798
795,2
799
797
810
808
793
792
800
794
792
808
787
794
811
800,2
792
804
805
801,3
800
802,5
804
802
800
795
802
800
802,2
803,2
802
803
800
804
803
804,4
800
808
804
814
808
802
808
800
804
802
810
804,2
795
804
805,2
810,2
800,2
805
802
805,2
808
805
802
808
805
800
808,3
815
808,3
802
808,2
803
808
811
803
807
808
815
811
801
808,2
800
808
797
808
806
809
810,4
804,2
814
810,3
808
804
810
800
810
812
810,3
804
810
801
813
810
804
810,3
802
810
811
810
811,3
818
803
808
810
814,3
812
814,2
815
813
818,2
808
813
817
818
816
818
808
814
810
811
808
816,3
818
808
810
814
816
818
810
809
818
813
818
808
810
