185
417
396
60
413
22
732
311
52
587
384
137
368
202
543
181
433
742
266
250
3
443
13
385
762
2
798
25
784
412
466
537
339
525
544
655
584
392
563
611
13
469
52
218
439
337
383
404
94
357
622
593
443
135
130
387
442
607
565
373
22
466
179
368
204
94
147
637
310
345
713
4
424
243
300
474
60
13
813
468
258
211
772
286
99
169
703
483
83
73
269
123
136
102
602
730
230
285
390
812
334
144
731
208
289
554
787
32
307
82
469
275
656
135
640
88
544
577
719
55
204
221
32
286
495
135
5
623
645
524
131
397
217
601
61
678
185
202
438
419
389
283
190
167
194
418
542
364
408
559
23
391
101
761
95
649
147
519
656
136
194
196
177
56
32
335
191
680
365
88
43
116
663
494
381
589
55
105
107
80
198
136
490
70
563
681
433
117
307
311
321
377
97
372
152
72
248
620
265
156
529
432
451
164
285
487
505
51
162
729
81
420
55
721
230
374
96
141
19
743
400
293
160
420
681
39
291
409
802
147
84
543
41
51
166
625
145
138
414
416
8
415
43
282
790
440
119
782
621
286
792
325
578
340
20
390
220
342
508
330
179
266
372
307
794
489
802
509
152
336
619
228
166
720
526
285
293
74
144
708
465
433
233
437
12
270
181
76
676
615
341
395
404
120
94
568
13
151
331
634
414
339
759
512
198
36
737
62
356
378
383
69
168
207
30
83
434
70
76
695
123
584
262
29
147
505
371
626
317
709
360
102
693
202
545
107
693
160
184
286
84
501
599
434
330
465
282
544
85
102
93
739
433
425
763
687
228
584
678
438
644
269
498
222
681
481
285
592
522
707
207
253
7
370
115
581
311
30
646
23
236
748
668
142
253
262
82
323
139
735
238
304
493
275
51
247
470
162
362
543
537
360
649
592
723
331
812
123
196
734
206
349
266
148
166
445
237
333
456
139
541
309
32
23
532
248
489
171
762
84
209
66
470
96
718
736
286
188,2
616
12
321
678
59
6
370
13
7
100
453
383
164
22
33
181
190
204
211
291
289
76
136
593
452
551
417
167
589
640
417
31
306
167
135
509
694
280
370
136
561
283
9
420
67
509
29
162
494
439
259
166
108
300
40
553
80
185
105
471
389
54
295
696
545
490
336
166
720
505
628
494
752
727
62
648
625
130
452
578
147
313
703
577
131
206
94
83
78
130
284
637
306
258
130
38
302
240
31
40
412
420
1
364
495
350
261
198
85
395
525
111
444
258
237
800
188
428
637
311
86
407
7
409
268
248
115
72
7
339
136
425
332
387
665
84
637
333
676
371
85
149
89
133
83
171
179
30
572
737
243
644
211
712
715
469
640
140
30
607
258
334
67
490
142
425
32
142
240
195
358
9
318
339
257
781
669
72
802
724
348
30
325
164
147
80
369
419
143
149
306
492
51
117
246
385
139
483
676
220
128
74
222
167
33
439
350
110
392
377
497
280
72
524
341
767
233
119
127
780
466
656
189
348
269
551
383
713
757
193
420
267
9
387
377
541
501
707
76
418
725
537
718
162
472
806
107
183
584
683
589
724
168
82
809
374
62
417
147
743
232
487
285
439
622
260
217
139
761
572
481
810
371
331
662
68
166
24
187
220
771
244
222
81
377
91
524
651
407
420
589
410
95
675
310
753
62
41
500
406
418
144
576
342
384
59
185
218
145
596
492
447
628
211
304
468
128
220
164
152
642
187
370
50
645
288
242
383
201
29
243
542
199
656
93
648
443
541
307
4
411
290
47
204
7
372
498
250
55
417
111
188
252
589
276
748
584
439
38
27
45
120
22
468
783
124
397
172
178
82
66
449,2
417
167
172
475
332
675
196
321
242
62
95
538
404
546
84
62
729
382
526
18
145
136
595
266
280
389
593
564
797
196
145
27
37
449
669
50
293
669
99
543
598
166
85
199
742
184
565
293
449
626
171
353
131
803
206
166
69
817
503
370
549
248
371
283
175
576
105
644
317
194
264
558
271
762
588
62
440
439
48
230
116
743
783
607
623
118
427
96
236
551
404
402
737
33
85
220
311
90
387
286
395
746
355
232
169
6
364
562
8
172
139
797
176
390
174
486
591
623
25
293
489
201
220
209
501
198
81
362
350
240
262
145
183
6
41
769
787
86
88,2
574
346
333
196
481
635
236
448
228
120
85
395
222
572
594
213
311
108
212
15
486
509
95
786
816
395
39
392
584
542
505
589
154
509
198
85
206
279
625
135
537
686
486
717
339
88
244
253
544
69
406
757
437
244
17
790
274
793
469
258
315
432
429
24
277
32
7
415
123
111
196
13
465
219
37
475
27
156
545
521
120
204
323
720
168
689
273
70
139
183
767
399
465
261
42
371
533
56
74
317
623
40
48
121
23
114
160
3
55
185
125
323
101
265
42
739
670
455
198
810
616
783
247
174
145
296
81
548
387
586
284
129
36
304
377
385
505
408
163
19
293
242
178
14
418
802
812
78
361
118
244
137
222
195
95
383
566
291
160
602
321
313
576
315
347
94
498
549
83
70
237
589
145
571
147
200
387
95
152
739
131
470
337
248,2
667
490
350
136
417
488
124
136
466
425
416
281
730
51
165
327
415
181
295
220
311
29
381
95
519
340
76
630
232
598
140
82
42
476
382
266
353
490
321
160
296
59
73
472
782
177
610
99
130
274
401
493
542
708
376
472
166
360
385
131
228
88
306
694
487
545
145
172
323
76
325
625
802
258
538
228
80
505
149
6
681
395
99
218
656
172
198
48
682
724
468
429
625
126
465
461
751
571
157
30
397
283
449
202
505
708
126
111
620
395
671
14
147
812
533
505
689
55
392
9
362
606
119
666
248
356
69
211
268
614
623
737
383
123
623
225
172
681
260
130
607
42
645
772
225
321
51
561
266
563
629
406
377
124
445
371
265
14
20
387
83
413
519
253
96
285
537
27
319
204
487
400
236
656
575
302
118
121
27
212
2
384
38
197
305
81
452
604
256
447
390
521
414
667
42
198
184
270
237
187
442
193
257
441
7
75
339
390
475
249
55
307
519
130
93
142
198
541
490
136
360
32
105
43
640
147
261
492
562
498
243
80
575
300
632
462
743
197
385
533
237
72
42
19
9
593
136
544
83
113
263
71
461
35
440
562
135
24
626
95
395
198
307
586
7
124
461
621
284
158
48
204
246
592
332
611
619
443
327
769
202
166
475
119
671
743
182
209
490
518
219
266
439
533
75
451
86
128
571
42
596
111
385
468
198
36
370
136
232
558
546
207
105
265
169
358
189
537
397
498
686
620
74
152
349
300
732
792
744
399
527
103
56
29
89
489
737
421
806
232
473
167
184
751
505
422
782
95
397
176
128
285
420
180
77
782
496
4
280
387
318
136
184
786
166
503
199
84
71
149
494
534
569
209
331
454
168
211
465
725
248
702
381
155
162
733
216
263
231
456
122
81
742
312
43
604
721
138
160
540
369
717
408
418
41
58
377
489
41
105
560
628
489
181
751
519
537
250
327
130
348
172
778
13
539
81
547
136
40
129
498
443
676
738
350
97
292
385
154
301
389
84
246
387
551
413
194
71
35
345
301
732
166
301
95
319
0
211
591
1
274
2
193
2
442
3
4,3
166
737
589
94
112
37
183
5,2
6,4
7,2
51
7,2
9
708
184
9
353
9
767
9
441
10
469
592
11
12
712
13,4
84
273
13,3
588
13,4
537
256
14,2
743
425
538
14,2
361
14,5
15,3
16
735
17,2
18
249
18,6
43
70
19,2
405
19
425
19
20,2
543
20,2
294
20
366
20,2
21,3
249
21
22,5
505
700
406
329
589
40
103
22
23,3
352
80
23
767
23
445
23
667
24
261
551
24,2
708
24
38
27
796
27
121
571
470
29
543
771
437
29
270
29,2
553
29
40
29,3
30,2
167
30,3
89
30,2
258
30,3
31,2
248
31
167
605
31
701
33
31
32
294
32
592
32
39
32
20
139
427
33
174
33
62
302
34
212
444
670
35
718
35
486
35,2
637
36
483
695
37
597
38
737
500
412
38
542
39,3
780
39
184
40
701
144
597
84
40,3
141
40,5
783
331
604
514
142
81
40
698
384
453
472
310
40
798
40
41,7
201
735
626
41,2
42,4
547
42,2
402
42
351
42
17
42,2
774
14
43,2
669
439
43,2
99
702
43
44
45,5
656
579
45
682
757
297
578
46
686
47
48
102
48,7
210
49
50
144
789
50,3
51
707
51
52
53
680
53,2
498
53
397
53,2
55,3
14
491
447
56,3
420
806
59
541
759
59
270
59,2
47
59
108
62
230
81
93
62
42
62,2
490
62,3
63,2
66
67,2
69
643
69,4
544
69
70,6
213
617
70
668
596
51
442
70
71,3
72,3
614
72,3
517
73
396
525
183
786
73
407
73
536
374
444
616
73
74,4
495
729
74
648
74,2
292
74,3
75,2
249
212
143
387
76,3
119
770
127
780
76,2
77,2
79
80,3
20
80
381
80,2
81,4
782
73
616
81
742
81,5
573
770
168
82
83
753
83
442
395
383
83,2
84,3
779
208
84
248
237
414
84
67
496
84
414
84,2
85,2
50
807
85,5
86
493
86,2
33
289
86,4
155
509
86,2
87
88
498
334
408
88
167
702
89
680
89
76
90
619
90,2
198
640
90,6
258
90,2
748
90,2
445
389
90
74
91,3
130
93,3
485
93,2
542
93,2
296
723
244
94
95
94,2
95,3
736
169
217
95
696
735
95
702
95,2
96,5
258
96,2
505
96
411
720
702
96
730
97,2
230
98,3
605
99,2
650
37
99
274
313
99
100,2
176
360
281
451
408
100,2
101
273
101
102,2
584
587
478
102
103,4
595
104
105,2
616
105,2
461
105
106
107
95
107,3
108
109,4
72
663
109,2
111,5
697
111
55
111
265
113
115
275
317
115
116,3
117,3
630
117,3
208
118,2
158
118
356
118
29
123
296
119,2
383
119
331
119
288
119
75
119
350
264
120,2
76
202
772
81
357
121
83
121
123
629
123,2
476
123,4
124
409
125
126,3
127
285
127
14
128
248
128,3
675
735
129,2
130
148
221
130
519
130
793
553
165
130,2
694
130,2
195
130,2
172
130
211
130,3
378
130,2
393
130
131,3
78
131
494
133,2
465
450
133
273
135,3
27
135,3
597
135,2
21
136,3
778
770
136,2
780
137,5
677
630
137,2
186
149
396
240
138,2
642
138
681
139,2
745
139,2
705
140
141
333
141,2
562
141
142,2
258
798
694
142
542
142
135
93
142,2
529
15
142
143,3
133
624
202
733
143,2
784
132
143,2
144
193
144,2
13
395
806
145,2
395
121
329
101
329
317
74
145,2
90
145
306
145
790
466
573
145
53
90
145,3
742
146
147
593
147
573
17
147,2
563
520
147
212
148,2
130
759
148,4
149,8
802
151
261
151
729
151
152
656
734
416
1
152
90
652
243
152
32
152
153,4
154,4
155,7
167
318
156
620
735
156,2
157
158,4
142
786
296
326
315
759
250
160,3
573
160
161
567
614
184
162,3
163
118
163
121
163
164
433
95
533
38
165,2
468
120
165,2
166,2
509
166,3
228
166
154
166
352
270
686
673
166
253
541
135
167
27
538
167
209
167
711
168,2
398
168,3
548
720
168,2
679
408
168,4
718
168,2
89
720
169,3
171,3
742
171,2
770
172
382
259
212
172,3
136
172
173
242
42
174,3
85
212
175,4
176,2
177
276
204
177,2
188
393
470
645
396
59
177
178
179,2
457
800
492
179
443
179
256
180,3
408
180
97
180,2
266
181,2
492
181,6
182
38
182
550
182,2
94
634
650
182,3
196
182
468
182,5
183
158
184,3
143
490
185,2
551
185
455
185,2
171
185,2
568
39
185
648
185,3
206
186,3
187,2
371
187
39
470
187,6
188
40
256
188,2
189,2
33
189
190,5
119
191,2
63
193,2
715
193
553
74
193
648
489
194
735
194,3
486
592
348
453
625
195
568
195
443
195
152
196,3
13
196,4
197
814
197
356
197
779
198,4
292
198,2
770
199
372
199,2
201
663
83
201
805
489
490
166
475
457
202,5
526
204,2
217
145
204
722
74
204,2
205
81
206
208
258
206
243
179
206,6
130
206,2
207
538
548
208,5
797
209
725
665
209,4
211,2
734
211,2
486
211
196
211
798
211,2
260
211
3
574
211
505
639
211,2
212,2
629
623
212
360
543
539
212,2
341
465
212
561
424
213
214,4
720
47
214
429
215
217,3
88
688
217
204
217,2
812
217,2
7
217,3
95
370
218,2
219
144
219
88
219
220
285
220
187
220,2
115
220
262
220,3
142
221,3
123
577
222,2
248
250
222
223,2
564
223
736
293
707
225
671
225
15
225
430
225
233
628
799
130
225,2
227
573
45
228,2
771
325
776
228,6
119
228,2
404
228
248
228
408
347
702
505
230,2
201
232,6
233,3
652
259
258
234,2
236,2
543
236,2
237,10
796
237
547
250
195
239,5
260
239
27
240,2
786
240
406
240
519
639
240
425
202
240,2
130
184
240,3
356
768
677
241,2
265
242
729
242
321
242,2
248
140
243
630
243,2
594
720
817
243,5
1
244,2
261
244
129
245
246
620
246,3
573
122
247
384
432
403
247
145
377
734
707
248,4
100
248
117
521
8
248,3
575
248
782
248,4
759
316
248
23
341
802
242
249,4
428
249
715
250
329
250,4
107
250
271
250
71
263
222
391
251
252,2
300
196
390
590
252,3
600
252
253
23
253
246
253,6
255
228
256
244
688
256,3
455
257,3
709
257,3
620
807
657
258
533
258
119
258,2
259,4
260
140
260,2
261
625
261,2
285
262,2
588
197
262
434
263,2
264
503
474
265,2
413
302
566
265,5
377
645
265,3
130
265
105
596
148
265,2
475
265
262
265
289
266,3
357
131
171
266,3
572
99
268,3
269,2
675
13
385
185
270
9
270,3
486
270
335
270,2
761
625
270,2
42
141
693
270,2
138
409
271,2
325
273,4
715
273
274,2
275
94
276,2
55
276
739
277,3
203
278
279
280
665
252
280
281,3
282,2
27
282
765
283,3
284
468
284
109
284
285
702
285,3
316
285
99
285,3
286
759
416
286
576
406
784
286
96
425
743
287,4
277
576
539
288
289,3
796
289
102
290,3
291
686
291
649
182
293
291,3
119
615
292,2
533
162
572
250
785
293
419
293,4
771
204
293
294,2
768
294
295,4
186
190
295
296,4
56
296
123
409
296
297
103
258
297
793
300,2
481
546
328
356
389
301
503
301,3
750
302,2
303
304,4
174
669
306
307,2
288
109
307
309
519
67
590
309,2
310,4
509
655
397
311,4
312,8
742
348
312,2
313,2
311
313,3
314
266
315,3
439
254
743
807
315
193
317
23
317
120
490
317
85
318
22
23
318
724
529
318,3
512
276
759
475
319,2
321,3
645
321
198
589
633
256
321,3
24
321
576
588
681
618
322
323
725
323,6
367
787
323,2
713
325,5
793
381
326,2
327
763
327
580
327,2
328,3
722
728
328
759
329,2
288
330
50
330
377
330
807
330
331,2
494
331
332,2
793
332,2
166
332,2
265
333,2
149
170
334
116
334,3
514
584
334,5
808
334
130
522
765
334,3
336
438
753
534
336
155
336
476
285
337
465
339
33
301
551
340
232
340,2
619
341,2
666
243
341,2
228
180
261
341
383
341
124
417
341
741
342,3
345,2
119
346,2
347,2
270
347
293
779
317
348,2
703
348
385
348,2
725
553
147
505
762
348,2
486
349,3
350
397
641
350,2
571
352,2
349
98
352
341
422
735
352,4
354
187
354
23
56
355
356
803
356,5
686
650
356,3
357,2
684
579
357
773
18
357,2
608
571
360,2
797
360,4
404
360
361,2
9
761
361
689
362,4
563
548
362
109
735
363
364
365
147
365
366
595
366
283
367,2
546
796
368
149
369,2
428
784
370,2
501
370
332
370,2
243
568
370
742
607
370
371
165
371
92
371,7
372
293
674
372
219
372
18
372,5
715
373
503
494
117
413
374
390
374
715
276
93
493
375,2
442
377
300
398
407
377
796
273
377
201
729
377,2
513
283
95
425
743
377
614
377
378
380
545
381,3
166
381,2
382,3
480
382
40
14
382,3
102
382
228
382,2
744
382
641
382
383,9
126
383
476
182
383
120
383
72
69
383,2
384,3
385,4
794
385
155
385
376
152
385,2
537
385
792
385
386,2
387
221
519
387,3
772
389,2
572
312
390,2
307
637
390,4
281
390,4
705
390,5
15
391
417
708
391,4
392,2
677
392
432
288
392
393,2
394
286
394
395
444
395
194
395
350
395
378
395,2
562
395,2
356
395
683
264
396
59
475
735
396
397
398
767
508
398
730
398
399,6
109
400
401,2
160
401,2
135
401
126
402,2
404,4
41
162
488
645
97
404
237
775
684
405,3
630
610
406,2
447
346
406
470
737
406,3
301
406
407,3
315
22
408
236
408
90
408
355
408,2
139
408,2
236
408
681
408
124
793
619
630
317
409,3
742
409,4
149
275
410
382
410,2
411
244
592
411
412
340
412
333
413
301
413,3
635
413
360
413,2
188
413
414
683
81
414
438
414,3
415,3
175
416
279
81
416,3
500
417
594
417,2
85
269
417,4
620
418,2
32
427
139
631
419,9
484
419
420
149
420
637
137
420
404
420
501
420,2
614
421
422,6
423
424
737
424
425,2
63
425
418
589
425,3
340
193
147
427,2
444
428,2
429
430
431,2
408
431,2
196
310
544
431
78
431
432,2
501
90
432
701
306
433
516
724
433
167
433
792
433
382
286
307
649
433
538
434
433
72
65
498
434
789
503
434,2
360
573
434
168
13
434
780
220
404
434,2
435
436,3
437
438
610
438
439
438,3
439,4
249
439
330
439,2
119
440,2
441,2
274
441,2
136
807
441
442,2
291
442
806
442
318
442
722
442,2
443
548
443
48
794
443
301
443,2
273
443,2
312
42
443
444,4
231
444
447
445
214
445
446
447,3
496
448
348
449,2
342
449,4
330
449,3
451,2
96
451
452,2
593
452,2
130
2
693
452
32
452
91
453
648
454
664
455
406
455
349
455
726
455
438
456,2
462
456
708
457,2
246
457,2
726
458
198
459
295
460
461
107
674
461,2
395
461,2
412
131
461,3
627
462
349
462,3
282
462,3
6
462,2
572
463
464
465
473
465,3
523
465
707
465,2
383
466,2
434
466
791
295
466
301
466,2
330
543
447
631
783
503
630
434
193
468
383
175
468,2
293
468
469
520
469
663
469
802
171
90
775
469
470,2
253
470
769
470,3
707
164
414
470
654
148
512
470,2
471,2
472,3
473
229
473
540
432
473,4
474,2
219
474
12
475,4
544
476
477,2
195
479
185
479,2
339
479
533
817
480
596
480,2
481,2
779
520
481
482,2
176
482,2
80
483
121
483,2
485
321
485,3
486,2
667
486,11
487
307
576
488,2
646
794
488
208
588
439
489
336
489,2
248
211
410
489
751
29
490,4
715
714
490
720
490
45
405
490
491
434
491
492
493,2
392
744
542
494,4
188
495,2
82
495,2
373
496,2
607
549
496,3
51
352
497,2
311
497
498,3
707
6
440
498,2
292
498,3
136
498
328
371
373
498,3
182
500,4
501,4
502,3
503,2
293
253
503
437
719
503,2
505,7
779
505,3
17
506
507,2
705
440
286
258
508,4
509,5
18
123
509
511,2
70
162
511
88
512
513,2
259
438
513
514
239
124
514,2
611
364
431
516
517,4
693
517,2
285
518,2
519,10
520,2
277
682
668
59
520
117
635
520,3
593
257
522,2
675
522,2
739
522
790
770
802
525
189
136
525,2
228
514
525,2
517
525,2
545
411
526,2
81
526
527
784
616
21
527
40
440
527
377
217
529
788
529
370
529
402
530,2
750
244
530
531,6
625
531
533
637
489
473
55
533,2
548
167
533,3
534,2
675
536
134
55
536
95
537,4
398
297
537
283
537,4
334
539
817
539,3
341
539
290
330
541
265
420
541,4
502
541
7
105
541,3
177
541,2
193
541,2
542,4
539
542
543
395
543
466
543,2
338
543
567
543
544,2
405
728
544
649
466
544,2
204
454
544,7
535
99
7
544
126
544
82
545,3
235
545
438
415
348
546,2
545
208
546,2
702
546
198
692
547
390
547
548,2
593
548,5
376
549,3
404
420
714
549,3
551
185
253
551
505
551
675
551,4
539
551
639
552
553,2
688
553,3
719
554,3
348
555
320
123
556,4
557
707
554
557
558
652
558,3
521
62
232
559
84
559
546
438
559
15
560,2
561,3
562
569
312
326
562,5
555
562,2
715
816
721
562
563
570
541
55
563
700
563,3
693
563,2
564
109
564
565,2
144
565,5
566,2
649
450
566,2
567,2
743
567
488
51
567
568,2
511
568
554
569
579
569
571,3
621
571
103
720
286
225
571,4
733
571,2
572,3
48
572,2
328
573,2
708
228
573,2
587
573
325
574
383
433
310
574
102
575
302
149
764
201
487
477
576,2
698
412
576
577
119
77
577
288
577,3
425
759
577
578
321
578
212
578
579,2
153
490
462
579
807
656
579
580
512
580
377
73
582
583
584
434
220
584,3
599
584
713
584
81
793
677
584
302
584
381
584,4
762
439
584
76
585
474
586
587,6
808
588
195
588,4
713
589,2
369
751
589
675
288
131
295
86
589,3
590
28
590,2
591
744
1
172
247
572
440
591,4
331
592,2
593,6
751
594,5
595,4
596,3
48
596,2
443
596,3
22
597,3
697
183
598,2
483
598,2
599
600
601
571
601
626
602
603,2
604
574
619
604,2
462
780
489
605
768
605
606,3
321
451
607
23
387
607
724
607
270
607,2
408
607
616
607
608,2
609,2
443
609
610,4
193
610,2
611
612,2
444
613
336
614
333
414
614
307
615
616,5
193
618
619,3
765
772
117
619
5
620,3
788
620,2
250
714
753
621
190
621
456
621,2
813
19
621
622
95
248
622,2
195
622
261
642
119
638
623,3
625,3
208
740
7
541
625
26
625,2
354
625,4
512
625
777
626,3
527
626,4
686
626
265
494
628,4
180
629
742
629
630,2
778
630,6
720
812
630,3
631
490
631
742
631,2
632,3
253
633,2
517
711
633
643
634,2
542
635
346
635
636
637,6
3
637
348
311
595
637,2
277
503
638
522
407
638
581
638,2
639
333
639,4
408
640
347
321
640,4
641,2
385
571
642
736
642,2
330
74
795
642
584
642
13
643,2
644,2
722
644,3
212
489
645
264
645,5
812
645
201
646,4
493
646
647
648
417
105
586
648,2
649,3
100
89
763
649
181
649
779
649,3
650,4
105
656
594
652,2
319
654
291
211
149
160
656,2
32
228
248
656
536
465
656
492
657
348
657,2
658
659
661
663
451
663
392
663,4
334
444
663
664,4
301
664,3
665,3
753
578
665
257
665
667
630
667
84
668,2
669,5
270
75
669
670,2
221
670,2
493
671,2
209
671
672
725
673,2
679
673,2
696
525
674,3
381
675,5
736
676,2
427
676
387
676,6
321
677,6
678
652
678
679
713
90
391
516
679
55
679
680,4
681
795
701
681
445
682,3
683,2
739
641
683,4
160
683,2
399
683
684
294
285
684
348
684,2
405
684,2
150
684
686
261
686,2
687,2
329
391
319
483
687
48
407
688
586
188
688
105
688,3
470
735
690,4
691
692,4
693,2
39
667
769
787
693,2
630
694,2
736
694,4
798
413
694
695,4
142
335
386
202
695,2
412
695,2
696,4
644
431
329
815
696
665
697
792
95
697
408
697
698
425
698,4
390
698
214
700
701,2
317
701
231
701,6
702
490
702,2
279
702,3
788
445
702,3
182
413
703,3
513
703,2
352
704
705
328
705
21
705
742
705,6
814
705
706
707
184
707
352
318
707
603
253
708
84
708,2
209
533
708
639
85
378
8
217
709
708,2
709
125
709,2
710
780
711
533
395
711,2
206
197
711
7
406
519
712
724
712,2
713,3
714
468
95
569
714,2
715
793
363
715,4
410
715
716,2
717,2
312
718,2
128
719,3
67
85
719,2
598
742
120
720,5
525
720,3
713
333
720
31
577
721
601
721
341
795
721
722,2
789
722
505
723
377
723
724
489
497
724,2
553
451
183
724
783
724,2
725
317
225
725,3
70
726,2
296
31
728
420
728
522
713
729,2
772
729
465
729,2
590
729
128
730,2
644
730,2
64
732,2
244
131
732
733,2
262
733
734,5
735,2
181
735,2
814
735,2
795
735,4
588
735,2
779
735
736,2
663
736
144
597
737
715
737,2
497
757
737,2
573
164
737,2
128
693
737,2
738
737
738
739
323
668
739
342
302
753
739,2
476
739
741
14
741
742
346
84
742,3
19
742
183
781
302
331
282
742
356
53
743,3
201
743
744,2
456
744,3
424
744,4
286
139
748,4
90
748
749
750
257
737
750
622
750
53
74
253
750,2
250
644
172
750
718
751,3
159
751
321
751
753,3
149
182
285
753
620
753
432
754,2
755,7
784
742
490
757,2
310
432
774
759,2
417
759
427
497
759
817
642
759
782
595
759
760
9
793
761,2
158
761
383
762
645
762
469
425
762
93
762,2
628
762
261
313
202
762,3
723
168
762
763
94
763
764
23
525
767
764,3
176
765
62
328
765
767
70
767,2
72
768,2
42
768
769
118
255
558
726
769
770
626
462
770,2
497
587
36
670
108
770
341
772
334
771,2
136
750
772
339
772,5
773
663
774
425
774,2
775,3
504
736
776,2
225
720
777
18
777,2
487
777,3
778
743
778,3
708
177
778
166
779,4
70
688
779,2
780,4
285
780
738
781
597
781
551
22
781
782
767
782,2
783
357
424
334
783
248
136
123
783
605
783
724
623
742
784
119
784
719
784,4
736
784
9
785
62
785,2
786
489
786,3
707
77
786
321
711
788,2
237
788,2
789
416
575
790
739
790,2
130
790
682
480
790
792,2
505
792
787
708
792
693
792,2
544
417
792,2
679
793,2
218
793
339
793
417
793,4
742
660
127
793
629
794,2
166
795
489
795
53
577
368
497
795,2
277
795
593
136
795
282
796
389
796
217
796,2
797
785
299
309
797
798,3
95
714
800
801
45
171
736
802
707
293
802
579
802,2
392
802
95
802,2
803
626
208
803
805
806,2
408
762
633
412
260
807
212
5
807
243
807,3
808
809,3
810
811
812,2
470
812
228
812,2
813
695
813
702
813
419
814
467
814,2
342
526
83
14
814,2
382
701
816,2
817,7
802
454
307
762
796
601
174
157
721
796
434
307
498
208
294
243
107
753
523
813
488
553
307
187
18
389
6
614
512
619
442
676
339
80
768
784
666
675
291
638
702
397
657
573
433
86
812
634
409
470
145
489
360
709
36
572
563
688
119
441
234
649
501
175
183
121
523
188
174
198
69
417
639
48
630
786
789
147
230
642
457
228
519
779
728
528
646
681
551
519
732
191
515
220
566
720
328
118
382
669
542
496
353
382
162
410
800
410
817
508
786
568
268
29
185
812
211
795
761
736
685
78
385
416
604
242
640
388
395
419
623
720
693
444
318
808
489
353
702
604
508
743
651
668
70
767
646
330
383
669
726
121
250
217
734
307
674
677
606
650
702
544
632
539
650
385
389
258
499
505
800
808
70
623
370
492
549
557
436
632
653
707
226
800
391
302
168
735
172
772
727
565
395
708
426
211
813
561
333
544
565
714
580
516
273
348
512
537
108
93
391
598
573
680
605
130
530
467
736
402
382
48
544
695
462
401
742
728
543
473
644
148
67
416
296
762
196
265
183
772
417
383
530
199
593
631
262
632
793
729
93
727
732
449
321
213
664
750
175
366
232
537
281
642
148
783
534
174
630
779
772
487
438
382
456
514
592
783
508
438
248
702
537
485
715
772
721
785
742
177
128
576
195
784
505
281
76
160
709
717
404
755
311
444
419
580
576
544
389
594
42
753,2
632
248
792
392
735
348
655
668
669
160
340
648
804
7
702
721
643
249
145
93
628
640
438
489
401
524
211
406
418
693
103
385
806
70
194
793
211
331
573
217
364
228
273
595
64
619
561
778
444
719
792
591
371
487
622
406
395
198
131
73
377
777
248
330
682
261
417
390
445
425
682
619
742
751
488
783
124
676
577
339
389
201
505
586
588
579
167
508
19
708
814
733
543
472
404
600
228
751
184
722
257
111
716
99
415
50
787
738
545
669
387
25
156
233
639
795
767
802
645
212
184
702
141
762
123
77
580
377
5
399
273
389
721
652
387
554
144
640
534
562
418
551
763
814
13
97
739
743
648
438
35
70
390
696
172
419
577
705
126
589
666
262
673
787
277
792
329
638
775
626
202
762
144
171
645
651
705
537
592
773
606
503
743
520
610
171
812
503
568
526
630
257
192
138
493
773
574
488
743
387
325
558
443
86
318
383
465
725
537
382
448
324
728
260
722
595
304
209
744
542
793
417
298
798
735
529
474
778
178
536
676
698
167
793
442
722
718
715
787
385
408
374
677
40
70
737
529
758
390
743
473
382
419
537
742
689
445
720
489
391
420
496
641
735
540
485
261
711
793
525
0
417
428
694
350
576
486
610
774
703
573
236
676
793
148
166
697
695
232
614
327
561
566
781
663
726
542
602
651
577
467
408
565
650
703
809
212
265
606
387
182
144
138
671
588
372
74
75
221
720
722
743
676
581
389
644
770
539
248
620
123
563
800
24
439
5
728
230
703
220
204
195
641
257
730
574
524
737
81
264
759
779
494
449
567
447
571
503
783
655
742
780
334
96
258
311
784
770
537
670
573
25
382
742
453
807
321
444
569
399
607
186
689
630
637
802
715
243
389
240
622
311
181
628
768
408
588
593
733
461
722
369
414
487
447
732
567
81
692
632
335
618
400
179
812
816
686
497
457
346
721
36
644
588
224
465
323
470
321
357
467
348
412
40
527
800
498
763
285
782
686
321
755
759
649
182
725
768
640
813
531
505
166
169
485
208
737
281
783
348
720
177
571
566
496
469
497
457
182
630
310
779
702
443
765
655
230
728
787
164
779
442
797
270
750
732
1
744
206
465
574
385
664
775
724
350
719
599
373
696
655
188
408
275
149
119
362
188
719
383
637
530
785
459
206
577
614
452
607
544
501
405
187
632
814
589
560
584
50
734
424
725
747
153
575
525
648
786
382
476
578
640
454
596
526
719
438
284
509
143
688
575
689
591
228
683
162
264
518
248
531
250
596
294
372
311
733
759
185
82
625
679
452
371
153
711
524
779
622
736
350
581
40
156
188
139
671
726
625
422
310
703
17
782
568
436
720
330
230
767
559
171
408
395
466
716
767
626
449
36
676
573
593
408
783
722
667
168
513
665
644
751
149
645
595
3
270
633
622
592
136
4
40
652
621
593
702
240
711
84
784
757
637
212
579
688
377
31
701
743
290
431
320
573
471
334
272
709
675
643
120
665
266
767
455
679
505
701
618
301
802
768
252
573
793
118
544
137
195
677
773
3
731
396
770
553
708
513
707
17
587
84
136
353
578
418
742
385
697
788
797
102
40
588
650
683
720
399
597
619
509
387
340
228
729
211
629
739
443
334
775
145
693
525
676
370
705
195
307
756
575
402
711
43
525
315
743
487
29
89
237
343
619
120
265
772
548
361
688
288
780
193
387
149
333
377
675
266
533
707
339
682
722
562
118
680
735
622
774
707
784
55
542
318
670
594
234
742
644
559
171
620
385
637
19
130
606
143
633
562
702
712
117
465
444
670
197
771
708
625
488
486
133
482
42
317
695
172
643
302
527
810
565
496
221
542
439
667
372
505
735
673
447
222
413
173
442
350
544
126
169
271
327
809
709
596
465
496
241
440
42
462
793
558
793
418
167
681
406
655
76
270
13
97
378
0
607
100
253
379
228
483
551
693
655
275
282
447
697
386
505
610
222
128
678
612
39
739
287
407
630
295
779
148
311
420
568
100
174
775
563
355
802
317
487
342
762
557
345
584
195
544
52
199
361
513
486
802
494
787
438
428
541
364
6
553
718
473
486
126
141
699
642
179
492
25
779
767
537
723
545
275
794
770
665
35
243
327
739
180
295
204
487
95
520
533
790
440
194
697
356
697
221
180
564
434
812
789
488
735
793
616
101
359
692
479
571
637
772
232
50
705
649
489
531
544
702
130
219
385
616
604
128
309
802
784
342
734
765
551
750
743
609
371
693
27
493
775
668
228
53
725
383
594
256
2
249
427
313
321
310
99
399
258
802
385
147
751
85
547
287
470
37
772
796
622
57
610
784
556
632
554
633
720
787
766
539
600
237
616
755
280
805
490
22
544
372
593
530
413
468
498
689
401
418
276
708
311
737
524
6
206
108
183
667
637
779
236
688
738
80
408
370
580
668
628
153
212
574
735
556
182
261
397
213
41
385
769
641
810
88
320
495
113
38
679
82
62
615
410
71
551
318
172
548
767
588
449
787
358
372
273
743
40
767
715
242
164
346
123
513
586
119
183
339
413
374
644
597
179
530
472
371
742
389
408
726
789
419
242
465
511
162
163
138
724
536
739
383
218
714
510
533
788
485
420
356
630
665
263
539
360
485
802
372
466
747
248
556
736
228
117
56
469
154
721
291
30
370
578
553
723
198
59
71
724
181
70
809
775
523
352
19
496
684
451
485
478
533
735
789
461
144
262
408
62
677
787
197
533
817
802
212
597
533
246
624
99
341
495
86
80
405
416
468
640
563
746
767
220
190
419
505
720
626
404
37
762
633
626
390
143
764
606
311
237
721
739
73
795
344
715
321
98
250
292
330
393
466
565
806
482
62
308
610
85
30
743
692
253
412
465
763
477
285
438
474
688
402
417
110
547
172
505
558
166
735
575
797
743
202
153
549
309
45
573
471
263
275
387
36
353
29
711
770
404
348
715
85
321
265
818
