55
56
30
10
30
10
39
50
12
15
50
27
17,2
4
0,9
1,5
2,10
3,9
66
4,3
50
4,10
5,12
6,5
7,7
52
7,8
8,3
24
8,10
9,7
52
9,18
10,4
11,15
45
11,6
12,17
13,7
14,3
57
15,12
16,11
17,5
25
17,3
63
17,19
18,9
19
20,6
21,5
22,7
37
22,12
23,5
24,6
25,6
26,9
27,2
48
27,7
28
29,5
80
29,3
30,5
92
30
31,5
32,8
33,9
68
33
87
7
33,11
26
33
34,11
35,11
36
104
36,2
48
36,2
37,2
93
37
38,7
24
38
56
38
39,23
40,2
41,7
42,4
43,13
44,6
85
91
44,3
45,13
46
47,9
48,7
84
48,4
16
48,3
49,8
50,11
92
50,10
118
50,6
51,3
32
51,7
52,17
53,7
5
53,3
81
53,4
54,6
53
54,15
55
127
55,2
109
55
9
55,4
139
56,13
61
57,3
16
57,18
58,23
59
60,3
83
60,4
61,2
0
61
117
61,10
30
61,2
62,9
63,3
150
63,5
64,2
65,14
66,13
67,9
68,14
69,2
26
69
70,2
9
70,5
117
71,6
33
71
73,10
131
73,6
13
73,3
18
73,4
58
73,7
74,9
75
74,6
50
74,2
126
75,10
11
75,3
76,4
57
76
12
76,2
73
77,9
45
77,6
78,7
79
80,19
81
82,11
118
83,10
61
83,2
51
83
84,2
56
84,9
85,8
90
85,6
86,5
21
86,6
87,10
88,10
76
88,2
89
90
72
90,10
91,7
131
40
91
124
91,7
92,8
82
92,10
93,8
94,4
95
96,11
97
98,9
138
98,2
99,3
100,5
101,6
102
103
178
104,5
153
83
104,3
57
134
104,2
121
104,10
105
106,2
43
106,2
107,12
108,10
109,2
117
109,2
183
50
109,13
110,2
111
110,5
111,7
112,10
41
112,2
113
114,5
115,11
165
115,6
116,5
117,2
57
117,7
118,6
119
120,8
121,5
140
122,6
123
124,14
125,2
108
126,6
127,3
76
127,2
128,9
129
199
129,7
66
129,7
130,2
131,3
132,12
193
57
132,4
201
132,2
133,7
134,3
203
134,9
139
134
116
134,4
135,2
68
135,5
136
137,5
138,12
109
139,5
167
139,10
199
139
140,3
133
140,4
141,8
142,7
143,9
144,5
145
146,8
111
146,2
147,13
75
147,7
148
104
148,5
73
148,3
193
148,5
149,6
226
150
75
165
150,13
151,5
152,2
153,14
82
153,3
85
153,8
134
153
80
153,4
154
155,12
139
98
156,3
73
96
156
218
156,10
107
157
158,21
159
160,12
83
160,4
161,15
162,7
163
164,6
147
164,4
165,5
162
165,15
166,4
167,10
197
167,6
205
120
168,11
169
170,3
171,5
172,10
216
129
165
172
173,4
181
173,7
174,9
175,4
176,2
240
190
176,4
177,4
191
177,2
104
177,4
139
177,7
178,3
245
178,4
160
178,3
179,9
180,3
246
131
181,3
182,11
183,16
184
193
184,9
185,8
186,6
158
186,3
187,9
104
187,5
188,17
189
190,2
191,2
192,7
193,8
194
245
194,4
200
194,5
195
149
195
208
195,4
153
195
196
197,2
153
152
197,7
198,13
261
198
199,3
238
199
210
199,4
264
199,5
200,7
201
165
201,8
128
201
202,9
203
150
261
203
194
203,5
204,4
223
204,2
120
204,4
165
204,2
227
205,8
153
205,2
165
205,3
206,2
246
206,7
264
206,5
260
206
246
206
207
208,7
128
208,2
223
208,4
209,3
210,3
260
210
272
210,9
225
210,2
211,6
212,7
255
213,4
214,15
173
214,3
215,6
216,20
217,8
218
255
218,7
158
218
160
218,3
273
218,2
219,6
147
219,5
220,2
173
221,6
172
221,2
222
246
223,5
172
223,7
197
223,6
224
225,6
227
225,4
226,4
227,6
228
308
228,6
229,2
230
231,6
184
231,5
309
231,2
349
231,2
305
231,3
312
231,7
187
165
231,8
232,9
233,10
210
233,3
153
233,12
234,2
215
234,2
257
234
235,9
236,16
237,14
238,8
239,2
267
239,8
279
239
173
239,5
214
239,5
287
239,3
240,5
241,3
214
241,5
242,3
199
242,16
243
244,11
273
244,2
245,16
246,2
241
246
344
246,17
247,3
192
247,2
186
247,2
206
247
179
247
301
247,7
173
172
248,5
216
248,12
250,3
178
250,6
214
250
251,6
239
251,6
246
252,11
253,6
254
301
335
254,2
255
261
255,9
313
225
308
255,4
256
257,4
258,4
305
258
269
258,2
259,6
260,17
284
260,3
261,13
262,11
263,5
264,3
244
264,7
265,11
266,6
236
266,3
291
266
335
266,4
267,3
274
267,15
268,5
269,2
328
269,6
344
269,6
358
270,5
271
272,5
239
272,9
366
272,3
273,12
274,9
315
274,2
275,21
276,2
277,4
273
277
344
277,4
278,4
318
278
279
308
279,6
280,2
281,2
221
281,3
223
281,3
282,5
283,7
285,4
296
285,4
287,4
331
287,2
286
328
287,2
288
335
380
289,5
378
289,7
290,7
291,3
265
291,10
292,8
287
292,4
328
292
293,6
346
293,2
319
293,2
294
295
296,2
219
296,3
297
298
299,10
300
301
258
301,2
324
301,6
302
303,4
304,3
371
304,4
305,8
389
305,2
306,3
292
306,13
312
306,5
258
306,5
307
308,3
193
308
373
308,12
309,7
248
309
310
347
310,2
355
310,5
311
398
311,7
266
312,16
381
273
312,4
347
312,2
313,8
314,2
315,11
273
315,4
316
347
316
387
316,5
317,6
259
317
301
317
248
317,3
318,10
319,6
385
275
249
319,2
327
341
319
318
319
320,8
321
274
321
322
323,8
324,5
325
326,4
381
326,9
327,3
403
317
378
327,7
412
327
328,3
394
328,7
378
328,5
402
329,6
330,9
358
330,7
319
248
330,2
331,15
422
331,5
255
331,2
332
333
334,2
265
334,3
259
334,2
335,8
347
335
336
337,7
281
337,7
338,10
339,7
340,4
341
346
341,6
342
266
416
342,2
343,3
344
402
344,2
263
344,4
292
344,2
370
344
424
344,2
262
344,4
345,7
346,7
382
346,2
321
346
347
438
346,3
347,5
305
347,2
287
347,2
306
347,13
283
347
348,4
334
348
269
348
463
349,6
350,6
351,6
377
351,6
352,6
313
442
353
344
354
320
354,5
327
354
355,4
356
357,13
358,3
383
358,3
359
360
361
362,3
406
362,2
363,7
364
365,7
426
365,3
366,5
367,13
368
439
368,6
369,8
370,11
371,5
326
371,2
391
301
371,4
318
371,2
372
373,10
378
373
374,5
375,2
432
375,2
440
375,14
219
375,3
432
375
376
339
376,14
378,2
337
378,9
470
379
380,3
292
380,6
381,6
382
342
393
382,5
347
382,6
383,9
384
312
385,9
408
385
472
385
458
385,5
386,2
382
386,5
337
387,7
354
387,3
429
387,5
346
388,11
389,5
331
389
390
408
390,6
391,3
386
391,2
423
391,2
397
392,7
422
479
321
392,3
394,5
319
394
454
438
394,4
395,10
396,4
378
396,8
397,4
357
320
397,8
430
437
398,7
399,3
327
400
401
402,3
431
402
462
402,6
403,6
404
405,8
406,10
407,9
408
347
408,9
392
408,2
410
408,5
409,4
410,2
354
410,2
433
410,5
411,7
450
411,3
412,2
330
412,4
491
412,5
413,4
414,20
415
416
417,7
418
419,12
420
421,3
371
422,4
470
410
422,8
417
422,3
424,10
425,2
391
425
426,7
503
426,5
427,10
428
429,7
494
429,3
365
429
472
429,9
334
463
429,2
430,8
466
430,2
431
369
431,6
432,3
425
432,9
480
433,4
434,7
435
444
436,4
437,4
438,5
429
438
480
438,11
439,14
440,2
417
440,4
522
440,2
467
440,2
441,2
442,13
443,17
411
443,6
444
494
444,6
495
444,12
479
444
470
445,3
446,2
391
446,8
447,10
448
449,4
450,7
411
450,12
451,8
433
451,4
452,17
453
454,11
455
456,7
457,3
533
458
459
460
386
461,9
422
461,4
390
461
463,13
464
465,16
466,7
467,8
532
441
559
492
467
468,2
469,8
470,6
381
470,4
529
470,3
520
476
470,3
471,11
424
471,2
472,6
551
472,8
473
430
473,5
430
473,13
474,3
475
476,14
444
476,5
524
476,7
477,9
478,10
479,12
480,2
552
481
546
480,2
481,16
482,3
483
484,15
485,4
486,13
487,6
412
487
488,8
563
488,5
529
488,2
489,2
537
489
467
489,6
490,3
402
490,7
491
452
491,3
492,7
493
494,3
429
494,14
444
494,3
495,5
533
495,8
507
495,3
496,2
465
490
496,8
497
498,5
499,3
500,6
427
500,3
501,7
585
501
502
503,11
414
503,2
504
484
504,7
445
504,5
505,3
469
505,4
427
506,8
507
451
507
462
507,2
508,6
509,12
510
552
511
512,8
513,18
438
514,11
515,2
552
515,3
472
515,5
516,7
517,15
573
517
518
519
489
519,3
520
522
520
521
522,6
523,3
433
523,2
434
523,2
524,7
517
524,9
525,7
517
525,6
526,4
540
606
526,3
454
526,4
527
528
529,7
530,2
524
530,12
532
530
531,4
532,4
533,8
607
488
534,10
535,10
537
491
537,4
513
537,5
609
537,4
538,9
539
581
539,7
540,4
611
540,4
541,4
542,5
543
544,3
545
515
545,7
476
544
545
546,6
488
546,9
547,2
614
547,2
599
547,4
548
549,3
556
549,6
550,2
580
550
599
550
551,7
560
551
476
551
463
551,15
552,15
553
554,8
595
554,4
555
556
557,7
558,2
559,13
476
559,5
625
579
560,7
479
560,3
481
560
561,6
618
561
554
562,9
606
562,2
613
562,2
536
591
562
563,5
547
563,5
564
565,4
635
565,9
609
565,3
566
632
504
566,2
499
566,3
567,6
500
567
568,16
582
568,3
586
569
537
569,5
492
569,6
494
569,2
524
569,4
570,11
571,5
572,10
554
572,5
573,2
517
573,10
610
590
573,2
517
573,3
562
573
574
575,10
581
575,10
576,3
577
578,16
579,7
524
579,5
580,3
643
581,9
582,3
643
582
627
582,5
646
582,3
526
583,10
523
584,13
530
584,3
585
590
585,3
517
585,2
586,7
587,6
588,3
589,2
618
589,6
590,6
562
590,2
591,8
549
591,6
592
615
592,6
593,3
658
593,3
568
593
594,9
595,13
596,13
547
597,2
569
597,8
585
597,4
598,12
517
598,2
599,7
618
599
590
599,10
667
599,2
618
600,4
601,7
586
601
602
603,7
651
603,9
604
589
604,2
655
604,3
627
604,2
605,6
547
605,13
560
606,9
632
606,12
607,21
608,3
609,6
641
609
610,4
654
610,7
611,7
612
613,10
614,4
558
614,5
587
614,10
607
614
615,3
565
615,4
616,3
673
616,9
597
616
617,5
652
617,18
618,7
652
618,9
619,2
620
621
597
621
622,7
623
565
623,6
560
623
624,4
625,5
684
566
625,10
626
684
626,7
648
626,2
627,3
597
627,10
562
627,3
684
626
627,6
628
684
628,2
629,2
579
629,4
630
631,2
586
632,23
633,6
634,11
635,3
636,18
681
636,4
637,6
638,3
639
643
639,9
573
639,2
640
641,17
606
641,3
600
641,9
618
642,7
655
642
643,2
663
643
678
643
647
643
708
643,4
649
643,16
644,3
645
646,6
649
646,6
647,7
657
647
610
647,12
648,14
649,4
650,2
708
650,5
651
586
722
651,7
680
651,12
652,3
661
652,3
723
653,2
654,7
712
654
599
654,6
700
654
686
654
671
654,5
655,21
656,4
657,8
604
657,4
658,7
729
658,7
663
658
659,3
660,3
661,7
723
661,9
720
661
662,4
711
662,2
663,8
639
663,3
606
663,4
643
664,3
693
664,14
665,5
666,8
680
666,4
667,2
668,2
667
668,3
669
720
669,6
670
671,4
601
671,8
747
671
672,19
632
672,11
673
626
673,11
674,8
618
674,2
755
674,24
675,13
733
657
676,10
677,3
754
677,7
613
677,2
684
703
677,2
651
677
678,5
643
678
679
680,15
681,5
682
703
682,3
674
682,7
683,8
657
683,6
675
683,2
671
683,5
651
684,9
757
684,20
685,5
686,3
687,4
688
693
688,11
728
688
689,6
714
738
689,3
671
690,4
691,18
692
629
692,3
688
692
693,2
695
649
661
693,10
694
695,11
714
757
696,2
692
696,6
717
696,4
709
697,2
698,8
699,13
700
638
700,7
685
700,24
642
701,3
771
701,2
755
701,3
702
767
702,5
703,7
700
703,6
704,2
663
704,15
705,2
717
705
639
705
706
707
708,9
709
705
709,6
729
709
758
710,3
654
711,3
791
771
711,10
712,2
713,8
714,5
715
716,2
750
716,7
668
716,5
702
716,2
742
716
717
676
717,6
733
717,6
718
740
718,3
719,11
746
719,2
794
719,2
720,3
756
720,2
728
720,2
721,2
722,11
723,16
798
723,11
724,14
725,3
780
726,8
727,10
728,6
764
728,2
729,14
730,2
731
759
732
733,6
734,7
735,6
752
735,10
736,4
737
750
738
679
738,12
739,10
740,2
741,16
742,8
700
688
742,3
743,5
798
727
743
744,2
745
746,8
815
746,5
747,11
748,3
784
748,2
749,2
750,8
674
743
750,15
751
752,3
802
752,6
753,8
754,5
776
754,2
755,18
756
782
684
756,13
774
756,4
684
757,17
787
757,4
758,2
755
758,11
763
758,4
759,4
763
759,3
797
759,4
760,2
735
760
761,4
781
761,2
762,12
816
763,13
764,11
797
764
765,6
766,3
738
766,8
767,8
768,7
763
768,6
769,8
798
769,5
780
769,4
770,3
771,19
813
771
772
781
691
773,11
743
773,2
774,8
790
774,7
775,8
776,3
754
776,17
777
778,2
779,12
714
779,4
780,6
750
780
781,11
782,8
783,17
784,4
785
721
786,2
703
786,5
734
786,11
723
786,2
787,7
788
789,9
790,5
791,5
737
791,3
797
791,2
792,7
793,16
794
816
794,2
795,6
796,6
800
797,16
724
797,2
798,8
776
798,14
799,3
795
799,2
800,14
801,8
802,11
758
802,3
803,3
741
803,3
804,2
805
806,8
807,7
808,7
759
808,14
809,10
810,3
811
812,8
813,8
814,9
815,16
783
815,2
816,9
789
816,2
817,6
815
817
818,4
763
818,8
759
806
798
816
791
801
755
799
789
802
758
781
752
818
