0,4
3
0,2
3
0,3
5
0,7
1
2
3,13
4,12
5,11
0
5,2
6
7
6,7
12
7,4
14
7,6
8,2
3
9
8,6
9,4
10,2
18
10,5
7
3
11,4
12
7
16
12,9
6
13,11
14,2
23
14,9
6
14,2
15,7
25
16,2
17,5
18,6
19,3
20
21,3
9
22,7
13
22
15
22,2
14
22,3
23,4
24,2
25
32
25,5
26,4
24
26,9
27,12
28,10
29,4
38
29
30
31
32,5
22
32,5
33,11
34,16
35,5
36,8
37,5
38,29
49
39,3
40
41,17
42,3
43,11
44,17
41
45,4
46,6
47,2
48,7
55
48
49,6
56
49,2
44
49
52
49,10
50,9
51,10
52,8
58
52,5
53,9
54,7
55,6
56,2
58
56,11
57,6
58
52
58,3
61
58,6
59,8
58
59,2
60,5
61,5
60
61,11
62,6
59
62,2
74
62,4
56
63,10
60
63
64
73
64,9
65
66,7
67,3
59
67,2
77
67
68
59
69,6
73
69,2
73
70
71
72,2
73,11
76
74,9
75,2
69
66
80
75,2
80
75,6
78
75,15
77,3
83
77,6
78,7
83
71
78,2
79,5
80,5
85
80,3
82
80,2
75
81,4
82,15
83
78
83,2
86
83,2
88
83,4
84,9
77
84,4
92
84,6
85,6
89
85
86,17
87,10
88,4
82
87
88,10
89,2
84
89,11
90
91
92,8
93,23
94,6
97
94,8
93
94,3
95,6
92
95,15
96
97
96
94
96,11
99
96
99
96,5
97,12
99
98,6
99,5
98
99,7
102
99,11
100
99
101,6
99
110
101,5
102,7
103,2
99
103,3
100
103,5
104
105
106,2
103
106,16
107
99
107,9
108
103
109,2
110,8
106
110,10
111,7
112,13
113
114
115,4
112
115,2
107
115,12
116,5
115
116,4
117
118,19
115
119,3
116
119,8
120,4
124
120,3
121,10
122,5
123,13
124
131
124,8
131
124,9
125
126
118
126
127,6
128
129,16
130,6
136
130,3
121
131,13
132,2
124
129
132
135
132,3
126
132,20
133,11
134
135,7
136,3
137
136,8
140
138
136,7
142
136,2
137,15
138,11
137
138
139,5
140,10
136
140,3
141,17
142,5
140
142
143,11
144,12
151
145
144
145,8
146,8
147,4
148,7
149,2
142
149,5
150
151,12
152,7
151
152,2
139
153,5
154,5
145
154
155,11
156,2
157,5
147
157,3
158,5
149
158,5
159
160
162
159
152
160,14
163
160
153
160,9
161
162,3
155
162,11
155
162
163,13
156
163
164,6
165,11
166,7
167,7
174
167,5
163
167,6
168,2
169,3
170,13
171,2
175
171,21
168
171
172,4
178
172,15
173,2
171
173,2
172
173,12
174,15
175,10
176,2
177,11
178,5
180
172
178
182
178
179,5
182
179,8
180,9
186
181
173
182,9
187
183,6
184,15
190
184,5
185,3
186,4
182
186
179
186
190
186,2
184
186,10
183
187,4
191
187
188
189,6
190,10
196
190,8
191,14
192
193,9
197
193,4
194,2
191
194,2
190
194,6
195,5
197
195,11
196,17
197,11
202
197,13
198,6
199,9
200
199,5
200,3
197
200,18
198
200,2
201,3
202,20
203
200
203,7
202
203,8
204,3
205,16
200
205,10
206,6
205
206,2
203
206,4
207,6
208,4
216
208,3
209,7
206
209,8
206
209,2
210,2
214
210,14
211,9
212,3
213
214,3
210
214,7
215
217
215,3
216,5
219
216,8
218
217,9
219
217,3
218
217
218,4
223
211
218
219,6
220,11
221,6
222,9
225
222
223
218
222,2
219
223,8
218
223,8
225,10
226
227
226,6
227
224
227,2
225
227,5
228,5
229,6
230
235
230,5
223
230
220
230,3
231,3
229
231,18
232,2
231
232,4
233,2
231
233,6
234
228
234,7
235
234,12
235,6
236,10
237
236,7
238
236,3
234
237,4
238
232
238,2
242
238,3
247
238,6
239,5
240
241,14
242,11
250
242,2
236
242
236
242,7
243,2
252
243,4
236
243
236
246
243,7
244,4
241
245
247,6
248,9
249,7
250,7
257
250
251,3
252,7
242
252,2
245
252,2
249
252,3
250
252
245
252,4
247
252,2
253
254,8
255,6
254
255,5
259
255,7
252
255,2
257,5
258
259,11
260
259,5
260,6
261,14
248
261,3
262,10
256
259
262,5
259
262
263,7
264
257
264
265,9
266
267,12
268,7
278
268,6
269,9
261
269,2
278
270,7
271,6
272
267
271
273
274,3
268
274,4
275,6
276,8
285
276,12
277,4
278,2
279,5
281
280,5
281,8
282
283
282,10
284
282,7
286
282
280
282
283
277
283,6
284,6
288
284,2
285,6
283
286,20
287,5
286
287,4
288,21
289,4
285
289,3
287
289,3
290,2
288
290,2
291,24
292
293
294,6
288
294,4
295,12
296
297,20
298,13
295
298,3
299,6
300,11
305
300,4
298
300,3
301
302,6
303
298
304
303,7
304
302
304,14
305,3
304
305
316
305,19
306
303
307,8
308,3
309,4
310,6
314
310
307
310
311,4
314
311,4
304
311,7
307
311,6
313
314,3
323
314,4
315
316,2
314
316,8
321
316,3
322
317
309
317,2
311
321
317,4
318,3
319,5
312
319,5
320,6
328
320,4
324
320,4
321
316
321,3
322,7
324
322,5
323,4
324,4
325,11
326,3
327
328
334
328,5
321
328
329,4
330,11
339
330,4
331,3
330
332
333,4
334,4
336
334
335,4
337
335,3
336,2
326
336,5
328
336,8
337,2
335
337,3
338,7
340
338
336
338,3
339
338,5
339,5
338
339,2
340
342
339,2
340,5
341,12
336
341,2
342,7
343,7
344
343,2
344,4
341
344,12
338
344,2
341
344,3
345
346,11
350
346,5
347,12
348,6
349
355
349,3
347
349
346
349,4
348
349,2
350,3
351
354
350,5
351,4
352,5
353
354
352,8
353
351
353,9
354,19
352
354
355,4
356,15
355
356,10
357,11
358
359,8
360,3
361,10
362,13
363
357
363,6
364,4
356
364
365,11
363
365,5
366,4
367
365
367,2
368,9
369,8
370,3
371,3
361
371,12
372,10
373
374,3
375,8
376
377,8
369
377
371
378
375
378,8
379,9
377
379
370
379
377
379,2
380,2
375
380,5
381
385
381
372
381,2
372
382
381,2
382,2
386
382,9
383,24
384
385,8
386,5
382
386,3
389
386,23
387,4
386
387,8
388
386
388,12
395
388
389,3
392
389,7
390
391,2
393
391,4
392,2
393,16
394,15
395,9
397
395,3
396,6
397,6
398,5
399,2
393
399,5
392
399
397
399
405
399
401
399,3
400,5
401,2
402
401
394
401,3
405
402,7
403,14
399
403,6
404,6
405,2
407
405,8
406,5
407,2
401
399
405
407,5
408,13
409,4
411
409,2
405
409,15
417
409
410,7
412
410,5
411,5
408
411,10
412,5
408
412,6
413,8
414,9
415,10
416,7
417,2
422
417,5
418,6
420
418,2
411
418,4
421
418,13
413
419
420,14
421,7
418
428
414
421,6
424
421,3
422,12
423,16
424,4
429
421
424,7
425,5
426,6
427
428,4
432
428,13
429,5
430,2
435
430,5
431
432,3
436
432,13
429
432,14
428
432,3
425
432,5
433,2
432
433,3
428
433,4
429
434,7
435,11
436,27
437,3
440
437,5
438,13
439,9
440,13
441,3
446
441,3
450
441,5
445
441,4
442,15
439
443,7
444,2
446
444,9
442
444,3
445,3
446,5
454
446
447
448,9
449
450,5
454
450,5
451,4
436
451,8
452,15
444
452,2
453,4
442
453,6
454
451
454,4
452
454
455
454,4
455,3
460,2
455,2
456,5
457,3
460
457,5
458
457,9
462
457,8
458,2
456
458,5
459,6
460,3
454
456
460,9
461,12
464
461,6
462,16
463,5
464
463,10
467
463,8
464,12
465
460
465,11
466,3
468
466,7
467,3
469
467,17
466
467,18
468,16
469,3
470,4
467
470,8
471,2
476
471,10
472,11
473
471
474,19
477
474
472
475,4
468
475,5
470
476
470
476,9
480
476,2
483
476,11
477,6
482
477,5
485
477,4
478
479,4
480,4
475
480
481,4
482,3
485
482,7
479
482,10
476
482
483,15
484
485,8
492
485,10
479
486,8
485
482
492
486
490
486,5
487,13
489,6
485
489,2
490
491,3
495
491
495
491
492,6
491
492,5
482
492,2
493
495
494
495,6
494
495,11
496,7
488
496,5
497,8
498
499
500,2
496
500
509
500,3
501,5
502,7
503
492
503,4
504
509
504
496
504,10
508
504,4
505,2
506,15
507
508,2
501
508,6
509,7
512
509,3
510,7
511
512,3
513
512,7
513,5
515
510
513,3
509
513,9
514,2
524
514,5
515,3
506
515,7
516,9
518
516,4
517,7
512
517
518,6
516
518,9
519
522
520
521,4
522,14
523
524,6
525,2
526
525
526
525
526
525,8
521
525
526,3
522
526,13
527
526,3
527,19
528,12
530
528,3
529,2
530
529,5
526
529,4
530,12
528
530
531,4
532
533,12
531
538
533
527
533,8
534,2
539
534
535,10
539
535,6
536,17
537,5
541
537,2
538
539
538,2
530
538,4
535
539,10
541
540,11
541,10
542,2
539
542,6
543,7
538
543,2
554
543,14
544,10
545,13
546,3
547
548
549,4
550
551,12
557
551,6
552
553,4
554
545
543
554,16
541
554,2
545
554,4
555,3
556
557,2
560
557,10
558
559
560,9
561,3
562,5
551
562,7
563
564
568
565,6
575
565,6
566,2
567
568,9
569,3
570
569
570,2
574
570,7
577
570,14
571,5
572
573
574
576
574,3
577
574,10
575,7
576,4
575
576,15
570
577,4
579
577
583
577,2
579
577
578,3
580
578,4
579,6
583
579,7
574
579,2
578
579
581
582,15
579
582,6
576
582,4
583
585
583,14
589
583,2
587
583,8
584,4
591
584,5
590
584,6
591
585
584
585,2
582
585,4
586,3
587,8
588,5
589,7
591
589,2
590,2
591
590,4
594
590,2
591,9
585
589
591,2
589
591,4
599
591,4
589
598
584
591,2
592
599
592,4
586
592
585
592,3
593,3
592
594,6
595,2
590
595,3
596,10
597,8
598,2
606
598,6
599,17
600,3
602
600,9
601
602,3
603
604,4
600
604,2
605,2
606
605,12
598
608
605,6
606,10
610
606,9
607
608
607,8
612
607,12
608,5
615
608,6
609
610,5
611,9
612,2
616
612,5
613
612
610
612,5
613,5
614,4
615,13
617
615,22
616,15
617,3
618,5
619,2
622
619,3
623
626
619,7
620
621,8
622,7
623,7
617
623,9
624
616
625
626,9
627,8
623
627,11
628,6
629,7
627
630,2
640
630,3
631
622
631,2
632
633,2
634,5
640
634,2
635
636,4
637,3
640
634
637,2
638
637,10
638,17
639,4
640
634
640,3
634
640,8
637
640,13
649
640
641
642,4
643
642,7
639
643,4
644,4
649
644
650
644,2
638
644,2
649
644,6
645,3
646,6
647,4
652
647
648,5
640
648,2
649,8
650,15
648
650,11
644
650,2
651
647
651,6
652,7
653,4
654,9
655,6
648
655,6
656
657,5
662
657,12
662
657
658,7
659,10
657
659,8
660,14
663
660,9
661,10
662,3
665
662,5
669
662,4
663,7
664,2
672
665,5
660
665,11
666,6
667
676
667
673
667
660
667
668,3
669
660
669,8
674
670
676
670,4
676
670
676
670
671
672,3
682
672,2
679
672,4
676
667
672,3
670
672,5
673,3
676
674,5
675
676,25
677,4
672
678
679,17
676
679,5
680
681,20
689
681,6
682,12
683,4
684,7
685,3
681
685,5
686
687,8
688,6
685
688,5
689
688,6
689,5
693
689,13
690,2
691,27
692,21
693,12
689
693,5
690
693,10
694
699
694,10
693
695
696,2
704
696,4
697,13
698,2
699,2
693
702
699
704
700
701
702,2
703,9
709
703,9
699
704,10
708
705,3
707
705,7
711
705
697
705,10
706,2
714
706
716
706,4
707,2
703
707,3
711
713
707,3
708,5
709,7
710,5
711,10
716
711
712,5
716
712,2
713,2
714,2
708
714,6
722
714,5
715,2
716,4
708
716,5
717,3
724
717,14
718
723
718,3
717
718,11
719,3
720
712
721,4
722,4
713
722
718
722,7
723,4
724
729
724,12
717
724,13
725
726,7
727,16
728,2
726
728,9
724
728,3
729,17
730,13
731
732,13
729
732,3
733
732,3
733,13
728
736
734,3
735,13
733
735,2
736,3
737,9
735
737,4
738,2
742
738,3
735
739,2
745
739,11
740,5
741,4
742,9
749
742,3
749
743,3
744
740
744,4
752
744,16
745,2
741
745,7
746
747,2
748
749,3
744
749,11
750,2
741
750
757
750,2
742
750,2
751,4
752,8
745
752,4
749
744
753
754,4
744
760
754,5
755,5
756
757,4
762
757,15
758,4
759,5
765
759
750
759,5
765
759,10
760,3
765
760,6
761,14
762,2
768
762,6
763
764,6
765,15
766
765
759
765,2
766,4
767,3
759
767
768,7
765
768,5
772
768,8
769,7
770
771,2
763
771,3
772
777
771,2
767
771,6
776
771,2
765
771,2
772,29
771
773
774,2
771
774,6
775,9
776,2
786
777
778
772
779,3
782
779,4
780,12
781,4
782,9
783,8
784,9
791
784,3
780
784,8
785,2
780
785,4
786,11
791
786,3
787,3
788,14
789,3
790,12
792
790
791,2
784
791,6
793,3
795
793,2
786
798
793,2
794,2
795,20
793
795,5
796
797,3
805
797,3
799,9
805
800
806
800,6
801
802
803,4
804
793
804,3
795
804
799
804
809
804
808
800
804
805,13
806,11
807,12
808,19
817
808,5
809,20
810
818
810,5
816
810,4
811
812
818
812,8
813,6
814,5
815,7
816,3
817,6
818,13
815
818
812
816
818
810
812
818,2
