0,7
1,23
6
2,14
3,20
4,10
5
6,11
7
8,11
9,3
10,11
11,6
12,16
13,8
14,27
15,7
16,5
21
17
18,6
19,6
20,6
21,6
25
21,9
22,15
23,6
24,8
25,27
26,7
27,7
28,8
29
30,15
31,7
32,2
31
32,16
33,7
34,25
35,27
36
37,8
38,24
39,5
40,17
41
42,5
43,14
44,2
45,8
46,10
47
48,8
49
50
51
52,15
53,11
54,9
55,18
56
57,4
58,11
59
58
59,2
60,23
61,3
62,31
63,6
64,9
65,4
66
67,5
68,6
69,9
70,7
71,3
72,8
73,7
74,30
75,6
76,21
77,10
78,6
79
76
79,13
80,18
81,8
82,24
83,10
84,21
85,9
86,12
84
86
87,10
88,17
89,2
90,19
91,15
92,8
93,3
94,4
95,16
96,9
97
98,25
99,13
100,17
101,20
102,6
103,9
104
105,9
106
107,23
108,5
109,19
110
111,7
112,31
113,17
114
115,18
116,7
117,5
118,17
119
120,8
121,4
115
121,6
122,3
123
124,11
125,16
126,22
127,9
128,8
129,2
130
132,3
133,7
134,6
135,20
137
135,5
136,7
137,5
138,12
131
139,4
140,8
141,3
140
141,7
152
142,8
143,19
144,11
145,2
146,6
147,6
148,10
149,11
158
149
150
151
152,5
159
152,7
153,8
154,4
156
154,6
155
156,3
157,2
158,12
159,18
165
159,9
160,18
161
162,10
163,8
164,21
165,14
166,4
167,8
168,11
169
170,10
171,5
172,6
173
174,12
175,5
176,8
177
178,5
179
180,5
181,15
182,5
183,9
184,15
185,7
186,7
187,8
188,28
189
190,16
191,14
192,5
193
194,4
195,9
196,9
197,5
188
197,11
198,13
199,13
200,10
207
200
201,22
202,6
203,18
214
203
204,2
205,7
206,6
207,6
208
209,8
210,9
211,11
212,6
213,7
214,8
215,14
216,10
217
218,19
219
220,24
221,8
222,7
223
224,7
216
224,2
225,25
226,14
227,27
228
229,9
230,5
231,4
232,11
233,2
234,7
235,8
236,12
229
236,2
237,9
238,23
239
240,10
241,17
242,7
243,10
244,6
245,5
246,27
247,6
248,4
249,15
251
250,4
251,28
252,13
253,3
254,6
249
254,4
255,9
256
257
258,3
264
258,14
259,9
260,2
261,8
262,11
263,2
264,17
265,5
266,16
267,9
268,14
269,24
276
270,3
271,7
272,28
273
274,6
275,9
276,25
277
278,8
279,4
282
279
280,23
281
282,23
283,13
284,4
285,12
290
285,6
286,8
287,13
288,8
289,13
290,22
291,21
292,12
293,6
294,19
295,8
296,4
297,20
298,15
299,8
300,4
301,17
302,5
307
302,12
303
304,20
305,10
306,6
307,7
308
309,5
310,15
311,3
312,5
313,4
314,20
315
316,3
317,12
318,9
319,16
320
321,11
322,16
323,7
324,21
325,8
324
325,10
326,9
331
326
327,28
328
329,11
330,13
331,14
332,10
333,14
334,15
335,14
336
337,3
347
337,7
338,3
339,9
340,10
341,7
342,15
343
344
345,13
346,6
347,21
348,19
349,9
350,10
351,9
352,11
353,12
359
353,6
354,19
355
356,6
357,3
359
358,8
359,26
360,5
361,22
362,2
369
362,17
363,18
364,9
365,6
366,6
367,9
368
369,14
370,24
371,19
372,9
377
372,3
373,10
374
375,9
376
377,16
378
379
380,12
381,7
382,4
383,16
384,9
385,13
386,14
387,18
388,5
389,11
385
389,7
390,14
391,9
392,9
393,2
394
395
396,7
397,19
398,4
399,7
400,8
401,33
402,9
403,5
404,15
405,6
409
405,6
406,16
407
408,13
409,20
410,2
411,19
413,2
411,3
412,8
413,8
414,7
415,6
416,19
417
418,15
419,10
420,10
421,23
422,7
423
424,7
425
426,3
428
426,18
427,10
428,8
429,5
430,20
431,4
432,18
433,15
434,12
435,17
436,13
437,8
438,23
439,19
440,14
441,9
442
443,6
444,14
445,15
446,4
447,5
448,8
449,17
450,17
451,7
452,5
453,15
457
453
454,10
455,4
456,8
457,24
458,4
459
460
461,7
462,22
463,7
464,8
465
466,9
467,18
468,5
469,13
470,12
471,6
472,2
476
473,24
474,3
475,9
476,7
477,3
478
479,8
480,7
481
482,9
483,7
484,8
485,6
486,4
487,20
488,12
489,5
490,4
491,7
492,4
482
492,3
493,6
494,3
495,3
496,20
497,3
498,2
499,19
500,10
501
502,9
503
504
505,9
506,7
507,24
508,21
509,13
510,7
511,11
510
511,5
512
513,5
514,2
515,9
509
515,4
516,6
517,13
518
519,8
520,17
521
522,19
523,18
516
523,9
524,17
525,10
526
527,12
528
529,7
530,5
531
532,18
533,19
534,3
535,6
536
537,8
538,4
539
540,9
543
540,8
541,9
542
543,14
544
545,3
533
545,8
550
545,2
546,6
547,2
548,20
549,9
550,25
551,14
552,4
553,13
554,7
555,3
556,12
557,7
558,9
559,13
560,13
561,6
562,12
563,12
564,9
565,13
566
567,3
568,23
569,12
570,4
569
570,5
571,5
573
571,15
572,2
573,29
574,11
575
574,2
573
574,9
575,3
579
575,11
574
575,2
576,10
577
578,14
579,7
580,11
584
581
582,8
583,9
584,16
585,12
586,11
587,6
588,7
590
588,12
590
588,3
589,22
590
594
590,14
591,18
592,12
593,9
594,33
595
596,10
597,3
598,4
599,4
600,11
601
602,6
594
602,5
603,6
604,15
605
606,30
607,9
606
607,4
608,4
609,9
610,8
611,25
612,9
613,6
614,17
615
616,26
617
618,23
619,17
620
621,2
622,8
623
624,7
625,3
626,18
627,15
628,4
629
630,8
631
630,9
631,8
633
631,9
632
633,30
634,24
635
636,33
637
642
637
638,10
639,19
640
641,8
642,3
643,9
644,3
645,9
646,7
647,11
648,13
649,16
650,16
651
652,3
653
654
655,11
656,22
657,8
658,13
659,4
660,16
661,7
662,13
663
664,23
665,9
666,10
667,19
668,6
669,22
670
671,8
672,7
673,5
674,7
675,2
676,11
677
678,9
679
680,5
681
682,17
683,8
684
685,10
686,11
687,30
688,9
689,3
690,14
691,15
692,9
693,9
694,14
695,7
696,9
697,7
698,11
700
698,2
699,7
700,12
701
702,12
703,2
704,8
705
706,8
707
708,16
709,17
710,15
711,20
712,16
713,8
714,12
715,23
716,15
717,7
718
719,25
720,4
721,14
722,6
723,3
724,19
725,11
726
727,9
728
729
730,3
731,8
732,4
733,2
734,6
735,13
736,3
723
736,12
737,19
738,12
739,24
740,6
741,9
742,14
743,9
744,4
745,9
746,18
747
748,8
749,10
750,16
751,5
758
751,7
752
753,7
754,3
755,19
756,5
757,5
755
757,21
758,5
759
760
761,4
762,17
763,11
764,17
765
766
767,12
768,4
769
770,23
771,8
772,6
773
774,11
778
774,4
775
776
777,25
778,8
779,4
784
780,3
781,15
782,10
783,31
784,18
785,4
786,15
787,14
788,7
789
790,3
791,17
792,15
793,10
794,12
795,15
796,2
795
796,4
797,5
798,7
799,22
800,6
801,25
802,2
803,23
804,17
805,3
806,18
807,19
808,11
809,13
810,8
806
811,3
812
813,5
814,7
816
814,2
815,3
816,17
817,13
818,8
816
818
