191
78
92
331
243
709
149
519
2
392
173
467
404
153
140
423
667
232
0
1,8
2,17
3,6
4,10
5,3
6,31
7
8,30
9,5
10,5
11
12,10
13,16
14,18
15,10
16,4
17
18
19,7
20,24
21,14
504
21,2
22,14
23,6
24
25,5
26,28
27,5
28
29,17
30,9
31,4
32,10
33,28
34
35,23
36,14
37
38,22
39,9
40,9
41,4
42,15
43,18
44,32
45,4
46,21
47,3
48,16
49,3
50,9
51,12
52,4
53,7
54
55,14
15
55,3
56,15
551
57,22
58,5
59,12
60,4
61,13
62,8
63,17
64,7
65,4
66,8
67,16
68,2
69
70
71,13
72
73,3
74,10
75,20
76,16
77,5
78,4
79,13
80,8
81,4
82,16
83,5
84
85,4
86,19
87,11
88,6
89,10
90,4
91,9
92,8
93,7
94,25
95
96,7
97,11
98,14
99,15
100,7
101,2
102,12
103,11
104,14
105
106,8
107
108,14
109,7
110,4
111,7
112,19
113,14
114,12
115,12
116
117,15
118,6
119,17
636
119,4
120,9
121,6
122,14
123
124,17
125,4
126
127,11
128,21
129
130,13
131,18
132,21
133,12
134,12
135,13
136
137,20
138,24
139,17
141
142,6
143,8
144,17
145,9
146,11
147,13
148,8
149,18
457
149,3
150,3
151,8
152,18
153,8
154,19
155
156
157,5
158
159
160,9
161,17
162
163,9
164,3
165
617
165
166,25
167,14
168,11
169,8
170,10
171,7
172,3
173,11
174,11
175,3
176
177,11
178
179,9
180,13
181,7
239
181,18
182,10
183,4
274
183,7
184,18
185
481
185,4
186,20
187,4
188,19
561
188,3
189,5
190,5
191,12
192,13
193
194,4
195,8
196,10
197,8
655
197
198,2
199,6
200,4
428
200,10
201
202,3
203,8
204,23
205,7
206,24
207,24
208,11
209,13
210,16
211,6
212,6
213
214,2
215,9
216,19
217,9
218,15
219,4
220,15
221,10
222,6
223,13
224
225,12
226,17
227,6
228,6
229,3
230,5
231,11
232,26
233,7
234
235,8
236,17
237,7
238,7
239,8
240
241,6
242
243,9
130
243
380
243,9
244,8
245,3
246,13
247,7
248,18
249,10
250,9
251,19
252,13
253,14
254
255,10
256,7
257,2
258,9
259,9
260,31
261
262,3
263,7
264,18
265,18
266
267,3
268,18
269,20
270
271,3
272,7
273,8
274,21
275
276,18
277,31
278,17
279,9
280,6
281,10
282,13
283,7
284,2
285,2
589
285,18
286,9
287,6
288,2
289,12
290
291,14
32
291,8
292,16
293,16
294,6
695
294,14
295,4
296,18
297,13
298,4
299
300,21
301,5
463
301,11
302
303,11
304,3
305,3
306,4
307,8
308,8
309,20
310,14
311,24
312,6
313,12
314
315,8
316,9
317,15
318,12
319,12
320,5
321,3
322
323,7
324
325,4
326,9
327,10
328,9
329,7
330,16
331,15
332,20
333,13
334,21
335,15
336,5
337,26
338,8
339
340,4
341,9
342,9
343,5
344,6
345,3
346,13
347,6
348,6
349,8
350,10
351
352,9
353,7
354
355,13
356,9
357,5
291
357
358,8
359
360,5
361,11
362,15
363,19
364,16
365,5
366,10
367,9
368,6
369,7
370,24
371,16
372,15
373
374,6
375
376,12
377,16
378,6
379,18
380,6
235
380,3
381,5
382,10
383,20
384
385,10
386,3
387,16
388,8
389,10
390,4
391,5
392,13
393,5
394,9
395,2
396,12
397,10
398,8
399,34
400,5
401,29
402,2
403,9
753
403,25
404,14
405
406,5
407
408,9
409,5
410,15
411,5
412,30
413,10
414,5
415,11
416,6
417,26
418,12
419,15
420
421,11
422,11
423,18
424,9
425,23
426,7
427,11
428,7
429,14
430,6
431
432,8
433,5
434,21
435,6
436
437,4
438,3
439,10
440,3
441,20
442,20
443,24
444,8
445,21
446,3
447,9
448,19
449,23
450,6
626
450,4
451,8
452,11
453,5
454,10
455,9
456,11
457,15
458,17
459,13
460,12
461,4
462
463,9
464,8
465,9
466,11
467,5
468,20
469,4
470,10
471,14
472
473,4
474,8
475,9
476
477,15
478,19
479,3
480,8
481,14
482,28
483,9
484,10
559
484,4
485,3
486,2
487,14
488,9
489,5
490
491,8
492,20
493,2
494,22
495
496,16
497,10
498,13
499,11
500,19
501,8
502,9
503
504,12
210
504,10
505,11
506,8
507
508,4
509,7
510
511,7
232
512,4
513
514
515,8
516,15
517,5
518
519,15
520
780
520,5
521,19
522,13
523,14
524
525
526,6
527,8
528,9
529,21
530,9
531,4
532
533,19
534,7
535,12
536,9
537,3
538,22
539,14
540,9
541,12
542,9
543,12
544,17
545,9
546,7
547,3
548,15
549
711
549,8
550,9
551,12
552,8
553
554,10
555
556
557,13
558,11
559,17
560,25
561,21
562
563
564,9
565,12
566,33
567,13
568,16
569,8
570,4
571,9
572,10
573,4
574,8
575,11
576,7
577
578,9
579,17
580,7
581,8
582,25
583
584,9
585,20
586,17
587,10
588,21
589,5
590,26
591,3
592,2
593,10
594,4
595,4
596,8
597,3
598,7
599,27
600,4
601,6
602,3
603,4
604,3
605,8
180
605,8
606,7
607,14
608,20
609,7
610,8
688
610,8
611
612,15
613
614,9
348
614,7
615
616
617,16
618,9
619,11
620,10
621,13
622,14
623,16
624,18
625,17
626,9
627,7
628,11
629
630
631,7
632,6
633,5
634,5
635,13
636,2
637,18
638
639,7
640,15
641
642,10
643,18
644,9
645,15
646,13
647,12
648,8
649
650,12
651
652,3
653,14
654,9
655,27
656
657,6
658,15
659,3
660
661,9
662,29
663,14
664,27
665,8
666,15
667,13
668,17
669,18
670
671,22
672,19
673,29
674,8
675,12
676
677,11
678
679,7
680,7
681,14
682
683,10
684,16
685,13
686,5
687,12
688,19
689,8
690,2
691,6
692,11
693,9
694,7
208
694,2
695,10
696,5
697,9
698
699,15
700,12
701,15
702,5
703,15
704
705,9
706,5
707,4
708,10
709,19
710,4
711,10
712,7
713,9
714
715,6
716,8
717
718
719,11
720,5
721,25
722
723,11
724,9
185
724,19
725
726,8
727
728
729,20
730,34
731,4
732,16
733,22
734
735,19
736,7
737,8
738,9
739,14
740
741,12
742,3
743
383
743,2
744,9
745,4
506
745,4
746,15
747,18
748
749
750,5
751,30
752,6
753,14
754
755,9
756,26
757,18
758,15
759,11
760,8
761,10
762,19
763,8
764,3
765,9
766,10
665
766,3
767,9
768,7
769
770,12
771,6
772
773,5
774,6
775,3
776,3
777,9
778,22
779,12
780,6
781,11
782,13
783,5
784,9
785,11
786,8
787,4
456
787,4
788,5
789,10
790,10
791,2
604
791,18
792,26
793,6
794,4
795,9
796,15
797,3
798,13
799,23
800,13
801,39
802,7
803,9
804,8
805,5
806,15
807,4
808,8
809,6
810
811,19
812,9
813,19
814,13
815,8
816,14
817,4
818,6
273
798
475
417
662
82
341
306
494
663
541
625
723
640
818
473
267
663
566
397
677
517
448
