19
25
64
0,13
1,14
2,6
3,26
4,8
5,10
6
7,8
8,6
9
10,5
11,23
12,15
13,8
14,8
15,5
16,9
17
18,7
19,13
20,19
21
22
23,14
24,11
25,10
26,2
27,11
28,6
29,11
30
31,6
32,18
33
34,20
35,15
36,4
37,8
38,4
39,20
40,10
41
42,5
43,13
44
45,7
46,10
47
48,15
49,12
50
51,6
49
51,14
52,16
53,10
54
55,12
56,3
57,11
58,13
59,5
60,9
61,15
62,3
63,11
64,10
84
64,4
65,9
66,17
67,25
68,10
69,18
70,5
71,5
72,2
73,28
74,5
158
74,20
75,8
76,9
77,3
78,4
79,2
155
79,15
2
79
80,7
87
81
82,9
83,6
84,3
85,18
86,9
87,19
88,6
89,5
90,14
91
92,2
93,10
94,14
95,3
96,20
97,10
98
99
100,10
101,13
102,14
103,7
104,6
105,7
106,8
107,10
108,15
109,18
110,4
111,10
112,13
113,8
114,9
115,5
116,9
117,3
123
117,5
118,9
119
120,5
121,9
122,15
75
123,16
124,6
125,5
126,15
198
126,3
127
128,2
129,3
130,5
131,27
132,9
133,5
134,23
135,5
217
135,7
136,13
137,4
138,13
139,12
141
142,20
143,20
144
145,2
146,7
147
148
187
148,16
149,12
150,5
151,12
152,9
153,17
154,6
140
154,5
155,21
156
157
158,17
159,14
160
161,17
162
163,15
164,6
165,7
166
167,8
168,13
169,9
170,2
171
172
173,13
174,10
175,6
176,6
177,12
178,10
179,26
180
181,5
182,2
183,11
184,26
185,7
186,12
187
246
187,29
188
189
190
191,12
192,8
193,17
194,25
195,12
196,3
197
198,12
199
200,7
201,15
202,7
236
202,2
203,10
204,2
186
204,4
205,9
206
283
206,17
207
208,7
310
208,11
209,5
210,20
211,11
212,15
213,13
214,12
215,12
293
215,9
296
216,16
217,16
218,7
219,8
220,10
237
220,12
221
222,6
223,19
224,2
225,12
226,15
227,10
228,8
229
155
229,6
230,4
151
230,4
231,11
232
233
179
234,8
278
234,2
210
234,6
235,13
236,17
237,2
238,9
239,15
240,25
241
242,6
243,4
244,4
245,16
246,14
247
299
247,17
248
249,7
250
251,14
252,12
253,10
254,12
255,11
256,3
257,6
258,22
259,23
260,6
261,10
262,4
263,9
264,4
265
266,12
267,8
268,20
269,8
270,3
271
272,10
273,2
274
275,10
276,15
277
278,7
279,6
280
281,6
282,10
283,12
284,6
285,9
286,15
287,2
288,9
289
290
291,8
292,11
293,5
294,7
295,7
296,14
297,3
298,20
299,25
300,13
301,5
302,9
303,7
304,9
305,20
306,7
307,21
313
307,2
308,6
309,11
310,5
311,14
312,8
313,12
314,6
311
314,8
315,6
306
315,3
316,11
317,7
318,5
319,24
320,13
321,9
322
323,13
324,9
325,7
326,26
327,15
328,15
329,9
330,52
331,5
332,12
333,19
334,17
335
336,13
337,11
338
339,11
340,7
341,17
342,4
343,15
344,3
345,4
346,13
347,8
348
349,7
350,8
351,2
352,5
415
352
353,20
354,6
355,24
356,5
357
358,10
359
360,13
361
362,5
363,18
364,5
365,7
366,5
367,11
368,9
369,19
370,8
371,8
372,16
373,19
374,2
375,17
376,8
377,6
390
377,13
378,11
379,15
380,20
381,2
382
383,7
384,16
385,9
386,16
387,13
388
389,20
390,35
391,15
392,8
393,5
394,18
395,19
396,17
397
398,15
399,18
400,10
401,18
402
398
402,7
403,8
404,5
405,15
406,7
407,22
408,13
409,11
410
411,25
393
412,15
413,3
411
413,7
414,2
415,17
416,9
417,10
418,4
419,8
420,10
421,12
422,6
423,12
424,18
425,3
426,2
456
426,4
427
428,13
429,9
430,6
431,13
432,8
433
434,9
435,11
436,33
437
438,12
439,13
440,26
441
442,19
443,23
444,5
445,8
446,7
447,13
448,16
449,10
450,7
451
452,5
442
452,6
453,13
454,3
455,6
456,13
457,15
458,2
459,6
460,6
461,3
505
461,5
462,7
463,3
464,10
465,8
466,6
467,6
540
467
468,14
469,14
470,7
471,20
549
472,11
473,8
474
475,12
476,4
477,3
478,13
479,14
480,5
473
480,2
481,9
482
483,4
484,9
485,4
486,7
487,7
488,12
489,4
417
489,11
490,17
491,5
492,14
493,11
494,9
495,16
496,6
497
498,7
499,19
500,5
501,8
502,3
547
502,26
503,9
504,38
505,14
506,4
507,8
508,16
564
508,4
509,6
510,4
498
510,12
511
512,13
513,9
514,24
515,8
516,12
517,10
518,21
519,7
520,2
521,13
522,32
523,3
524,9
525
526,6
527,20
528,2
529,5
530,6
531,15
532,13
556
532,12
533,28
534
535,11
536,8
537,2
538,16
539,11
541,4
542,10
543,9
544,7
545,10
546,14
547,13
548,8
549,28
550,11
597
550
551,7
542
551,9
552,9
564
553,9
554,8
555,8
556,12
557,6
558,10
559,12
560,4
561,10
562,4
541
563,5
564,11
565,15
566,11
567
568,13
569,30
570,7
571,12
500
589
571,4
572,12
573,4
538
573,9
574,11
575,6
576
577,4
578,2
579,15
580,12
581,8
582,11
653
582,9
583,19
584,6
585,7
586
587,4
588,3
589,8
549
589,9
590,6
591,12
592,3
532
592,4
593,11
594
595,8
596
597,17
598
599,6
600,3
601,14
602,7
603
604,2
605
606
607,4
608,3
609,20
610,8
611,7
612,9
613,24
614,7
615,14
616,10
617
618,10
619
620,24
621,14
622,9
623,2
588
623,6
624,9
625,17
626,7
634
626,4
627,15
628,12
629,16
630,6
631,16
632,8
633,8
634,10
700
634,5
635,9
636
637,12
638
639,3
640,5
641,9
642,9
643,8
644,13
645,5
646,19
647
648,11
649,12
650,6
651,11
652,17
653,21
654,4
655,23
656
657
658,5
659,5
634
659,3
660,7
661,3
662,8
602
662,9
663,11
706
664,5
665,9
666,4
667,2
668,11
669
670,17
671,29
672
673
674,16
675,9
676,7
694
676,6
677,7
719
678,14
679,13
680,14
681,18
682,3
683,14
684,4
689
684,26
685,4
686,23
687,18
688
689,3
626
689,20
690,11
691,17
692,2
693,7
694,15
695,19
696
697,7
698,10
699
700,14
701,8
702,20
760
702,7
703,22
704,14
705
706,8
707,5
708,21
709,8
710,17
711,28
712,9
713,8
714,6
787
714,9
715,7
716,20
717
718,11
719,8
720,9
721,12
722,12
723
724,18
725
726,9
727
728,6
729,2
730,11
731,2
732,4
733,8
734,15
735
736,15
737,2
738,15
739,9
685
739,4
740,5
741,11
742,29
743,10
724
743,4
744,2
745,6
746,16
747,3
703
747,5
748,3
749
750,14
751,9
785
751,14
752
753,27
754
755,8
756,12
757
758,25
759,22
760,24
761,5
762,22
763,7
764,6
765,4
811
765,12
766,14
767
768,11
769,11
770,2
771
772,8
773,5
774
775,18
776,15
777,9
778,9
779,2
780,9
781,2
782
783,9
784,16
785,15
786,7
787,15
788
789,9
790,16
791,17
792,17
793,3
794,7
795,6
796
797,7
818
797,17
798,10
799,11
816
800
801,3
802,2
803,9
804,18
805,2
806
807,10
808,11
809,21
810
736
810,5
811,27
812,16
813,5
814,2
815,2
816,19
817,2
818,11
809
785
818
