46
83
51
0,16
1,8
2,9
3,4
4,4
24
4,13
5
6,13
7,7
8
9,6
10
11,4
104
11,7
12
13,10
14,3
15,11
16,4
17,9
18,9
19,13
20,17
21
22,11
23,7
24,27
25,13
26,4
27,16
28,29
29,5
169
29,6
30,7
31,8
32
33,16
34,7
35,9
36,11
37,13
38,12
39
40,2
41,3
42,21
43,7
44,12
45,2
46,3
47
48,29
49
200
49,18
50,7
77
50,6
51,12
52,5
53,3
54,7
55,4
56,8
57,20
58,10
59
60
61,25
62,12
63,10
64,19
65,25
66,11
67,16
68,6
69,10
70,6
71
72
73,9
74,2
75
76,6
77,11
78,7
79,9
80
81
82,13
83,14
84,10
85,9
86,2
87
88,3
140
88,8
89
90
91,23
92,4
93,19
94
95,15
96,4
97,23
98,16
99,14
121
99,10
100,5
101,12
102
103,4
104,4
105,9
106,7
107,32
108,3
109,16
110,3
111,7
112,13
113,16
114,17
115,14
116,11
117,11
118,8
119,6
120,14
121,5
122,9
123,2
124
125,8
126,12
127,9
128
129,14
65
129,8
130,21
131
132,13
133
134,31
135,13
136
137,24
138
139
140,24
141
142,13
143,21
144,16
145,11
7
145,14
146,2
147,15
148
149,12
150,8
151,9
152,7
316
152,5
153,25
154,16
155,9
156
157
158,10
159,7
329
159,2
160
161,4
162,4
163,9
164,5
165,15
166,5
274
166,17
167
168,10
169,16
215
170,10
171
172,11
173,29
174,7
175
176
177,20
178,4
179,17
180,9
181,23
182,25
183,7
329
183,8
184,21
185,12
297
185,4
186,9
187,17
188,20
189,4
190,7
191,8
192,6
193
194,22
195,17
196,17
197,11
198,5
199,3
200,13
201,9
202,6
203,10
204,23
205
206,18
207,6
208,12
209,4
210,6
105
317
210,3
211,14
212,5
213,16
302
213,5
281
213,8
214,18
215,20
216,2
217,8
218,21
219
220,10
221,4
222,4
223,4
224,12
225,8
226,2
227,7
228,7
229,21
230,6
231,19
232,3
233,20
234
235,7
236,12
237,6
238
239,20
240,13
195
240,4
241,2
242,5
418
242,16
243,19
244,8
245,16
246,12
247,15
248,5
249,11
250,12
251,20
252,8
253
244
253,8
298
253,10
254,29
255,4
256,4
257
258,12
259,9
260,15
261,14
262,10
263,23
264,7
265,3
266,39
267,7
268,4
97
268,9
269,2
270,6
271,5
272,7
135
272,2
273,10
274,21
452
274,6
275
276,11
277,9
278,16
279,9
280,13
281,24
282,11
283,3
284,9
285,5
348
285,8
286,3
287,9
288,24
289,21
290,18
291,4
292,10
293,2
294,2
295,17
296,11
297,20
298,23
299
300,3
301,25
302,15
303,21
304,8
305
403
306,4
169
306,8
307,19
308,17
309,20
310,17
311,11
465
311,2
312,9
313,14
314
315,28
316,11
317,9
318
319,7
320,10
321,14
322,5
323,23
324,5
325,9
326,5
327
328,9
329,26
330,19
331,14
332
333,15
334,21
335
336,3
337,8
338
339,11
340,5
341,11
342,24
343,3
344,2
345,28
346,8
415
346,3
347,22
348,14
349,6
350,3
385
350,6
351,8
352,12
353
354,8
466
354,7
355,15
576
355,13
356,7
357,18
358,9
359,5
360,23
361
362,6
363,17
364
365
366,14
367
368
369,8
370,2
371,2
329
371,6
372,8
373,12
374,2
567
374,6
375,8
376,9
377,14
378,8
379,2
523
379,21
380,2
381,10
382
383,7
384,5
385,2
354
385,5
386,8
387,10
388,11
389,12
390,2
391,6
392,17
393,12
394,16
395,11
396,3
397,14
398,19
399,17
400
401
402,8
403,13
404,2
405
406,10
407,6
408,4
409,13
410,4
411
412,7
413
414,8
415,27
416
417,14
418,32
419,10
420,9
421,5
422,21
423,14
424,13
425,17
426,7
427,18
428,2
429,5
423
429,2
430
431
432,10
433
501
433,6
642
433,6
434
435,7
436
437,7
438,8
439,8
641
439
440,16
441
442,14
443
444,2
445,3
583
445,5
446,11
447,8
448,15
449,12
450,9
451,5
452,4
453
454,7
551
454,5
455
572
635
455,4
456,11
457,5
458,21
459,5
460,21
461,8
462,5
463,13
464,2
465,12
466,24
467,9
468,17
469,5
580
469,3
470,15
471,8
472
473,13
474,9
475,8
476,4
477
478,9
479,6
480,5
481,8
482,21
483
484,13
485
486,12
487
488,4
489,6
490
491,2
492,17
493
494,2
495,7
496,8
497,5
498,8
499,8
500
501,21
502,5
503,2
504,14
505,9
506,3
507,10
508
509,7
510,8
511,9
512,8
513,5
514,4
515,7
516,18
517,4
518,5
519,4
520
521,11
522,15
523,5
524,7
525,8
526,4
322
526,5
527,3
528,8
529,12
530
531,17
532,8
533,24
654
533
534,6
535,11
536,9
537,24
538,7
539,22
540,7
541,7
542,13
543,4
544,2
545
597
545
546,12
547,9
540
547,10
548,19
549,3
550,3
551,5
552,9
553,11
554,24
555,17
556
557,12
558,12
559,12
560,16
561,3
562
643
562,6
563,7
564,9
565,5
566,12
567,13
568,6
569,30
570,16
571,13
572,31
573,7
574,5
575,15
576,12
577
578
579,5
580,8
397
580,5
581,13
582,14
633
582,3
583,13
471
583,5
584,6
585,8
759
585,7
586,3
587,9
588,10
589,25
590,6
591,8
592,4
473
592,9
593,19
594,14
595,13
596,8
597,9
598
599,17
600,23
601,2
602,9
603,8
604,8
605,5
606,20
607
608,2
743
609,16
610,4
611,9
612
613,14
614,7
615,4
616,15
617,12
630
617,6
618,5
619,11
620,9
621
622,19
623,7
624,10
625,13
626,8
627,7
628,8
629,9
630,2
418
630,14
631,2
632,9
633,15
634,3
541
634
635,16
636,3
732
636,4
637,5
638,25
639,17
640,11
641,6
642,17
643,12
644,4
645,8
646,9
647,2
648
649,6
650,15
651,14
652,5
653,13
643
653,4
654,8
655,4
656,10
657,22
658
659,5
691
659,4
660,8
661
662
663,6
664
665,2
666,10
667
668,12
669,5
466
669,7
670,7
671,15
672,6
673,13
674,12
675,22
676
677,2
678,8
679,13
680,6
681,21
682,14
683,8
684
685,7
686,16
687,2
688,16
689,19
690,12
691,10
692,2
689
692,4
693,10
694,9
695,10
696,5
697,4
698,8
699
700
701,21
702,6
703
704,9
705,6
706,7
707,13
708,7
709
710,5
711,9
712
713,5
714,8
715
771
715,10
716,5
717,17
718
719,26
795
719
720,10
721,4
722
723
724,37
725,8
726,17
727,13
728,15
729
730,7
731,2
732,30
733,19
734,17
735,5
736,9
737
738,17
739,10
740,3
741,12
742,7
743,26
744,4
689
745,20
746
747,4
748,16
749,3
750,5
751,17
752,8
581
752,2
753,6
754
755
756,16
757,10
758,10
759,8
760,23
761,12
762,18
763
764,5
765
766,4
767,15
768,15
769,18
770
771,25
772,3
780
772
773,8
774
775,8
776,21
777
778,4
779,21
780,2
781,10
782,23
783,12
784,12
785,9
786
787,18
788,12
789,40
790,15
791,11
792,11
793,18
794,23
795,17
796,2
797,10
798,15
799
800,7
801,20
802,11
803,25
804,6
805,8
806,12
807,8
808,5
809,8
810,10
811,5
812,7
813,16
814,3
815
816
817,13
818,6
789
802
753
789
724
818
