18
0,9
1,4
2,9
3,5
4
5,17
6
7,20
8,7
9,19
10,13
11,17
12,5
13
14
15,13
16,8
17,27
18,11
19
20,11
21,18
22,5
23,13
24,3
25,8
26,5
27,6
28,7
29,7
30,10
31,10
32,27
33,20
34
35,8
3
35,4
36
37,16
38
39,8
40,8
41,17
42,5
59
43
44
45,3
46
47,9
48,19
49,11
50,23
51,45
52,14
53,9
54,9
55,4
56
57,2
58,26
59,8
60,16
61
62
63,12
64,4
65,21
66,16
67,8
68
69,17
70,6
71,2
72,3
73,3
74
75,6
76,9
77
78,8
79,5
113
79
80,14
81,25
82,3
83,4
84,26
85,18
86,15
87,5
88,8
89,14
90,17
91,10
92
93
94,17
95,9
96,17
97,17
98,8
99,10
100,10
95
100,14
101,5
102,9
103,6
104,10
105,3
106,12
107,7
108,9
109,7
110,7
111,5
112,10
113,11
114,7
115,9
116,5
117,7
118,6
119,9
84
119,4
120,7
121
122,21
123,9
136
123
124,18
125,19
126,7
127,14
128,5
129,9
130,33
118
130,3
131,17
132,2
133,4
111
133,10
106
133,7
134,9
135,7
136,13
137,7
138,22
139,29
140,17
141,6
113
141,4
142,14
143,9
144,9
145,18
146,3
116
146,16
147,11
148,9
149,24
150
156
151
152,4
153,24
154
155,10
156,11
157
158,13
159,10
160
161,11
162,11
163
164
165,17
166,5
167,20
168,9
169,8
170,21
171,4
204
171,5
172,11
173
174,5
175,14
176,3
177,10
178
179,13
180,27
181
177
181,4
182,15
183,11
184,2
185,11
186,11
187,13
188,7
189,9
190,4
182
190
191,6
192,18
193,5
194,9
195,3
196,14
197,9
198
199,6
200,14
201,26
202,11
167
203
204,12
205,2
206,16
207,13
208,4
209,14
210
211,4
212,5
233
212,3
184
213,25
214
215,8
216,16
217,7
218,13
219
220,18
221,13
222,14
223
224
225,2
194
225,16
226,2
227,16
228,10
229
230,8
231,5
232,7
233,5
234,12
235,4
236,29
213
237,8
238,21
239,21
240,12
241,18
242,3
243
244
245,8
246,12
247,21
230
247,3
248,14
249,3
250,14
251
252,6
253,2
254,9
255,4
256,14
257,17
258,15
259,11
260,8
261,7
262,19
263,6
225
263
264
265,19
266,3
267
268,22
269,11
270,7
271,18
272,10
273
274,20
275,2
309
275,20
276,17
277,12
278,10
279
280,6
281,12
282,10
254
282,11
283,9
292
284,9
282
284
285,8
286,20
287,9
288,24
289,17
290,6
291,20
292,2
303
292,14
293,16
294,8
295
296
332
296,10
297,15
298,15
299,10
300,8
301,8
302,18
303,7
304,2
305,8
306,18
307,3
308,10
309,7
310
311,10
312
313,2
314
315,24
316
317,9
318,5
319,11
320,13
321
322,8
323,4
324,8
325,14
326,5
327,13
328,9
329,11
330,7
331,9
332,14
333,2
334,6
335
336,9
337,10
338,4
339,16
340,12
341,9
342
343,13
344,9
345
299
345,2
346,18
347,9
348,18
349
350,3
351,7
352,15
353,15
354,26
355,5
356,12
357,12
358,11
359,22
360,19
361,21
362,2
363,6
364,14
365,2
361
365,6
366,6
348
366,10
367
368,5
369,17
370
371,4
372,22
373,6
374
375
376,9
377,3
339
377,6
378
379,5
380,8
381,9
382,11
383,12
384,5
385,9
386,19
387,9
388,24
389
390,25
391,19
392
393,24
394,13
395
412
395,9
396,10
397,2
398,10
399,16
400,2
401,18
402,16
403,13
404,13
405
406,8
407,15
408,9
409,7
410,6
439
410,7
411
412,13
413
414,14
412
414
415,9
416,7
444
416,19
417,9
398
418
419,19
420,14
421
422,7
423,5
424,19
425,8
426,25
427
428,17
429
430,4
431,23
432,40
433,23
434,8
435,11
436,6
476
436,24
437
438,19
439,17
440,11
441,20
442,6
443,12
444,25
445,8
446,9
447,8
420
447,2
448
449,7
450,7
451
452,2
453,9
454,5
455,17
456,14
457,2
458,20
459,2
460,15
461,2
462,10
463
464,8
465,11
466,6
467,3
468,8
469,24
470
471,15
472,2
473,3
474,8
475,11
476,19
477,12
478,5
479
480,12
481,12
482,3
483,3
484,5
485,13
486,5
487
488,14
489,7
502
489,8
490
491,7
508
491,2
492,25
493,12
494,10
495,4
496,9
497,7
498,6
461
498,8
465
498,6
499,6
500,20
501,11
502,2
532
502,10
503,3
504,4
505,10
506,9
507,16
508,15
509
510
511
512,10
514
512,19
513,12
514,9
515,2
535
515,11
516,6
517,22
518,5
519
520,22
521,20
522,3
488
522,9
523,3
524,11
525,9
498
525,18
526
527,4
528,25
529,14
530,14
531,13
532,9
533,18
534,4
535
536,12
537,2
538,3
539,15
540
541
542
543,7
544,14
545,17
546,2
547,20
548
549,17
553
549,2
550,16
585
550,6
551,5
552,14
553,4
552
553,3
554,6
555,2
556,4
557,11
558,11
559,6
560,12
561,6
562,11
591
563,11
550
564,13
565,14
566,2
567,5
568,16
569,9
583
569,3
570
571,23
572,7
573,5
574,13
575,8
576
577,15
578
579
580,6
581,7
582,8
583,5
554
583,6
584,13
585,9
586,26
587,14
588
589,8
590,5
613
591,10
592,16
593
594,7
595
596,14
597,3
598,4
599,4
600,4
601,11
602,6
603,12
604,11
605,7
651
605,6
606,7
607,5
608,12
609
610,15
611,22
612,8
613,7
637
613,4
614,19
615,5
616
617,5
618,11
619,2
620
621,17
622,9
623,7
624,2
612
624,7
625,2
626,7
627,11
628,3
629,14
630,4
631,9
632,11
633,13
634,5
635,2
611
635,4
636,14
637,5
638,5
639,10
640,12
641
642,2
643,11
644
645,16
646,14
647,7
648,21
649,8
650,6
651,23
652,17
653,4
654,5
655,3
656,11
657
658,2
659,5
660
661,4
662,31
663
670
663,12
664,2
665
666,30
667,6
668,8
669,13
670,16
671,6
672,3
673,4
674,22
675,19
676,4
715
676,10
648
676,3
677,2
678,2
679,4
710
679,9
680,2
681,8
709
681,11
682,13
683,6
684
685
686,9
687,5
688,15
689,7
690,9
669
690,11
691,5
651
691,9
692,9
693
694,2
695,6
696,11
714
697,11
698,10
699,10
700
701
702,16
703,5
704,4
705,9
743
706
707
708,12
709,14
710,10
711,9
712
713,7
747
713,2
714,15
715,11
728
715,5
716,8
717,7
718,19
719,10
720,17
721,4
722
723,14
724,9
725,18
726,7
727,15
728,12
729
730,15
731,4
732
733
734,6
735,3
736,9
709
736,23
737,10
738,11
739,9
740,7
741,14
742,17
743,20
744,16
745,6
746,19
747,17
748,4
749,21
750,10
751,21
752,15
753,5
754,13
755,24
756,9
757,22
758,9
759,8
760,2
737
760,9
761,6
759
761,8
762,13
763,16
764,3
765
766,11
767,2
768,11
769,10
770,20
771
772,24
773,2
774,9
775,14
776,8
766
776,14
777,4
778,6
779,20
780,8
781,7
778
781,5
782
783,13
784,13
785,9
786,11
787,9
788,14
789,12
790,2
791,7
792,8
793,11
794,7
795,4
796,10
797,2
798
799,5
800,12
801,10
802
803,6
804,10
805,24
806,15
807,22
778
807
808,11
809,15
810,8
811,9
812,6
780
812,14
813,7
814,19
815,11
786
815,4
816
817,14
818,8
