102
0
53
46
365
292
303
36
191
218
133
78
126
0,9
1,15
2,6
3,16
4,15
5,11
6
7,17
8,5
9,27
10,13
11,12
201
12
13,37
14
15
16,12
17,4
18,16
19,17
20,19
21,12
22
23,13
24,9
25,4
26,3
350
26,10
27
28,12
29
30,4
31,5
32,15
33,8
34,15
35,30
36,3
37,9
38,21
39
40,22
41
42,8
43
44,10
45,5
46,7
47,17
48,3
49,4
50,8
51,13
52,2
53,14
54,22
55,11
56,9
57
58
59,9
60,5
61,9
62,5
63,19
64,3
65,25
66,3
67,7
68,17
69,5
70,8
71,5
72,7
73,16
74,7
75,10
76,16
77,21
78,17
79
80,5
81,4
82,12
83,12
84
85,10
86,12
87,6
88,12
89,14
90,5
91,21
92,19
93,11
94,10
95,10
96,9
97,16
98,12
99,3
100,11
101,6
102,4
103,12
104,3
105,12
106,4
107,6
108,14
109,8
110,5
111,6
112,2
113,11
114,14
115,20
116,4
117,2
118,16
119,18
120,19
121,6
122,21
123,19
124
125,11
126,27
127,19
128,5
129
130,3
446
130,7
131,11
132,16
133,18
134,12
135,9
136,4
137,15
138,5
139
140,13
141,2
142,4
143,15
144,11
145
146,22
147,12
148,25
149
150,14
151,17
152
153,2
154,6
155,20
156,17
157,8
158,5
159,14
160,5
161
162,3
163,3
164,3
165,17
166,12
167,26
168
169,6
170,16
171,23
172,19
173,9
174
175,21
176,6
177,6
178,30
179,14
180,5
181,8
182,16
183,15
184,12
185,25
186
187,7
188,2
189,6
190,7
191,7
192,8
193,17
194
195,4
196,3
197,19
198,9
199
200,9
201,10
202,2
203
204,9
205,18
206,9
207
208,8
209,12
210,9
211,6
212
213,27
214
215,8
216,2
217,4
218,19
219,11
220
221,18
222,5
223,4
224
225,7
226
227,13
228,14
229,15
230,6
231,10
232,16
233,4
234,19
235
236
237,15
238,7
239,7
240,4
241,15
242,9
243,6
244,4
245,21
246,15
247
248,15
249,12
250,6
251,7
252,2
253,8
254,6
255,8
256,15
257,9
258,7
259,9
260,5
475
260
261,6
262
263,6
264,21
265,7
266
267,4
268,5
269,6
270,10
271,6
272
273
274,3
337
274,19
275,27
276,3
277,14
278,10
645
278,3
279,3
280,4
281,9
282,28
283
284,14
285,4
162
285,2
286,8
287,18
288
289,4
290,9
291,19
292,19
293,9
662
293,8
460
293
294,34
295,7
296,5
297,2
298,3
299,5
300,21
301,9
302,8
303,9
304
305,8
306
307,4
308,18
677
308,7
309,14
310,9
311,25
312
313
314,6
315,10
316,8
317,15
318,9
319,8
320,7
321
322,7
631
322,19
323
324,9
325
326,3
327,3
421
327,3
328,7
91
328
329,2
566
330,21
331,11
332,12
333
334,7
335,6
336,22
337,7
338,11
339,5
340,9
341,3
342,3
343,2
344,3
641
344,8
350
344,8
345,11
346,14
308
346
347,3
348
349,22
350,30
351,13
352,10
353,12
354,6
355,7
317
355,4
356,18
357,19
182
357,15
358,18
359,7
360,5
361,17
362,29
363,14
364,10
456
364,10
365,16
516
365,5
366,6
367,9
368,3
369,3
370
371,5
372,26
373
374,8
375,21
376,15
377,15
378,18
379,14
380,11
381,7
382,4
383,15
384,8
385,16
386,16
387,5
388,14
389,13
390,11
391,11
392,12
393,3
394,17
395,6
396,6
397,11
398,17
399,18
400
637
400
238
401,8
402,8
403,6
282
403,4
404,7
405,14
406,3
407,6
408,12
409,11
751
409,3
410,11
411,11
412,23
413
414,25
415
416,10
417
418,21
419,20
420,6
421,11
422
423
424,17
425,3
426,21
427,7
428,12
429,4
430,2
431,6
432,5
433,8
434,2
435,2
436,7
437,2
438,6
439,18
440,19
441,4
442,6
443,10
444,7
271
444,2
445,8
446,22
447,15
448,7
449,17
450,13
451
452,12
453,21
454,9
455,8
456,5
317
456,8
457,20
458
459,6
460
308
460,18
461,15
462,3
463,13
464
465,16
466
467,5
468
469,16
470
471
472,7
473,3
785
474,24
777
474,5
475,21
476
477
478
440
478,13
475
479,12
480,10
481,5
482,7
483,16
484,24
485,5
128
485
486,3
487,6
488,7
489,8
490,12
491,9
492,9
493,5
494,9
495,4
496,4
497,5
498,3
258
498,9
499,4
500,9
501,3
502,8
783
502,2
503,14
504,15
294
504,3
505,13
506
507,16
508,5
509
510,17
511,19
512,8
513,9
514,4
515,20
516,9
517
193
517,16
518,3
500
518,6
519,6
520,8
521,8
522,3
424
522,10
523,3
524
525,6
526,4
527,12
528
188
528,16
529
530,11
531,7
532,9
533,18
534,6
535,13
536
537,14
538,15
539,3
540,13
541,23
542,7
543,13
544,5
545,19
546,8
547,7
548,10
549,9
550,7
551,19
552,10
553,12
554
555,7
556,7
557,2
558,9
559,14
560,13
561,2
562,17
563,7
564,8
565
566,6
567,11
568,8
569,6
570,10
571,4
572,8
573
574,6
575,16
576,9
577,7
504
577,10
578,12
268
578
579,9
580,15
581,17
582,4
583,14
584,8
585,3
586,14
587,2
588,6
419
588,6
589,8
590,29
591,7
592,11
593,2
594,9
595,8
794
595,3
596
597,22
598,14
599,9
600,8
210
601,13
602,10
603
604,10
605
606,4
607,15
608,14
609,15
610,13
228
610,2
611,8
400
611,2
612,22
613,8
383
613,14
614,20
615
384
615,10
616,15
617,13
618,5
619,17
620,14
621
500
621,9
622,8
623,8
624,6
625,5
626,2
627
628,7
629
630,2
631,24
632,9
633,19
634,13
635,14
636,8
794
636,3
637,20
638,10
639,16
640,9
641,10
642,14
643,13
644,5
591
644,15
645,9
646,5
647,17
648,20
649,13
650,12
651,11
652
653,8
654,14
655,11
656,5
657,23
658,3
659,24
660,8
661,2
662,28
663,11
664
665,5
666,14
667,12
668,18
669,4
670,7
294
670,8
671,14
672,7
673,13
674,9
675,5
676
677,5
678,17
679,10
680,15
681,26
682,9
683,5
684,12
685,16
686,15
687,6
688,9
689,3
690,3
691,3
692
693,14
694,10
695,12
696
697,11
698,15
699,9
700,10
701
702,6
703,5
704,9
705,10
706,9
707,11
708,5
709
710
711,13
712,15
713,22
714,7
715,5
716,19
717,4
515
717,8
718,5
719,21
720,7
351
720,19
721
722,16
723,5
724
725,19
726,8
727,12
728,2
729,9
730,21
731,20
732,15
733,2
621
733,4
734,7
735
736,6
737,14
738,15
739,13
740
741,9
742,8
743,17
744,7
745,25
746,6
747,16
748,14
749,5
750,6
751,16
752,9
753,18
754,10
755,13
756,6
757
758,3
759,13
760,9
761,10
762
763,8
764,19
765,14
766
767
768,10
769,8
770
771
772
773,15
774,20
775,23
776
777,20
778
779,14
780,4
781,9
782,16
783,5
784,6
785,15
456
785,2
786
787,11
788,14
789,8
475
789
790,3
791,16
792
793,8
794,30
544
794,19
795,10
796,16
797
798,5
424
798,5
799
800,6
801,2
802,3
803,23
804
805,11
806,4
807,13
808,3
809,14
810,6
811,21
812,12
813
814,16
815,8
816,12
817,10
818,7
785
737
741
685
571
534
604
796
818
