0
4
0,7
4
0,10
7
0,5
1
2,3
0
2,10
8,2
2,3
4
3,4
9
3,8
4,2
12
4,7
7
4,2
3
4,2
3
5
0
5,3
2
6
7,3
0
7,3
15
7
10
7,4
8,3
10
12
8
16
8,2
9,3
4
9
10
2
10,8
20
10,5
12
14
10,3
11
12,4
10
12,4
13,3
14,2
12
14,3
5
21
14
15
10
15,6
16,5
15
16,4
20
16,5
20
10
23
16,2
17,2
10
17,4
18,4
19,3
20
19,2
8
19
22
19,5
20,4
12
20,2
19
20,2
28
20,4
16
28
20,3
21,3
22,5
23
22,2
23
31
22,4
23,8
24,2
25
26
19
26,3
36
26,2
23
26,12
27,3
26
27,2
28,4
23
28,2
26
23
29,2
32
29
20
29
41
29,5
26
29,6
37
30
31,2
32,5
33
37
34
35,8
36,3
39
36
35
36
28
36,2
37
36,10
37,4
27
37,9
29
37
39
46
39,5
40,10
41,10
40
41,2
42
43
36
43,4
49
52
44,3
40
44,3
36
44,6
43
44,5
48
45,5
55
45,5
46,2
54
46
47,3
46
38
48,3
44
48,5
57
41
49
48,2
49,2
43
49
48
49,2
50,4
51,2
54
51,8
52,3
54,3
65
49
54,8
55,3
61
55
67
55,4
63
56
57,2
54
57,3
63
57
58,6
48
58
59,4
70
59,2
48
59
57
59
60
61,3
70
61
58
61,3
62,2
63,5
67
63
52
69
63,3
64,2
65,3
53
65
66
67
68
67
63
76
68,2
69,2
59
77
69,4
65
70
71,4
77
71,2
72
73,6
80
73
74,3
68
74,4
76
74
80
74
75
82
74
75,4
71
75
63
75
83
75,4
69
76,4
77,2
65
77,2
87
77
74
77,2
78,12
79,5
87
79
89
79,2
88
80
89
80,3
81
82,2
77
74
82
84
82
87
82,8
87
82,4
83,7
84,3
87
84,3
85
92
85
87
93
87,3
83
87,2
83
87
88
85
88,2
82
92
88
87
88
93
88
91
88,2
91
88
89,6
91
89
90,2
91,14
86
91
92
91
92,11
97
92,2
88
92,2
100
88,2
92
93,2
92
93,4
96
93
92
101
93,3
99
93,3
94
91
94,3
95
92
96
97
92
97,11
104
97,2
96
97
94
97
98,3
105
99
100
99,2
95
99,3
92
99,6
100,3
97
95
102
97
102,2
107
105
93
103,3
104,6
106
104,2
107
104
105
104
108
104,5
96
105,2
103
105
104
105,4
104
99
105,5
106
105
106,4
107
108
107,3
106
99
107,12
108,6
107
108,11
109
108
109,3
119
109,2
107
108
109
105
109
110
115
111,7
112,6
113,2
107
113,5
114,3
113
114,3
104
114
121
114,6
121
108
115,4
116
115,6
116,2
114
111
116,4
112
116,5
117
119,4
111
119,5
109
122
115
119,8
112
120,5
119
120,5
121
120
128
120
121,2
124
122,5
123,3
124,8
125,5
119
120
125,3
126,2
127
126
118
124
126
127,6
131
127,7
135
127,4
129
127,2
128
120
128,6
122
128
135
129
130,2
132
130,2
124
130,2
131,3
123
131,3
132,8
133,2
127
133,2
134
127
135
137
135,3
139
135,7
136,2
137
136,2
137,3
144
137,4
136
137,6
140
137
127
139
137,2
144
137
132
137
145
137,2
144
145
137
138,9
144
138,12
143
137
138
139
149
139
145
139,2
140,4
146
138
140,5
141
142
143,2
136
144,8
139
144,4
148
143
144,2
145,8
139
145,4
147,5
153
148,2
156
148,12
149
156
147
149,6
150
149
152
149,2
140
150,7
151,2
149
151
152,4
149
152,5
153,5
154
165
154
160
154,7
155,3
148
153
155,2
156,4
157,6
155
157,2
152
158,4
162
158
156
158,3
153
158,2
159
158
165
154
159,3
156
154
159,2
156
159,3
160,5
156
161
160,8
157
160,3
161,8
162,5
163,5
165
163,6
167
163,3
160
163,4
171
165
163,2
164,4
165,4
170
165
162
165
171
162
165,4
168
165,5
171
167
165,7
170
163
166,4
167,4
172
165
167,8
168
172
168,11
169,2
171,16
175
170
171,6
167
171,3
165
172,7
171
173,2
176
173,10
174,7
179
177
168
175
174,6
172
174,7
178
174,2
175,6
176
175
174
179
175
179
175,3
176
175
176,3
174
176,5
172
176
174
176,8
177,6
175
177,4
179
176
177,2
179,8
176
177
179
183
179,2
180
176
186
180,17
181
182
183,8
186
183
184,5
188
190
184,2
191
179
184,5
177
184,6
191
186,5
209
186
178
186,10
185
186
187
188,2
193
188,4
186
180
189
188,8
189,3
184
189,3
190,8
191,7
194
191,3
192,2
190
192,3
193,3
194,4
196
186
195
194,7
201
195,2
189
201
196,5
188
196,3
189
195
196,2
203
194
195
197,2
199
197,3
198
199,2
205
199,3
206
191
199,5
200,7
201
204
201,4
206
201,6
202,2
201
202,2
196
202,6
205
195
202
199
202,3
203,3
204
205
204,2
196
204,4
205,7
206
202
206
211,2
206,4
200
206,10
207,7
208,4
213
208,2
210
208,4
202
208,3
213
208,3
209,2
211
209,4
207
209,4
211
209,2
210
205
210,3
215
210
211,4
217
213
211,3
209
206
211,3
214
208
211,3
212
221
212,2
213,2
211
213
221
213,6
212
213,2
219
220
221
215,11
220
215,2
217
215
208
215,2
216
217
222,2
217,7
218
220,4
221
220,7
221
217
221
220
221,2
213
220
221,4
223
221,2
222,6
221
222,5
226
222,2
225
222,9
223,12
221
223,2
229
221
223,3
224,7
230
224,2
225,4
223
225,7
223
225,2
226
229
223
226,6
232
226,3
227
225
223
227,3
228
225
228,2
232
228
233
228,2
229,5
225
229
232
229
223
229
230,7
237
230
238
230
224
230
227
230,5
236
231,2
232,10
226
247
232,2
233,5
234
235,6
229
235,6
229
236,2
230
236
230
236
232
236,8
248
236,2
235
236
232
236
237,5
238
249
225
238,2
241
239
240,6
241,4
244
241
250
242,4
233
242,7
243,2
236
243
242
240
249
243
253
244,2
245,5
246
242
246
247,2
253
247,5
250
248,2
237
248,3
249,3
253
249,2
250,3
242
251,6
253
251
252
242
252
254
252,8
258
252
254
253,11
257
253,5
250
253
254
253
251
254,4
247
254
249
257
254,5
255,8
257
255,4
256,5
257
256,3
267
256,3
257,2
260
257
253,2
258
257,2
253
258,3
259,3
263
259,2
266
260,7
253
261,2
269
261,2
262,2
263
269
262
266
263
270
255
263,4
264,3
265
271
265,4
271
266,5
260
266,8
273
267,6
260
267
265
259
267,4
268,6
269
266
268,5
269,3
276
269,3
270,3
271
270,3
271,5
266
271,9
268
271,3
278
271,8
275
271
283
271
272
273,2
269
273,5
274
275,4
271
275,8
277
275,2
276,2
275
276
277,3
271
277
278,3
280
271
280
278,8
280
279,2
285
277
279
275
279,3
288
279,2
280
279
280,8
284
277
280,22
279
280,7
281,4
280
281,3
283
281,5
282,3
280
282
283,11
284
279
284,2
285
280,4
285,3
284
286
280
286,3
291
286
287
286,3
287,6
291
287
281
285
281
287,5
288
287
290
288,12
293
288,2
291
288,2
291
288
292
288,3
290
288,3
289,3
290,9
288
290
288
290,2
291
288
290,5
285
290
294
291
288
291,2
301
290
291,4
297
294
292,2
300
292,2
293,2
287
293,2
294,5
290
294,3
303
294,7
288
294,2
295
296,3
294
303
291
296,8
297,3
298
299
300,3
301
300,2
301
300,3
304
297
300
296
301
306,2
301,10
302,4
306
302,2
303,3
291
303
300
306
303,4
294
303,4
304,2
297
304,10
305,3
303
305,3
306
305,3
306,2
302
305
306,11
312
306,5
314
306
307,10
313
307
306
307
308
309,3
314
309,4
306
309
310,2
311
314
312,2
306
312,9
304
306
312,3
317
312
306
312,4
317
312,2
313,7
312
316
313
314,3
312
314
310
314,6
315
314,5
315,3
312
315,5
309
316,2
312
316,2
317,16
319
317,2
321
317,2
321
316
317,3
318
317,3
318
317,2
321
317
320
318,4
322
318,2
317
318
316
318,5
321
318,3
319,2
325
319,6
321
319,7
320,3
325
327
317,2
321
320
326
320,3
321,6
327
321,2
317,2
321,4
325
321
322,4
321
326
322,3
321
322,2
319
322,2
323
324
325,10
322
330
325,3
326,3
324
328
326,3
322
326
325
326,5
327,3
330
331
327,12
328,5
325
328,9
326
328,9
329,6
337
330,16
327
330,2
342
330,2
332,5
339
332,3
340
332
333,3
334,2
343
334,4
335,5
336,10
337,7
338
339,2
342
339,8
337
339,2
334
339,6
340
336
340,3
336
340
345
332
341
338
341,2
342,6
332
342,2
347
342,2
346
338
340
342,3
343
335
343,4
344,3
339
344,2
346
347
344,7
348
344,2
348
345,3
347
346
332
345,2
347
345
346
340
346,3
349
346,2
347
346
340
346,12
351
346
349
346
344
346,4
347,7
342
347,2
348,3
351
349,2
352
346
343
349,9
353
349,4
346
349
351
349,3
350,7
346
350,4
351,11
355
349
351,9
352
351,3
355
351,5
350
352,4
349
356
352,11
353,4
351
353,3
351
353,3
351
353
354,2
355,3
360
355
353
355
353
355
359
355
351
355,4
356,6
357
360
357,4
362
357,10
363
357,2
362
357
358,6
359
358,2
359,6
353
363
359,19
360,3
357
366
360,6
365
360
359
360,4
361,2
366
362,2
363,2
364
363,8
359
363,15
365
363,4
368
364,2
369
365,4
359
365
379
365,2
369
365
370
365,2
366
369
366,3
369
368
366
371
372
363
369
366,2
367,3
371
369,2
367,4
368
364
368
369
359
369
368
369
368,4
364
369,4
370
369,7
366
369,7
370
372
370,3
376
370,6
371,2
367
379
371
369
368
371,2
370
371
374
371,2
372
371,3
372,2
368
372,3
374
372,10
379
372
373,7
369
373,2
374
375
374,2
375
382
375,5
380
375,2
376,4
377,2
376
377
378
379,3
372
379,12
375
374
379,2
380,2
379
380
375
385
381
380
379
380,3
375
372
380,6
384
380,3
383
385
382,3
380
382
380
382,5
387
382,6
376
382
383,2
375
383
388
383,3
391
383
391
392,2
383
384,5
380
384
390
384,4
385
384
385,4
386
387,3
391
382
388,4
394
388
389
385
389,2
395
389,2
390,8
394
391,4
393
383
391,5
392,2
397
385
392,3
393
392,10
391
392
393
392
393
387
393,8
392
393,6
394,2
390
394
398
394,5
395,2
397
395
398
395,4
387
395
396,2
394
396,4
397,2
400
397,11
392
397,3
400
398
400
398,2
406
398,5
406
400
398
399,18
400,2
399,3
395
400
404
400,5
399
400
399
400,3
396
400,5
401
402,7
399
402,3
404
402
403,3
400
403
404
402
404
400
404
405
400
405,2
406,4
402
406
403
406,7
407
409
406,3
404
406
407
410
407,3
399
407
403
407,5
408
404
407,5
406
407,3
408,7
405
408,5
404
408,4
404
408,3
407
408,2
409
408,3
409,3
407
409,4
410
408
410,2
408
410,3
413
408
410,4
414
410,4
408
410,3
411
417
412,11
413,5
414,2
421
414,3
424
414,4
408
414,6
415
414
415,4
416
421
417
414
417,2
418,2
410
419,5
425
419
420,3
427
420,2
428
420
421
419
421
427
421,10
422
427
422,3
423
424
408
424,5
426
412
424,2
427
431
424,4
425,6
421
425
426,4
424
426,6
433
426,2
425
426
427
432
427
413
427
428,2
431
428
424
428
429,5
430,8
432,2
430,3
431,11
435
431,2
432,4
425
432,2
431
432,2
431
433,5
441
433,3
434,3
426
434,7
429
434
435
427
435
433
435
432
435,2
436,5
428
436,5
441
436
431
436,3
431,2
436
437
436,3
431
437,4
431
437,5
443
437,2
438,3
439,2
441
439,7
443
439,3
440,2
441
440
444
440,2
441,2
443
441,5
443
441
442,4
440
442,3
443,9
440
443
441
443,4
448
443,8
444,7
450
444,3
447
445,7
452
445,3
446,2
444
446,5
447,2
462
444
447,3
453
448,5
447
448,4
449
450
443
450,2
451,3
450
452,6
453
462
453,3
470
453,3
454,3
455
456,2
452
456
453
456,3
457,6
445
457
458,3
459,3
467
459
460
461
448
462,5
469
462,3
463
462,3
463,3
468
450
464,3
465
466
467,2
468,5
452
468,12
469,7
475
459
469
441
469,2
473
469,4
470
458
459,2
470,2
473
470,3
457
470,2
463
475
470,2
471,4
473
472,18
473,5
482
473,6
474
468
474,2
473
477
474,6
475
476,5
482
476
470
469
476,3
473
477,3
478,6
482
480
485
472
480,4
474
480,5
481
479
481,4
482,2
474
482,11
473
481
482,5
480
482,2
480
482
476
482
484
487
482,2
483,5
484,11
485
487
477
485,4
478
485,10
486,3
488
486,6
483
486,4
485
486,2
487,4
494
484
487,3
490
487,4
485
487
483
487,6
488,6
486
491
494
488,3
489
488
489,7
496
489,2
494
490,8
488
490
496
491
499
490
488
490,3
491,3
487
491,2
488
491
500
494
491,3
492
493
494,3
491
494,3
501
494,3
495
496,6
499
496,4
491
497,3
498,2
493
496
498,4
494
498,8
499,6
490
499
500
494
499,5
500
496
500,9
494
500,4
505
500
506
501,2
505
501,3
505
501
502,7
503
497
503,3
506
503,2
500
503
510
503
504,7
501
504
500
505,6
514
505,12
501
505,3
506,7
507,3
500
508,3
509
508,2
509
513
505
509,3
510,4
512
510
511
517
511,3
517
511,3
509
511,2
514
512,3
508
504
513,2
508
522
506
513,2
504
513
523
505
513,2
514
513,2
514,14
520
514,4
515,4
516
517,2
503
517,3
514
517,3
524
517,6
525
517
520,2
521,9
522
528
522
531
522,3
523,6
531
523,3
515
514
523
524,10
532
524
525
524
525,5
532
525,8
526
527
528,2
519
528
521
528,10
529
518
529,6
530,7
533
532
530
531
538
531,6
530
531,6
528
531,2
528
531,2
532,2
539
532,4
531
532,2
533,3
538
533,5
534,9
535,2
538
535,3
536,7
537,3
544
537,3
539
537
538
530
539
538,4
532
538,2
539
538
541
538,3
541
542
538,5
537
538,9
539,8
529
539
546
540,2
546
540,5
541
544
541
538,2
541,4
538
541
537
542,3
544
543
544
539
544,2
540
544,3
551
544,9
545
546
548
546
544
546,5
544
546,2
547,4
548,3
539
548,4
539
548,3
541
548,3
549,9
555
553
549
548
549,3
550,3
554
550,2
551,3
548
551,2
552,2
554
552,5
549
552,2
548
553
552
553,2
550
553,3
552
553
554,9
557
554,5
555,3
559
555
560
555,5
563
555,2
556
557
554
557,8
558,2
552
558
551
558
564
558,3
564
554
558,9
559,5
563
559,3
562
559
555
559
571
563
559,2
567
560
564
560,4
562
560
562
555
562,3
563
572
563,3
559
569
555
563,10
573
558
572
564,8
565
573
562
566
575
567
566,2
567
560
575
573
567,5
568
569,5
567
560
569
570
560
570,3
571,2
559
571,6
572,2
562
561
572,4
566
573,5
584
573
572
573,5
574,2
573
574,2
575
573
575
571
575
567
575
585
575,2
582
571
576
584
576,2
585
576
575
577,5
578
571
578,4
584
578,2
579
580,2
581
582
566
582,7
583
575
583,3
584,6
573
584,3
576
562
578
584,3
583
584
585
575
585
586
585
586,3
578
586,3
587
590
587,2
588
587
590
587,2
582
584
587
576
587,4
580
585
587,2
590
587,2
582
587,3
590
587,2
583
587,2
582
587
589,4
590,10
595
584
590,6
593
590,4
591,4
588
591,7
587
591
593
591,5
597
591,3
593
591
592,2
597
592,2
593
592
593
597
587
592,3
591
593,6
591
590
593,4
594
595
594,4
599
594,2
595,7
594
601
591
595
591
595,4
592
595,2
598
595,2
599
595
601
595,7
596
597,13
598,3
595
598
599,7
604
599
594
599,3
600,2
599
600,7
598
600
606
613
600
601,3
600
591
601,5
599
601
595
601,3
595
601,5
606,2
601,5
602,4
605
602,4
606
595
602
603,12
612
603
606
604,2
601
605,2
606,6
603
606,5
610
606
612
606,5
603
606,8
607
608,3
605
608,2
606
608
603
608
604
609
610,9
611,4
602
611,6
612,18
604
612,4
613
612,3
616
613,3
606
613,5
612
613,2
614,10
613
614
608
614
615
617
615,16
613
614
615,2
622
615,3
620
615,4
616,7
612
616,13
622
617,3
616
617
624
617
615
617,3
615
617,3
616
617,3
615
617
615
617,5
618
619
620,2
617
620,2
621,2
622,2
626
622,10
631
622,2
616
622
623
622,6
625
617
622
623
624
623
624
623,2
622
623,2
624
617
624,4
623
624,2
630
627
630
624,3
625
622
625
626
625,4
626
625,2
628
626
625
627
625
626,4
627,4
631
627,5
634
628,7
629
624
629,4
630,3
631
630
631,4
628
631,4
627
631,4
634
631,3
632,8
633,2
636
633
631
633
630
633
631
633,2
634
626
634
631
634,2
638
634,3
629
631
634,2
631
634
635
636,2
634
636,3
638
636,4
639
636,3
641
636
641
634
636,3
637,3
644
637
643
637,3
632
631
637,3
632
633
638
646
638,2
636
632
641
643
638,7
631
638,2
637
638
639
636
639,2
646
639,2
633
639,3
652
639,3
640,4
631
640
641
640,4
641,12
642
650
641
643,9
649
643,2
644,2
645
644,3
652
644,2
645
649
645,6
644
645
641
645,4
646,3
647
646,2
645
646
643
646
647,9
655
647,3
643
657
648
649,2
647
649,5
645
649
650,6
651,2
645
671
651,8
652,4
647
652,2
645
653
654
647
659
654,6
671
656
657,6
651
658,8
659
657
659
652
663
659
651
659,4
661
659,2
660,5
661,7
652
661
659
660
654
662
661
662,2
677
662,4
649
662,2
663,3
668
664,2
654
664
665,2
666,9
667,4
668
666
661
668
661
668,3
666
668,10
669
670,9
667
671,3
673
671,3
680
671
670
671
672,6
668
672,2
662
680
672,3
679
672,2
673
672
673,6
674,3
675,3
676,2
680
670
676,8
678,2
684
680
687
678
683
678
686
678
672
678,2
683
678,3
680,5
691
680,5
683
681
691
681
680
681
682
685
683,5
674
683,2
684,8
667
684
685,6
681
673
686
683
686,3
692
686,6
687
688,3
683
688,5
683
688,2
698
683,2
688
689
690,5
691
697
691,2
695
691
686
691,2
695
692,2
688
692
694
699
693
699
693,11
698
693,3
694,7
695,6
697
688
695
696
697,7
704
697
693
700
697,4
703
697
698
697
703
698,2
699
691
704
690
699
694
699,3
705
699,3
695
699,4
701
699
700,6
694
699
700,4
694
700,4
701,5
697
701,2
702,4
703,2
700
703,3
704
703,9
704,4
717
704,6
698
704,2
703
705,3
706
707,2
703
707,2
708,2
715
708,2
703
709
710
711,2
703
711
699
712,11
713
715
713,5
719
713,4
714
715,4
722
719
715,7
726
715,5
716
715
716,2
724
718
712
704
724
718,3
719,3
728
719,2
697
719
727
719
723
719,2
720
721,4
732
721,3
722,10
723,5
724,4
725
724
723
732
724,10
725,4
716
729
731
725,2
726
724
728
726,3
729,2
726,3
725
728
723
728,5
731
728,5
729
734
729,4
735
721
730
734
725
731,6
734
724
731
724
731
732,4
736,2
734
732
734
732
733
734
738
734,4
725
734,6
739
732
734
737
725
734,2
735
726
735
734
735,6
737
731
735,5
736,5
737
736,6
743
736,5
737,5
738,12
737
738,4
739,6
735
739,5
746
739,4
742
739,2
740,5
741
742
744,3
745
744
745,4
739
736
746
745,9
746
745,2
747
745,5
738
749
746,4
745
746,4
739
746,4
747,3
748
747,3
755
747,2
748
753
747,3
740
747,8
762
747,3
748
747,3
748
757
748,7
747
748,9
749,3
748
750
751,5
758
751,2
752,2
746
752,3
763
752,2
748
753,3
754
757
754,3
755,6
756
757,5
758
763
754
758,9
759
764
754
759,3
763
759
760
764
751
760,3
763
761,2
762,4
763
762,2
752
762
764
759
762,6
763,5
761
763,6
769
763,2
764
769
764,4
762
764,8
763
764
765,8
766
770
766,2
758
766
763
767,3
771
767,6
768,2
776
768,3
769,3
764
770
769
770
769
770,2
765
770,8
771,2
764
771,3
776
771
765
771,8
772
779
772,2
777
772,2
773,4
781
773,3
774,4
775
776
770
769
776,4
770
776,10
783
776,3
777,8
781
777,6
788
777,2
778,2
782
778,3
779
774
784
779,6
781
776
781,4
785
772
776
784
781,2
788
781,2
782,8
788
782,3
784
782,5
779
782
783,10
791
777
783,2
784,5
788
784
779
784,2
780
784,4
785,8
786
792
786
788
786,6
795
786,5
787
788,3
783
788,4
789
795
789
795
789
791
790
793
798
790
789,7
790
798
790
797
790,4
792
790
795
791,2
796
791,5
792,7
793
790
789
790
793,2
794,6
795,5
798
791
795,8
796,8
795
796,3
792
796,2
798,2
796
798
790
798,6
804
798
803
798,2
803
796
798,5
793
799
798
799
796
799,4
801
799
796
799
800,2
795
800,4
794
800,2
801,11
802,2
803,3
799
803,7
813
804,5
811
804,4
805
801
806,2
813
799
798
806
809
813
807,5
808
798
815
811
808,8
809,5
814
809,10
810,5
811,3
808
812,6
813,7
815
813,3
815
813
804
807
813,2
814,4
807
809
814,2
815,2
816
815,9
816
814
816,3
812
816,2
817,6
818,6
816
818,8
815
818
811
818
815
818
813
814
818
