25
106
29
7
33
46
6
54
122
25
40
56
89
6
31
132
140
82
74
65
0
29
71
83
92
116
135
25
110
196
53
75
59
0
169
104
140
170
67
19
62
105
45
144
150
29
10,2
6
3
114
34
23
25
64
42
213
30
20,2
66
29
118
10
36
126
30
185
144
109
88
34
145
36
134
45
55
49
73
45
180
51
186
2
28
118
79
23
122
129
10
99
42
205
17
68
82
159
97
16
21
53
152
190
103
28
25
155
214
87
98
36
14
3
144
42
125
22
0,9
1,4
2,10
10
2,2
3,5
73
3
12
4,5
5
6,4
180
6,7
53
210
6
7,5
206
7,2
8,4
9,2
34
40
9
10,22
11,5
23
11
76
11,4
55
104
11,4
63
11
12
32
12,14
14
98
14,2
24
14
12
14,3
15,12
180
16,4
241
16,5
231
16,4
17,2
45
230
17,4
18,2
20,2
71
20,3
118
20
176
20,3
163
20,2
21,4
106
22,3
63
22,7
23,15
208
241
23,2
24,4
242
24
25,3
87
25,8
81
25,4
198
152
25
26,2
27
239
28,4
29,9
127
111
29,2
30,4
31,3
21
32,4
33,2
186
150
33
155
165
33
34,3
35,3
36,3
168
36,9
37,4
100
38,7
146
43
38,2
39,2
40,5
222
412
40,13
41
42
66
42,9
43
103
42,5
190
42
43,5
67
43,2
37
44
131
45,8
47
48,4
21
48,4
49,10
235
49
154
49
50
28
50,2
12
50
51,3
69
51,3
52,4
53,7
54,2
55
28
55,8
207
55,6
173
55
65
55
56,5
57,8
128
57,9
124
57
116
57
38
58,4
382
213
59,5
60
116
61
68
61,3
226
61,2
62
181
62,6
163
62
63,6
82
63,6
64,3
227
3
82
64,2
7
64,4
51
87
65,10
142
65,3
66,21
67,4
245
255
67,5
68,3
37
68,9
69,5
10
69
70,5
71,3
266
71,3
218
64
71,7
206
190
71,2
72,7
227
72,5
73,4
431
73,3
74,7
75,6
77
78
79,4
193
79,4
88
15
79,3
196
79,2
80,10
190
80,2
81,2
193
81
82,3
200
82
246
83
84
85,7
86,4
87,3
156
260
87,4
281
87,11
12
87,7
88,5
135
87
88,2
156
148
88,2
89,3
90
91,9
92,4
193
92,5
93,5
54
270
172
93
96
93
106
174
93,5
246
94
287
94,2
95
96,2
125
103
36
96
276
284
96,4
159
96
57
96,3
97,6
98,10
281
287
186
98
289
98
10
98,2
54
98,5
229
98,5
300
98,2
118
215
99
16
99
100,7
255
100,4
101,2
164
101,4
254
101,4
107
102,4
164
295
103,6
106
15
202
103,3
182
293
103,6
311
103
104,11
59
105,4
106,8
61
106,2
49
116
106
107,3
109,9
110,5
111,6
112,4
55
112,2
42
112
113,9
114
11
114,4
144
114,6
93
114
115,2
157
116,7
118
187
116,2
169
116,9
117,4
118
174
307
118,2
140
118,8
119
120,2
121,4
297
122,8
123,21
262
124,7
49
124
172
124
125
159
125
318
125,3
126
127,4
313
127,3
128,5
300
128
23
57
128,2
129,8
130,3
144
130
96
130
131,8
132,2
241
132
133,9
449
133,2
185
29
133
134,2
13
134,11
152
134,3
78
134,4
28
249
134
135,2
57
135
98
135,2
136,2
137
131
137,2
183
137
193
137
198
137,2
138
90
138
299
138,5
169
246
34
138
334
252
139,3
140,8
237
140,3
286
140,3
262
140,2
149
140,3
299
140,5
311
140,3
316
63
140
338
257
246
140,4
289
141
142,2
45
142
344
136
142,5
143
292
144,7
182
144
270
144
237
144,5
145,2
324
146,2
262
146,2
67
146,2
326
235
98
146
147
280
148
302
300
148
23
148,2
149
11
149,6
56
149,2
150,7
151
152,9
357
152,3
229
152,6
179
152,3
153,3
82
153,3
154,2
287
154,6
155,4
156
158
159,4
349
159,7
57
160,3
161
162,9
163
116
163,9
328
163
214
163
210
163
164,7
188
164,3
316
164,2
165,4
358
165,2
53
166,4
167
20
167,4
140
261
304
167,4
333
167,2
168
1
168,5
237
168,2
268
169,5
252
169,2
297
169,2
336
169,3
170,4
210
252
170
32
170
171
172,2
180
172,8
163
172
173
116
173
134
173,3
96
173,4
261
174,11
175,3
52
175,3
342
176,4
177,3
100
177,4
7
177,5
178
124
178
102
178,3
179,3
61
179,3
6
180,4
149
180,3
335
186
180
181,2
167
210
181
219
376
61
181,4
346
181,2
144
182
101
120
182,4
334
182,2
183
357
183
92
183,10
21
183
118
183,10
175
184,3
6
184,4
186,2
365
186,3
326
186,2
20
186,6
188,8
318
190
221
190,3
86
190
192
190,7
181
190,2
150
190
280
190
377
219
190,6
192,11
324
192,3
193,2
124
193,3
358
193
292
224
193,12
116
135
193,2
194,6
148
292
194
195,2
122
195,2
387
195,3
400
195,5
222
195,3
196,2
22
196,9
295
196,8
127
23
196
197,3
198,7
345
198,5
169
198
6
198,4
377
198
199
200,4
384
200,2
144
54
200
326
201
203,2
204
205
299
205,2
108
205
488
205
206,6
153
206,3
207
129
207,13
208
382
208,8
209
210,4
214
210,7
211
212
213,7
214,7
56
214,2
359
169
215,5
276
332
215,3
321
66
215,4
87
12
215,5
281
216
36
217,3
152
413
217,4
281
218
248
48
218,6
198
66
218,5
219,2
183
219,11
254
219,5
162
137
219,3
226
219,3
220
221,3
401
221
291
222,3
309
222,6
213
222,4
223,10
224,4
225,3
215
225,3
226,3
346
226,2
346
140
226
227,3
392
227,3
229,3
353
229,2
231,3
176
289
231,2
82
37
231,4
284
231,10
52
231,2
284
231,5
232
129
233
410
233,4
184
234
214
234
169
234,2
36
177
234
262
419
235
229
300
291
235,4
186
235,3
244
235,2
25
235,3
352
236
240
236,7
237,3
191
229
237,2
87
219
237
428
177
42
238,3
240,2
283
154
61
240
241,9
330
241,12
242
99
242,2
270
243
406
244,9
257
244,3
395
245,10
242
245,9
246
196
246,4
247,2
177
247,4
98
344
59
247,2
291
247
329
247,4
223
247
248,6
193
248,4
249,3
166
249,4
303
189
249,4
344
249
250,3
382
250
196
334
251,4
368
251,4
457
251,3
190
252,4
276
252
215
154
252,3
253
397
254,3
51
254
167
254
248
255,7
256,6
257,5
138
444
257,2
328
257,5
379
257,4
358
257,3
194
258,5
259,10
441
259
421
260,2
388
260
261,3
364
261,4
123
63
261,2
81
261
262,3
457
262
17
262
181
262,4
353
262
321
379
262,8
114
262
259
263
396
263
434
263,4
264,2
333
307
245
521
264,7
156
265,5
379
265,2
334
381
422
292
265
266,4
363
266,5
273
266
139
266
446
266
267,3
268,2
314
268,3
406
268,3
269
462
270,5
231
270,4
271,7
133
271
272,4
323
272
466
255
272
65
272
130
272
369
323
273,5
473
274,4
432
274,5
123
458
274,2
326
274,7
281
276,11
277,2
304
277,4
329
277,2
219
278
295
278,4
183
469
279
470
467
279
280,6
268
281,2
129
281,2
476
326
169
281,3
213
281,3
133
281
481
281,2
367
281
69
281
188
281,3
262
281
291
194
281,2
282,5
364
282
16
429
282
342
222
282,3
283,2
379
283,3
381
283,3
349
283,2
379
283,2
474
283
281
283
284,2
428
259
284,4
286,5
324
286
248
286
287,5
104
287,5
335
287
89
287
205
288,2
289,4
456
289,2
249
289,6
369
289,3
290
291,11
292
300
292,4
228
339
292
140
292,2
393
292,2
218
292,14
471
292,2
215
293,2
418
293,2
294,4
295,2
204
346
272
295
272
295,2
593
480
295
296
336
296,5
418
296
297
420
297,14
423
297
298,6
299,9
222
299,2
259
299,3
300,2
169
100
300,11
301,6
302,11
331
302
303,2
304,4
345
304
162
304,4
306,5
376
307,3
376
307,2
308
130
308
257
308,6
309
303
309,3
231
188
309
310
311,5
312
313,5
519
313,2
314,4
274
315
316,3
488
316,2
106
154
316,2
307
316,5
317,6
376
317
426
317
318,2
283
318
319,2
363
319
183
320
321
322,2
153
322,3
483
416
657
322,3
323,13
324,2
162
324,6
193
324
369
439
324
627
324
340
414
324,2
325
281
416
325,2
326
329
368
326
379
326
184
326,5
343
326
405
326
410
326,5
525
292
326
474
326,7
327,2
328,5
279
328,5
530
328,11
245
328
329,4
330
367
330
207
330,5
242
330
331,2
534
331,3
468
331,6
368
331,2
287
332
333,5
456
333,5
451
334,15
313
420
334
259
184
334
344
334,5
262
334,3
335,6
348
335,4
223
208
335,2
179
340
336,3
480
336,4
337
338,2
65
338,3
434
338,6
229
339,6
460
339,3
521
339,3
198
340,3
223
340,2
242
340,7
341,2
252
78
549
341,3
457
551
341
342,2
498
342,2
159
342,2
343
537
343,6
458
343
344,2
150
344
268
344,5
482
451
344,2
533
344,3
345,4
346,10
281
347
348,5
349,3
98
350,7
351,2
352,5
403
352,5
353,2
356
162
444
353,4
354
355
356,2
357
356
408
357,2
192
357,3
319
358,2
323
518
549
358,6
451
262
491
358,2
520
358,3
190
223
358,3
536
358,3
536
358,3
208
358
447
358,2
359,3
219
359
360,4
480
360,5
361,8
362,2
451
362,4
457
362
440
362,2
555
362
363
245
363,8
364,6
473
457
564
364,2
172
525
364,4
495
364
262
364,2
365
366
367,7
368,3
399
182
547
368,11
195
369,2
498
369,4
304
246
369
242
414
562
369,6
370,6
371,2
536
371,5
300
371,4
235
371,3
333
371,2
379
467
540
371,3
372,3
498
372,3
373
375,6
268
375,4
376,4
249
429
376,3
455
256
376
261
580
377
248
377,8
470
377
422
249
377
407
377
248
377,2
378,2
272
379,3
572
489
379
291
379,2
554
379,5
376
379,2
380
379,2
470
255
458
379
380,6
369
381,2
434
381
270
382,8
440
382,3
383
410
384,9
584
384,2
268
297
384,3
490
384
281
385
386,2
328
386,5
388,4
225
475
389,4
390,2
272
390,3
391,2
449
391
226
391
498
392
457
392,3
583
392
393
428
393,3
363
375
274
394,5
581
394,8
395,4
519
395,2
275
395,2
396,10
397,2
567
397
203
397,5
523
398
399
432
399
410
399,9
205
600
399,2
503
399
262
399
400
527
400,3
522
446
562
400
249
400,2
224
400,4
266
400
401,5
410
401
258
401,2
257
401,2
259
401,3
402,2
365
402,3
403
344
403,3
377
403,4
404
405,2
491
405,2
434
687
405,5
198
437
438
405,7
513
406,5
613
523
406,3
219
406,5
611
406
407,5
233
407
408,3
586
408
661
408,2
379
408,2
409,2
420
410,7
279
410
322
411
412,5
413
533
410
413,6
231
307
414,3
307
414,2
415
537
415,2
426
415,2
542
415,2
340
416
519
416,4
446
416,2
508
451
416,3
417
307
418,4
379
418,3
343
418,3
419,4
468
478
419,6
420,2
362
420
575
422
420,3
533
420,4
545
420
472
420,2
421,5
449
338
421
422,4
423
514
423
399
264
423
286
423,9
604
423
480
423,2
425,4
511
425,6
426,2
125
426
306
426,2
255
426,7
559
427
257
427
428,6
429
563
630
429,9
430,5
431
324
431
468
586
285
431,12
432,2
433
481
352
433
586
433
434
231
434,2
630
434
435,7
638
343
435,2
436
549
437,3
533
437
471
437,3
438,2
416
438,2
439,3
334
439,5
440
623
440,3
340
440,2
441,4
560
441
442
277
442
495
443,2
591
443
326
443,2
444,6
358
444
333
444,3
345
444
445
446
573
446,2
532
446
251
446,8
447,2
448,3
393
296
356
449
655
633
323
449,10
281
449,7
450,5
451,3
382
403
622
451,8
452
453,7
454,4
521
454,2
455,4
280
631
455,5
454
455
536
455
456,16
519
602
456,2
399
578
456
457,7
659
457
589
406
457,5
497
457,2
268
457,2
256
457
558
333
457,2
458,13
608
458
676
458,4
384
458,4
498
458
363
458,4
496
458
496
459
555
666
459
446
459,2
655
460
606
460,2
328
496
460,8
461,2
489
461,3
462
513
462
649
462,5
666
515
462,8
389
462
463
511
463,2
379
463,2
464,4
465,2
498
465,4
399
465,2
279
465,2
328
465
466
669
466,2
399
467
443
467,8
589
467
468
421
468,2
331
468
658
468,8
588
496
675
469,7
435
469,4
184
469
629
469,2
639
469
615
469,10
470,4
643
470,8
471,12
289
471,4
491
471,3
472,2
377
472,2
425
472,4
670
521
473,2
341
473,7
474,9
400
474,3
395
475,3
665
475,3
476
459
477,3
661
477,7
478
623
478,4
593
478,4
435
300
456
478,3
479
667
479,2
446
479,2
480
358
511
480,2
150
653
658
480,2
481,7
482
618
482,4
526
482,5
626
482
331
482,3
483
333
483,4
324
483
444
483,2
472
483
465
483,3
484,3
485,6
364
657
486,5
487,3
548
487,6
330
487
586
488,10
489,2
592
489,8
634
616
376
489,2
490,2
643
490,2
491
440
491,6
492
493,4
457
493,2
494
346
657
494,13
695
375
494
380
685
494
420
494,2
311
341
494,2
458
494,6
495,7
496
468
474
496,8
489
515
690
496
413
496,2
311
496
497
615
602
497,4
498,2
631
498,5
376
498
499,2
322
499,5
307
500,13
501
502,5
620
502,4
503,5
410
503,3
368
503
559
504,2
615
504
505,3
455
305
667
506
307
506
537
507
508
671
508,2
394
508
593
684
638
510
511
455
511,3
702
511,2
446
513
473
513,4
805
392
514
471
592
514,6
515,5
659
515,4
459
515,2
661
515
516
517
519,4
246
520,7
700
521,3
678
701
521,2
384
521,11
522,7
410
534
522,4
523,4
669
523
526
523,3
193
523,4
524
525
595
525,7
324
526,2
658
526,10
448
402
526
527
500
426
527
665
527,4
528
735
709
528
529,5
360
529,4
530,5
503
530
333
530,2
531,4
386
531
454
531
487
531,6
532,5
533,7
679
533,5
720
533,2
362
533
362
496
595
693
533
534
523
534,5
449
535
536,5
704
536
450
536,4
537
356
537
419
537,3
684
537,4
469
537,5
538,2
539
685
540
721
540,2
663
540,4
403
540,2
578
464
540,2
405
720
540,4
532
540,5
541,4
542
695
549
542,3
615
466
542,3
638
543,4
203
543,2
544,2
388
544
545,3
677
545,3
428
545,4
546,3
705
546
461
685
547,3
346
547,4
633
547
548
640
548
346
548,3
549,5
423
549
339
549,6
645
549,3
650
549
604
549,6
593
549,2
471
549
498
550,3
473
550,2
551
575
700
551,4
615
712
551,2
472
629
551,2
672
553,2
461
701
553,4
469
553,3
352
553,4
681
645
503
553
749
554
361
554,6
424
554,2
555
669
555,5
757
555
564
555
556
706
556,7
522
564
558,2
693
684
669
558,2
620
558,2
478
558,3
616
615
558,3
559
522
559,3
434
720
559
708
551
559,5
642
559
629
559,3
560,4
659
560,6
437
560
646
560,3
561,5
376
562,7
551
562,4
480
563,3
730
563
648
563
629
557
563
358
563
566
563
762
563,5
428
564,5
565,5
566,2
503
674
566,3
513
566,2
720
566,2
567,6
408
567,3
568
569
570
571,11
522
571
399
571,4
512
571
572,4
573,2
602
573
377
482
573,2
344
573,2
574,6
575
459
575,12
495
440
439
575
766
575,4
727
575
576,4
443
576,3
577
646
578,3
755
578,3
638
579,6
580,11
374
580
760
580,2
581,6
407
581,2
582
583,6
584,4
473
584,5
585,2
580
585,7
399
585
586,5
660
586,2
396
586
758
451
586
587,3
588,2
576
588,2
240
588,2
446
655
588
684
588,2
575
588,2
589,9
660
589,5
474
589
590,5
591
685
591,2
787
591,5
543
572
591,6
592,5
708
592
648
592,3
708
592
643
592
430
498
592,2
600
592,3
700
592,4
593,6
698
593,4
749
593
594,2
425
595
357
595
469
595,2
597,3
460
597,3
598,2
444
598,3
695
598
599,3
577
599,3
487
599
481
429
599,2
600,3
698
746
600,2
487
600
601
602,7
719
696
602
603,7
604,4
605,2
499
605,2
606
598
606,2
455
629
606
720
453
606,5
800
606,2
787
606,3
607,6
608,2
515
608
547
608,3
496
455
608,3
469
608,3
609
610
536
610
774
610,5
537
610,7
438
610,6
611,2
791
611,2
682
612
451
612,4
580
685
613,3
614
740
615
591
615,4
629
615,2
684
814
549
615,2
687
615,3
616,9
725
616
773
616
617
618,7
619,12
542
620,3
602
775
620
659
620
678
684
665
621
419
666
728
622
623,4
496
623
810
623,2
455
566
623,5
462
624
687
353
624
446
815
624,3
625,2
419
625,4
509
625,2
626,3
637
626,5
627,3
803
627,3
767
627,5
628
629,3
664
629,4
693
629
630,2
631
739
631,7
583
508
631
758
631
701
631,5
632
633,5
430
633,5
597
633
584
633
551
549
633,6
796
633
479
633
708
579
635,4
613
635
636
637
684
637,2
626
637,8
638
671
638,2
448
638,8
639,4
640
514
640,11
641,2
642
475
699
642,6
643
787
586
643,2
712
515
643,3
808
643,5
644
645
519
645,2
766
645,5
672
646,7
549
532
646,2
647,2
648,2
466
753
648,4
649,3
575
650,4
513
650,3
736
651
652,3
653,2
717
653
785
653,10
708
653
483
792
653,6
654,2
655,3
656,5
657,2
745
657,4
494
657,2
658,2
450
659,3
458
659
515
659,4
687
684
659,5
455
659
660,5
661,8
673
661,3
468
661,8
701
595
661,5
788
661
552
661,2
662,5
460
662,2
663
687
663
697
663,4
486
663
672
663,2
664,4
703
664
760
664,4
474
664,3
749
664
665,4
533
629
665,2
779
665,3
503
666
779
666,2
505
666,4
698
666,4
763
667
648
667,8
668
669,2
554
669,2
549
669
661
669
597
669,3
670,2
720
671
771
671,5
527
631
671
571
671,3
672
748
672
643
672
745
672,7
483
737
672,11
673
718
673,4
703
673,3
765
673,6
674
468
674,6
695
674,5
720
674
675
700
675,16
707
675
676,4
818
676
677
800
677,5
678,6
771
639
678
679,3
588
679
680,10
490
683
506
683,6
785
683,2
742
683,4
684,4
735
684,2
604
684,5
604
653
684
669
339
685,6
808
685,4
686,5
687
796
687
642
687,2
672
687,2
532
687,2
741
688,3
689,4
690,7
551
690,2
474
690
691
692,2
558
693,7
752
693
769
693
694,3
815
694
695,3
782
695,6
663
695,2
696
695,2
663
695,4
606
696,6
620
696,2
741
696,3
486
696,8
697,2
765
697,4
794
697
698,3
767
698,2
505
698,6
550
699,8
540
699,2
708
700,9
527
700,4
602
771
700,2
701,3
695
711
701,6
702,11
545
702
735
702
793
702
703,7
669
610
703,8
770
703,2
704,2
763
704,6
705
643
705,4
536
706,2
694
706,2
667
707
708,3
683
708,7
693
708,2
696
708,3
709,12
710,2
640
710,4
711,5
625
711,15
773
711
712,7
794
712,5
713,13
540
703
713,3
605
714,8
715
716,4
683
716,2
540
716,2
717,3
665
717,5
544
718,3
708
718
719,5
720
808
720
693
699
720
771
720,2
526
720,6
721
791
721,7
722
723
724,4
675
724,4
725,2
595
708
725,3
540
726,4
727
593
727,7
606
727
663
708
727,2
799
727,2
728
653
728,4
729,5
730
666
730
700
730,5
731,3
732,2
733,2
580
660
773
733,2
665
734,5
596
734,4
735,6
785
735,2
586
735,3
736,7
645
736,13
592
736
725
736,4
669
736,2
737,7
738
740,2
548
740,5
678
740,3
741
779
741,8
743
741,2
742,3
491
785
742
743,6
744,4
818
736
796
744,3
745
590
745,6
724
745
767
745,6
680
745,3
746
792
602
746,7
576
735
746,3
747
751
661
747,2
748,5
749,10
616
580
749
659
749,4
606
640
749,8
750,4
661
750,4
772
750,2
816
750,7
751,17
631
751,2
752
397
650
752,2
728
550
752,4
753,4
789
753,4
699
753,3
754
755,5
696
755,9
603
755
756,9
757,4
653
560
757,2
496
758
603
758,10
653
758
759
760,6
697
761,3
762
627
762,4
778
808
762
678
762,3
795
763,5
764
638
615
764,2
626
764,2
728
764
459
616
764,7
765,11
766,7
666
684
766,2
701
767,5
574
767,8
768,4
769
578
769,2
592
700
769,4
770,4
707
599
771,13
814
771
772,9
787
701
615
772
764
772,3
773,3
604
773,3
593
773,7
774
633
774,6
775,2
776
777
810
778,6
606
778
789
778,3
711
778,2
779
734
779,8
684
779,12
533
779,7
780
781
782,3
801
782,5
783,12
784,10
693
784,3
787
785,12
786,3
787,3
788
600
788,7
662
788
702
788,3
789,8
613
789,2
790,3
751
790,9
755
790,4
661
790,5
806
790,5
791,13
627
791,3
643
791,2
641
791
792,13
698
792,5
767
792
793
653
793,4
794,10
426
795,6
796,17
797,5
667
797,2
704
789
672
790
798,4
799
710
799,9
800,6
815
808
800,9
801
724
801,6
802,5
803,9
804,4
805,7
806
804
806,5
657
806,10
807
808,5
743
758
808,4
809
779
809,5
810,9
690
810
811,2
812,4
625
813,6
814,8
703
814,2
775
616
814,3
662
814,3
815,17
816,9
800
816,2
679
671
816,3
817,4
818,4
693
818
669,2
793
809
755
714
709
765
706
751
663
661
800
695
748
779
809
786
787
788
818
816
713
693
791
708
816
766
786
704
800
783
787
808
711
764
746
799
810
789
721
736
690
806
773,2
818
693
779
783
751
699
653
725
720
791
800
703
710
708
751
758
779
763
713
805
772
744
790
771
687
684
753
808
703
670
695
744
743
778
699
818
729
695
735
767
697
689
778
756
816
752
813
755
790
571
586
767
778
672
818
