0,14
1,9
2,6
5
2,2
3,12
4,17
5,2
10
5,6
6,9
7,3
8
21
8,2
9,2
10,20
11,5
12,7
13,10
14,5
15,3
16,20
17,7
18
19,13
20,9
21,7
22,10
23,4
24,6
25,13
26,12
27,16
28,13
45
28,8
30
29,10
30,15
31,17
32,5
33,3
34,32
35,4
36,4
37
39
37,6
38,4
39,5
40,2
41
42,6
43,8
44,5
45,16
46
47
48,9
49,14
50,11
58
50,4
51
52,5
53,9
54,3
55,12
56,5
57,14
58,2
50
58,4
59,4
60,5
61,3
52
61,10
62,9
63,13
64,5
65,5
66,9
77
66
56
66,6
67
68,19
69,4
70,12
71
79
71,11
72,22
73,2
74,2
70
74,13
75
76,10
81
77,16
78,10
79,22
80,4
81,14
82,8
83
84
85,10
77
85,15
86,10
74
87,10
88,5
89,4
90
91,12
92
104
92,11
93,3
94,8
95,7
109
95,9
96,8
97,7
98,9
99,4
100,7
101,4
102,10
103,11
105
96
105,3
124
105,11
106,9
107,6
108,6
109,10
110
111,4
112,7
113,5
114,21
115,2
116,2
117,20
118,6
119,15
120,14
121,5
122,11
134
122
123,3
124
125,4
126,2
145
126,2
127,19
128,4
110
128,11
129,14
130
131,8
137
131
132
133,5
134,16
135,2
136,12
137,6
138,21
139
140,8
141,8
142
143,6
144
145,17
146,18
147,7
148,21
149,6
150
158
150,17
151,17
152,8
150
152,10
153,6
154,8
155,7
156,7
157,26
158,16
152
158,4
151
158,3
159,20
160,12
161,16
162,9
163,20
164
165,8
166,25
167,5
180
167,10
168,12
169,6
170,8
171,7
172,2
173,7
174,14
175,18
176,12
177,13
178,2
175
178,3
179,15
180,4
181,11
182,10
186
183
184,9
185,5
186,11
187,21
188,7
189,2
200
189,2
190,3
191
192
193,9
194,15
195,6
196,10
197,3
198
197,14
187
198,33
199,3
200,18
187
200,2
210
200,8
201,12
202,28
203,2
204,9
205,7
206,18
207,10
208,11
209,4
210,17
211,28
212,4
213,7
212
213,12
214,2
215
221
215,9
216
215
216,12
217,19
218,7
228
219,12
220,7
218
220,9
221,7
222,12
223,16
224,6
225,17
226,10
227
228,2
239
228,11
229
216
229,16
241
229,5
230,10
231,12
232
233,9
234
235,22
236
237,7
238,7
248
238
239,18
240
241,3
255
241,10
242
246
242,2
243
229
244,12
245,12
246,6
247,11
241
247
248,10
249,10
250,17
251,5
252
253,2
254,7
255,9
256,3
257,5
258,5
259,12
260,6
261,16
262
263,12
270
263,3
264,15
265,23
266,11
267,28
268,9
269,6
270,7
271,9
272,14
273,16
264
273,3
274,5
275,6
276,8
277,17
278,12
279,7
281,3
277
281,5
282,9
283
280
283,5
275
284,16
285,19
286,2
301
286,2
287,4
288,5
289,9
290
289,2
290,4
291,5
292,6
293,16
294,2
295
296,12
297
298,3
299,2
300,4
301,14
302,9
303
304,9
305
306
307
308,10
285
308,2
309,19
310
311
312
313,6
314,10
317
314,2
315,13
316,7
317,19
318,11
325
318,7
319,13
320,14
321
322,19
323,7
324,18
325,11
326,10
327,2
328,4
329
340
329,12
330,3
338
330,19
331,19
339
331,3
332,7
333,9
334,3
335,3
331
335,8
336
337
338,11
339,13
338
339,9
340,16
352
340,3
341,14
342
343,9
344,27
345,18
346,7
347,2
348,2
349,18
350,5
351
352,8
344
352,18
353
354,14
355,25
356,5
357
363
357,6
356
357,5
369
358,6
359,7
352
359,7
360,14
361
360
361,9
369
361,4
362,3
364
362,9
363,2
364,2
365,12
366,7
367,8
368,13
369,37
370
371,12
372,10
373,2
374
375,8
376
377,8
368
377
378,2
371
378,13
377
378,3
379,17
380,11
367
380,2
381,21
382,10
383
384,11
385,3
381
385,18
386,4
387,9
388
389,14
402
389,19
390,4
391,18
398
391,15
402
391,2
392,6
393,3
394
395,11
397
395,3
396,9
397,11
398,16
399,13
400,2
401,8
402,20
403,10
392
403
401
403,10
404
411
404,6
405
406,5
407,12
408,17
417
408,10
409
410
411,12
426
411,5
412
413
414,10
415,14
416,11
417,25
424
417,2
418
435
419,12
420,12
421,8
422,15
423,7
424,15
425
426,3
427,9
428,19
438
428,3
429,6
430,20
431,5
432,13
433,8
435,8
436,9
437,11
438,19
439
440,9
441
442,6
443
444,19
445,10
446
447,13
448
449,13
450,5
434
450,7
438
451,11
452,8
453,20
454,13
455,10
456,19
457,7
458,8
449
458,2
459,12
460,8
461,5
462,18
463,9
464,20
465,18
466
467,4
468
469,7
470,8
471,14
482
471,11
472,10
473,17
474,5
475,9
476
477
478,35
479,11
480,6
489
480,8
481,11
471
490
481,7
482,12
485
482,10
483,12
482
483,5
484,14
485,5
486,2
487,29
488,9
489,16
490,25
491,28
492,6
503
492,6
493,8
505
493,3
494,9
495,15
496,4
497
498,11
499
500,12
501,16
502,9
503,5
491
503,18
504
505,15
506,4
507
508
509,11
510
511
519
511,13
512,11
513,8
514,6
515,7
516,8
517,15
518
519,8
520,4
521,17
522,17
523,4
522
523,5
524,16
525,9
526
527,3
528,3
542
528,5
529,3
522
529,4
530,2
531,5
532,4
533,12
534,11
535,8
536,8
537
538,8
539,15
540
539
540,17
541,12
542,6
543
544,6
545,3
546,3
555
546,2
547,5
548,13
549,36
550,8
551,7
552,9
553,10
554,10
555,18
556,9
557
558,3
559,10
560,8
561,17
562,8
563,9
564
565,7
566,6
561
566,3
567,10
568,9
582
568,8
569,6
570,6
571,9
572,8
573,11
574,4
570
574
575,20
576,10
577,7
578,9
585
578,4
579,7
580,17
575
580,2
567
581,7
582,14
594
582,7
583,15
584,11
585,13
586,18
587,5
588,6
589,17
590,6
591,5
592,2
593
594,12
595,4
596,10
597,8
598,6
586
598,6
599,7
607
599
600,8
601,19
602,3
603,2
591
603,8
604,4
605
606,17
607,10
608
609
610,9
611,22
606
611,4
612,11
613,10
614,16
615,11
616,34
617,6
618,8
619,23
620
621,11
622,7
623,18
624,6
635
624,3
625,12
626,15
627,42
628,11
635
628,13
629,5
634
630,11
631,3
632,5
633,14
634,5
643
634,2
646
634,10
635,9
645
635,11
636,11
637,5
638,2
639,20
640,11
641,12
642,8
643,9
644,12
645,17
646,9
647
648,14
649,16
650,9
651,34
652,11
648
652,4
653,9
654,9
655,4
656,12
657,14
658,16
649
659
660,5
661,9
662,18
663
664
665,9
666
667,6
668,3
675
668,10
669,8
670,4
671,6
672
673,2
674,7
675,2
690
675,9
690
676
677,8
678,7
679
680,9
681,10
682,10
683,6
684,4
683
684,5
685,13
686,9
687,8
688,14
689,15
690,3
677
690,18
691,6
692,5
693,18
694
702
694,11
695,10
692
695,8
696,9
697,6
698
699,3
695
699,5
700,13
691
700
696
701
705
701,5
693
701,7
702,7
703,14
704,5
690
704
705,2
706
707
708,5
709,3
710,2
711
712,13
713,19
714,7
715,10
720
715,2
716,14
717
703
717,25
718,9
719
720,8
721
722,8
723,9
724,5
725,18
726
727,12
728,17
729,10
728
729
730,2
731,4
732,6
733,3
734,6
735
736,5
737,5
738,15
739
727
740,14
741,14
751
741,8
742
743
744
745,10
746
747,5
748,4
749,8
750,4
751,11
752
753,6
754,5
755,12
756,8
757
758,13
759,4
773
759,10
760,7
761,5
764
761
762,8
763
764,13
765,7
766,9
767,9
768,8
769,14
770,10
776
770,10
771
772,10
773,3
774,19
775,16
776,11
777,11
778,7
779,8
780,28
781
782
783,9
784,15
785,9
786,10
787
786
787,13
788,9
789
788,6
789,31
790,8
777
790,10
788
790,2
791,23
792,20
793,13
794,16
795,5
796
797,20
798
789
798,11
799,14
800,15
801
802,8
803
802,3
803,20
804,7
805,18
806,5
797
806,16
807,4
809
807,10
808,12
809,10
810,7
811,18
812,10
813,2
814,17
815,9
816,14
817,14
818,4
