6
4
0
5
11
5
4
6
3
6
0,12
4
0
2,6
3
18
0
3,2
8
9
3,3
4,6
2
0
4
6
4,3
5
9
3
4
7
6
4,3
5
2
5,2
12
5,5
3
4
6
5
10
5,2
6,2
12
13
6,2
7,2
9
7,2
15
8
4
13
15
1
15
9,4
4
6
9,11
10
7
10,2
11
9,2
11,3
12
13
7
12
13,3
12
13,2
14,2
5
15
14
6
14
17
9
18
12
14,2
18
20
24
14,4
15,3
21
15
11
12
11
6
15
24
15,3
7
15,3
16
25
16
21
24
17
25
17,9
25
9
17
25
17,2
21
18,6
11
10
18,4
19,2
27
23
19,2
21
24,2
21,2
23
21
24
25
21,2
10
21
25
21
26
25
21,2
24
21
23
28
23
27
25
17
23
25
23
24,3
17
24
21
27
24,4
21
24,3
25
28
25,3
26
25,2
26,3
29
19
26
25
27
31
25
26
27
26,2
27
26
29
18
26,2
25
27,2
21
28
27,4
25
27,2
34
29
27,2
29
27,3
29
27
28,4
22
28,2
34
28
35
25
26
28,2
37
24
27
33
29,5
44
28
29
35
29,2
45
42
30
43
30,2
40
30
31,4
32
34,2
29
35
28
35,3
43
40
35
27
35
45
30
36
37,4
50
45
31
37,2
41,2
37
38
39,3
35
39
29
39,3
40,3
41
40,9
48
35
41
45
41,3
43,3
34
44,4
47
44
35
44,2
45
30
39
48
44
35
40
44,2
46
44
47
45,5
52
45,9
46
49
37
46
45
43
46,2
45
47,2
59
47,6
46
47
46
41
51
47
56
48,4
44
48
47
48
50,3
57
58
51
59
45
52
53
55
48
52,3
44
52,2
55
52,2
45
52
58
52,2
53
47
53
55,2
56
54
47
55,2
48,2
61
55,2
45
55
59
51
56,3
55
62
56
48
62
59
61
44
56,6
63
56,2
51,2
56,2
58,3
51
58,3
64
51
64
58
61
58,2
59
61
59
67
59,2
67
59,2
64
59
61
59
61
53
59,2
60
56
61,2
58
61,5
68
61,6
55
61,3
59
61
56
62
69,2
62,3
61
63,3
69
62
63,2
56
68
63,3
58,2
68
63,2
59
63
64
69
64,3
69
64
65
70
66,5
59
62
69
67,3
61
69
71
59
69,2
67
68
67,2
68
66
68,3
69,2
63
70
69,2
68
69
62
67
69,10
72
62
69
74
68
74
69,3
73
69
72
69,2
72
69,3
70,3
72
70,3
69
83
78
71,2
70
69
71,9
68
69
71
72,2
68
72,3
74
72,2
78
74,2
75
72
70
73
76
73
79
73,3
69
73
69
73,4
69
74,5
76
78
76,3
71
76
80
78
76,2
71
76
70
81
77
78
76
78,5
69
78,4
71
74
78,4
80
81
84
78
74
78,5
74
79
78
79
76
80,7
77
97
80,3
73
77
80,2
81
80,3
93
80
84
93
81,3
76
81,3
90
81
82
88
82
84
90
74
73
83,5
93
83
80
83,4
84,3
99
85
92
85
92
85,3
93
92
85
86
94
86,4
101
78,2
88,5
82
89,2
82
89,9
87
86
89,3
83
89
85
89,4
80
89,5
84
89,2
90
85
90,4
93
90
91
92,4
97
93
92
90
93,5
99,2
92
94,4
95
96,2
101
96
98
96,3
98
96
86
96,2
89
96,5
97,2
96
97,3
96
97,3
98,2
90
104
98
103
99,2
97,2
99,2
83
103
99
100,3
103
100,5
101,5
103
101
102,2
104
98
102,7
99
103,8
97
103,2
108
103,4
98
103
114
104,5
111
108
106
104
110
104,2
108
104
98
104
117
105
113
105,4
103
105,3
106
105,3
106,2
92
107
108,3
113
104
108,4
103
108,2
110
108
105
112
108
109
113
109,2
114
109
114
110,2
116
110
108
114
110,3
105
108,2
110,2
105
110
111
113
111,3
104
111
114
106
122
116
112,2
105
112
105
112
115
121
113
115,2
107
124
104
113,3
111
117
120
110
113,2
112
111
117
113
116
113,3
108
113
114
131
122
111
108
115
125
113
112
115
122
117
110
115
117
108
109
130
117,4
110
117
124
118
119,3
135
114
120,3
115
128
120
111
130
124
117
124
113
120
111
120
121,2
122
131
122
120
122,3
113,2
122,2
123
113
124,2
120
124
122
124
113
122
124,2
111
125,4
113
136
126,5
129
126
133
127,2
129,2
122
139
127
131
124
129
120
130,3
117
130,3
124
137
130
131,2
138
131
134
131,3
122,2
131,5
133
127
133,2
135
133,2
138
124
133,4
134
133
134
145
134,2
135
122
134,4
133
134
131
134,2
135,6
138
144
136,2
137,2
133
134
137,3
143
137
132
137
138,3
139
136
131
139
138
139,2
138
135
139,2
145
139,4
132
139
131
139
145
139,5
144,2
153
139,2
143
140,4
142
139
140,2
141
136
135,2
142,2
143,2
154
136
143,2
145
143,6
144
133
143,2
145
143
144,12
149
144
145,2
143
145,2
140
148
145,8
150
153
145,2
146,6
147
153
148
147
158
145,2
148
156
148
144
145
148,3
153
148,7
144
155
143
148,3
146
149
145
149
148
149,2
153
149
150
145
157
151
148
152,3
148
149
145
152,2
159
153
145
153,2
155
145
156
153,3
152
149
160
153,5
160
153,4
159
148
155,2
160
155
156
163
155
156
155
152
160
155,4
148
156,3
160,2
156,2
148,2
161
157,3
161
158
167
158
159
161
158,4
149
159,3
157
159
163
162
159
160
159,2
163
159
157
160
159,2
156
159,2
157
160,2
159
160,2
159
160
163
160,3
161
160
161,2
166
161,2
155
161,2
156
161,2
166
161
157
161
158
162,2
158
162
160
162,3
167
162,4
163
162,2
163
162
166
162
160
163
159
166
163,4
164
165
174
166,5
171
166,5
167,2
171
167,4
168
167
166
163
169
170
162
166
170,2
162
170
172
170,3
162
170,2
175
171,2
166
171,2
163
171
162
171
162
171,3
163
171,11
184
171,8
175,2
178
171,2
176
172,4
163
176
172
174
176
174,2
171
179
175
174,3
175,3
171
175,6
172
176,4
179
176
179,2
176,2
180
176,4
178
181
176,6
177
176,3
177
179
177,3
178
177
178
171
178
175
178,3
176,2
178,2
172
178,3
181
173
179
174
175
179,5
176
179,2
177
179
176
179
180,2
186
176
180,4
176
188
187
176
180,3
181
180
178
183
180
181,3
182
183
187
183,3
190
183
178
183
185,3
186
194
179
186
179
186,4
179
187,4
188,3
179
188,3
191
183
190
188,2
179
196
188,2
196
183
194
189
190
187
190,2
197
190,3
191
196
190,5
191
198
199
180
190
180
190
200
181
190,2
191,3
208
197
191
180
191
192
181
199
192
198
192,4
193
194,2
191
194,2
190
187
190
195
196
190
206
196,3
197,2
198
197
191,2
197
191
205
198
201
198,2
194
198,2
200
183
195
191
198,5
194
199,2
183
199
200,2
198
195
200,6
196
201,2
199
202,4
194
202
188
200
203,4
204
195
203,3
197
204
195
204
209
210
198
209
205,2
215
205
217
205
190
205,2
213
205
203
205
218
196
198
206,2
207
208,2
197
208
209
208
200
209
200
214
200
209
219
209
219,2
209
207
204
209
216
209
202
207
209
203
218
209
210,7
211,4
213,7
208
213
215,2
220
208
230
228
216,2
205
221
216,2
220
226
216
217
223
217,3
218
217,3
220
218,2
209
219
206
219
210
213
219
225
219
216
225
219
215,2
209
230
219
223
209
219
220,5
216
220
212
228
221,2
213
219
221
217
228
216
221,5
222
223,4
230
223
225,3
219
226,2
229
219
226,4
232
227,2
233
227
231
228
227
228,4
227
223
230
235
221
228
227
228,6
226
232
228
229,3
219
229,2
235
229,2
230,6
229
236
229
230,3
231,2
236
231
235
232
231
227
228
231,9
224
232
235
232,3
228
232
231
235
232,2
230
232
233,3
235
226
236
239
233
235,3
241
239
232
236
228
236,5
231
236,8
230
236,3
242
237
236
231
236
239
230
236
242
233
237
240
237
248
232
237
242
238
241
239,4
234
239,2
240,2
232
240
243
240,2
235
240,2
232
240
243
236
240,7
246
240
241
249
235
241,4
245
241
237
240
241
236
241
242
244
242,2
237
246
242
244
242,4
243,2
239
243
245
243,2
240
243
240
244,7
245,2
240
245
249
250
240
245,4
241
250
245
251
244
240,2
241
246,3
250
240
246,3
251
246,2
249
246,4
247
248,2
245
248,6
246
251
249
250
242
248,3
249
240
248
249,2
250
249
250,2
249
253
249
243
246
248
251
249,2
246
249
250
255
250,2
251
250,4
242
250
251
250,3
255
246
248
255
250
248
250
251
250,4
251,2
249
246
255,2
251,4
252
251
252
251
248
252,2
253,3
250
253
254,3
249
252
254
253
252
254
265
251
254
252
254
255,2
254
250
254
255,6
250
255
256
255
257,2
251
258
250
255
252
255,2
261
255,3
254
255,3
257
255
250
252
255,3
262
259
255,4
256
257
256
252
262
265
257
262
257
258
261
257
255
257,5
256
255
257
255
257
262
257,3
258,2
256
258,2
255
258
259
258
264
255
258
255
258
261
268
258
255,2
258
255
258
259,4
267
264
259
260
261
265
261,2
257
261,2
265
261,3
258
261
262,8
265
262
263,5
262
261
263,2
268
263,3
264
265,3
264
259,2
268
265
255
265,4
261
265,9
269
265
261
268
265,5
262
268
265
266
267
269
264
267,3
265
267,3
261
271
267,4
269
267
273
267,2
268,5
284
268,7
265,2
267
268,5
267
268
274
273
269,2
263
269
273
268
269,2
273
276
269,2
267
269,7
273
270
273
270,3
271,5
272
273,4
283
281
273,2
269
273
283
273
269
273
267
274
281
283
274,2
269,2
275
276,4
278
283
285
281
276
277,5
283
269
277,2
287
279,3
273
279
280
270
280,6
281,3
271
281,2
288
279
281,3
280
281
284
283
281,2
279
281
282
286
283
274
287
283,2
288
274
283,4
290
284
287
284,2
287
284
269
284,3
285,5
293
292
295
286,2
287,4
288,5
295
290
288,2
280
288,2
296
289
290,4
284
291
292,2
293,6
287
293
299
293
290
293
297
293,6
284
293,2
296
293
294
293
294
305
300
294,2
295
288
295,3
297
295,2
296
299
296,2
310
299
296,2
301
296,3
288
296,2
297,3
298,2
297
298
299,3
296
290
292
299,5
296
303
299
295
300,4
305
300,2
306
295
303
299
300
294
300,2
299
300,3
301,4
310
303,2
307
304
303,2
311
303,3
296
303,2
310
303
300
311
310
303,2
299
295
308
304,5
306
304
288
305
307
303,2
304
305,2
308
303
314
305
308
305,4
307
322
312
307,2
308
314
308,5
315
314
303
311
304
309
310,4
304
310
311
307
310
303
310,2
305
310
311
303
311
320
311,4
304
311,2
308
314
311
303
315
311,2
312,2
303
313,2
314,5
305
314,3
320
314,3
305
314,2
317
314
315,4
308
315
308
315
302
315,3
316
315,2
320,2
319
315,2
317
314
315
316,6
315
316
312
316,5
322
312
316,2
315
311
317,2
314
317
318
316,2
324
314
318,2
319
322
319,2
320
319,2
320,6
314
317
320
321
322
312
330
327
322
315
329
322
328
314
322,4
328
322
328
324
322,3
326
323
319
316
324,2
315
324,3
326
324
322
324
325
314
317
325,2
329
325,3
326
325,3
326
330
326,3
327,5
330
328,2
330
328
334
328
322
328
337
328,2
317
328
333
328,2
334
326
324
329
328
322
330
335
315
328
333
329,2
330
337
330,3
336
328
330,3
325
335
328
330,2
325
330,2
327
331
330
332,5
328
333
342
326
333,3
340
333,3
336
347
333
334,3
333
334,2
333
334
335
330
334,4
340
335,2
329
335,2
344,2
335
328
335
328
335
328
329
335
336,2
337
335
336,2
335
346
322
333
338
336
334
337,2
332
335
337,2
339
332
342
340
345
340
342,2
334
333
346
335
346
342,7
343,2
354
344,4
352
344,4
345
352
345,6
346
345,2
347
341
340
352
345
343
336
345,3
336
345
353
345,3
346,2
342
352
346
340
346,6
347
346,3
347,2
337
347,2
360
347,2
358
347
334
342
348,3
345
349,2
353
349
347
350,2
353
350
353
350,2
352
350
353
350,3
351
350
352,7
345
352
353
352
360
352
353
364
353,2
367
353,2
365
353,2
354
346
354,2
352
354,2
356
357,3
362
358,4
348
358
359
366
352
359
364
359,3
360,3
371
361,2
362
368
358
362,3
363
371
372
364,3
359
365
364
365
372
353
365,2
366
354
366,2
363
371
366,5
374
354
365
366
371
366,2
367,3
368
367
371
367
355
367
368,3
369
370,4
352
379
370
371
358
371
346
374
371,4
380
372
371,3
372
371
366
371
373
371
365
381
352
371
374
372,2
374
372,2
374
372,4
381
368
372,4
373
374
382
374,5
372
375
376
372
376
385
380
376,2
371
376
374
376,2
377
378
379,5
372
380
386
380,2
381
371
380,3
381
380,2
374
372
380,3
376
380
381
370
388
381,3
373
372
380
381
383
379
382,6
383
389
383,4
379
374,2
384
372
384
388
384,4
391
384,2
385,4
386
385
387
385,3
391
389
391,2
386,4
387
380
387,2
388,3
394
388
389
388
391
393
388,3
389,2
388
389
391
389,3
371
389
391
394
389,2
386
389
390
383
391
384
391
394
391,2
382
391
392
383
391
392
391,6
394
391,3
392,2
391
401
392
391
392,2
386
392
393,2
378
401
391
394,5
402
403
394,3
396
394
389
391
400
395,4
389
395
400,2
396
395
407
396
402
401
396,4
397,2
395
397,2
389
397
398,3
399
398,2
407
398
403
399
400,4
406
400
396
402
395
401
397
401,3
402
398
401,2
397
394
401,3
411
392
402
395
402,3
409
402,4
408
402,2
403,3
411
403
405
402
404,6
398
411
405
403
405
406
411,2
406,3
407,2
400
407,2
401
411
407,2
413
411
407,2
401
407,3
402
408
411
408
414
408,7
402
408
409,3
403
409,6
397
408
409,2
410
411,2
405
413
411
407
411
408
409
413
406
411,9
417
407
411
419
412,3
417
412,3
415
411
412,4
413
408
409
413
409
419
413,2
415
409
418
413
416
413,4
418
414
412
414,2
415
409
414
419
414
415
417
411
414
415
416
415,4
418
415
413
415
416,2
418
416
411
417
411
416,4
417,6
416
417
416
417,4
429
417
418,5
411
418
419,4
413
419,8
413
415
414
419,2
415
417
419
414
427
419
430
419,3
415
417
419,5
422
419
420,2
429
419
420
419
417
420
421
422
425
422,2
426
422
432
422,2
419
423
420
425
424
419
425
419
425
420
431
425,2
434
425,2
432
425,2
419
425
444
428
415
425
435
425
426,2
431
426
427,2
425
427
416
419
427,2
429
427,3
428
419
420
428,9
440
428
425
429,5
428
430
420
430,2
435
432
439
435
431
430
431,2
435
431
425
431,3
432,2
443
444
432,2
425
433
435,4
440
435
437
435,5
430
439
436
444
432
437
441
440
431
432
437,2
432
437
432
435
427
444
437,2
438
444
439,5
440
444
440
435,2
440,2
439
440
448
435
446
444
440,2
444
440
437
445
442,2
444
442,7
443,2
435
443,3
446
443
442
444
447
444
440
437
445
444,4
447
439
443
449
445,5
440
445,2
450,2
451
445,5
455
445
446
445
446,3
449
446
442
446,2
444
446
447
444
447
457
447,8
444
447
448
449
444
448,2
445
448,7
449,7
450,2
445
450,4
451,2
445
451
458
451,5
455
451,5
452
445
451
454
451
452
456
450
456
452,3
458
454
452,3
453
455
447
453
448
453,5
461
454,4
461
454,3
455,3
458
455
454
457
453
455,2
460
455,2
454
455,2
459
451
456
454
456
461
456,4
457
459
458
468
462
458
454
453
467
458,5
459,2
455
459,3
453
461
459,2
460,2
465
469
460
453
460,2
458
468,2
454
456
461,2
462
461
462
467
464
462,2
468
454,2
462,3
457
462,4
463,4
467
463,2
458
464,2
465
456
465
462
469
466
467,3
463
467,4
469
467,4
474
473
467
464
468
467
468,6
469
468
467
468
465
461
470
473
468
469
467
469,3
468
469,2
461,2
469,2
476
469
474
469,4
470,4
468
467
475
470
467
470,3
471
458
464
471
479
471,2
470
472
467
472
473
467
473
474
475
468
473,4
469,2
473,4
480
473
469,2
474
473
474,6
480
474,2
475,3
473
469
475
480
481
470
480
475,3
476
482
477
482
477,2
469
479
476
486
477
479
477,2
479
477
473
479
473
479
475
479,2
474
479,2
476
479
476
479
482
473
479,3
474
479,3
482
477
480
475
487
488
479
480,3
476
480
479
487
490
480,2
488
480,3
478
481,6
482,2
479
482,4
486
482,2
474
482
487
482,2
483
481
483
494
477
483,2
480
484
482,2
485
486,2
480
486,2
479
486,2
482
480
486,4
487
490
487
486
487,10
488,2
487
488,5
486
488,3
494
488,2
489
488,2
492
488,5
492
488,4
490
488
486
488,2
494
488
489,3
490
489
482
489,2
490,5
491
498
491
490
491
487
491,2
489
491
488
491,2
497
492,3
500
488
501
492,2
493,2
500
493
494,2
489
493
501
488
500
501
488
501
489
494
502
494,4
495
496,2
494
496
491
496
494
501
496
502
501
496,2
498
503
498
491
498,4
499
494
493
500
493
501
490
503
500,5
491
496
512
494
501
494
501
503
494
500
494
501,2
500
501,3
502
496
494
488
501
492
494
501,2
502,2
498
502,5
501
502,2
494
502,6
503,2
505
512
503,3
509
503
500,2
503,2
505
503
501
509
496
509
507
509
503,6
502
503,4
504,3
503
502
504,2
505,3
506,3
503
502
506,5
507
511
507,2
504
507
509
507,3
518
513
507
505
507,2
508
509,3
519
509
520
503,3
509,4
507,2
509
517
509,2
503
509
517
509
518
517
509,3
514
509,2
507
509,4
507
510
511
509
512
511,4
512
513
512,2
509
512,2
513,3
521
513,2
521
513,3
509
513
514,3
517
507
522
516,2
518
516
509
516
517,2
522
517
506
517,2
518
517
509,2
517
515
517,3
516
517
509
518,5
525
518
519,5
520
521
524
527,2
520,4
511
521,3
522,2
518
527
522
521,3
526
521
512
521,4
522
521,2
526
530
521
523
521,3
522,6
527
522
520
522,2
527
529
522,2
519
523
524,2
529
525
531
524
527,2
524
522
525
518
525,3
526,3
527,3
533
527,3
529
527,9
532
525,2
528,2
529
530
529
521
529
525
535
527
529,2
533
521
529,2
530,5
531
529
530
535,2
530,3
522
538
530
529
530,3
534
531,5
534
529
527
531
533
531,2
524
531
532
538
532,2
535
533,2
538
536,2
530
533,2
528
533
534
535,2
531
536
534,2
539
534,3
535,3
533
531
535
539
535,2
536
539
535
545
536,3
538
536
543
544
534
536
541
536
537,2
536
538,5
534
538
540
538,2
539,3
541
538
539,5
540,2
535
540
538
544
543
541,2
533
543
538
541
546
541
544
541,5
538
542,3
543,2
542
543,3
545,2
543,3
544
547
544,2
543
544,2
543
544,3
543
544,3
541
544,2
537
546
544
543
545,6
547
540
551
545
548
544
545,4
544
545,4
541
546
547
546
545,2
546
544
545
548
546
547
546,4
541
546,2
545
546,2
543
548,2
546,4
547
548
547,4
555
547
543
551
547,3
544
547,2
548
547,6
548
552
548,2
552
548
549
548,2
557
548,4
552
546
548
559
551
548
555
548
554
548,3
552
547
549,2
547
550,4
551
555
551,6
557
551
548
557
555
557
552
555
552,3
550
552
553
554
555
553,2
551
547
559
554,3
555
562
554
562
555,2
556
555
570
555,2
548
554
547
557,3
566
555
557,5
554
574
559
574
560,4
562,3
559
562
557
562
558
574
557
562
560
557,2
562
576
557
562
573
562,2
568
562
577
562,2
564
565
562
576
578
566,2
567,3
560
567
553
568,5
569
570,4
573
570
572
570,2
572
578
572,2
573
576
562
573,2
561
573
560
574
568
577
574
563
574,5
560
575
576
574
576,2
577
550
570
577,5
570
577
571
577,3
579
577
584
577
557
577,2
578
579
559
578
570
578
577
574,2
579
578
577
570
592
570
578,5
581
577
578,2
574
578,3
574
579,2
585
579,3
578
573
579,2
577
579
583
585
579,2
581,2
584
579
578
579,2
584
579
578
579
576
577
579,2
578
579,2
583
585
578
579
580
581
579,3
581
582,3
583,6
592
584
585,8
586,2
577
586
578
586
590
598
586
596
586
591
586,2
590
586,2
587
586,2
587,2
586
587
590,2
579
587,3
579
588
591
589
590,3
592
590
581
590,7
583
590,5
592
585
582
587
596
585
590,4
591,3
592,2
596
592,6
598
592
593,3
594,2
600
594
590
594
595
596,2
585
596
593
596,2
591
599
596
586
592
596
592
590
594
599
596,8
603
596
602
596,4
590
597
598,2
599,2
618
599,2
600
598
599
603
599,2
606
590
599,4
596
600
606
600
603
612
600,2
596
600,2
612
600
610
600,5
594
599
601
603
600
602
612
594
602
603,2
609
603,8
617
612
603
612
603
610
609
606
604
600
605
603
606,2
614
606
607
608
603
608
613
599
620
606
608,2
599
606
608
610
608
609
599
610,3
622
610,4
612
611
612,3
620
602
612
619
620
612,2
620
617
608
612,2
594
612,2
613
619
610
613,5
623
613
608
620
613,2
614
620
614
615
616
617
620
616
617,3
622
620
617,2
622
628
618,3
612
623
618
613
618
620
609
618
624
618,2
619
630
619,2
612
614
620
623
620
612
619
610
619,2
620,2
612
620,2
619
620,4
614
620
625
621,3
622,3
624
618
622,3
618
622,2
623
622
623,5
619
623
626
625
623,5
617
620
623,6
622
626
622
620
623,2
624
632
624,4
620
630
624
619
620
624,2
619
626
623
625
628
625,2
620
625
624
622
625
626,3
628
626
635
626,2
627
625
629
635
622
628
629
628
624
628,2
634
629,2
623
629
630,2
635
624
630
624
630
629
630,2
631
632
626
634
632,4
626
632
636
630
632,4
645
632
628
632
628
632
636
634
632,2
625
630
634
633,3
642
635
637
625
636
635
634,2
640
645
634,4
643
633
622
635,3
636
635,2
643
636
635
626
635
643
635,3
644
636,2
632
630
638
644
636,3
639
636
637
638
645
637,4
634
638
647
638
643
638
643
638,2
641
639
633
641,3
642,3
635
636
642,2
634
632
635
642
643,3
642
643
638
636
643,3
634
643,2
635
642
648
646
643,2
644
643
649
644,2
636
644,3
643
644
642
644
637
647
644
653
644
645
644
645
643
637
644
645,2
646
643
647
644
647
642
654
648
641
648
653
652
648,3
645
651
648
644
648,2
646
639
641
650,2
643
651
654
644
650
645
643
650
654
650
644
651
647
651
656
651,5
650
651
657
654
651,7
655
651
652
653,3
655
658
653,4
644
653,3
651
647
654,3
659
654
655,2
650
655,2
651
655,4
660
655,2
656,3
657
656
657,4
654
657
659
657,2
655
650
648
658,4
659
654
660
664
660
658,2
659
658
665
654
658,5
659
654
659
657
659,2
658
661
659
662
659
665
657
651
659,6
665
654
666
659,4
660,2
665
668
661,6
670
661,2
665
662,2
667
662
667
669
659
662,4
677
662,5
658
662
663
665,2
666,4
669
662
665
666
670
666,2
665
672
665
671
666,2
671
672
671,2
666,2
665
668
674
662
666
657
666
670
658
673
667
666
667,3
662
669
667
659
677
667,2
671
659
673
663
667,3
668,2
674
662
666
669,2
674
669
672
668
669
670,2
662
670
667
670,2
671,6
672
671,2
672
663
672,3
676
672,2
671
673
678
673
680
677
678
673
683
673,2
671
667
674,4
677,2
674
668
681
674,4
677
672
674
676,5
670
672
676,2
677
675
670
677,2
682
677,3
678
671
676
677,3
676
672
677
678
683,2
678
677
678,3
683
678
679
674
678,2
679
678,3
673
678,2
682
672
678
679
674
679
684
677
679,4
683
679,10
680
676
680,2
681,4
667
687
679
681,2
679
681,2
691
681,2
682,2
679
685
682,2
683
682,2
683,4
691
683,4
678
697
691
690
684,3
691,2
684
685,4
682
688
685,3
693
692
688
686
682
690
682
692
687,3
688
687
695
686
690
682
683
685
688,3
691,2
688,3
683
688,2
689
684
689
692
688
690,4
700
691
696
693
699
691
695
698
684
688
700
691,5
693
691
688
691,3
692
696
704
694,5
688
695,2
687
695,3
696,5
688
686
696,4
699
703
696,8
687
708
696
697,3
698
702
706
699,2
688
699
691
694
699,4
696
699
700,3
702
695
700
699
700,4
696
700,5
696
701
708
701,4
711
701,6
700
701
706
700
702
698
702,2
709
706
702
703
698
709
703,3
699
703,2
709
704,2
702
704,2
705
708
705
706,3
699
706
699
707
709
706,3
711
704,2
706
707,3
709
707,2
708
706
708,4
703
708,8
712
708,2
712
708,2
710
708,5
707
708
709
712
708,2
714
708
709
711
709,2
714
709,3
714
709
708
714
709,4
712
709,2
710
709,2
710,4
706
711,5
712
711,3
712
711
716
712,2
710
705
712,3
715
712,2
708
725
713
717,2
713,2
716
719
711
713
709
713
716
713
716
713
711
709
714
713
714,4
718
714
709
714,3
717
714
709
719
714
717
715
719
715
712
724
715,2
722
713
710
716,10
715
716,4
717
708
727
717,5
721
717
713
717,3
718,2
721
729
718,4
717
722
713
719,2
714
717
719
721
728
719
714
719
720,2
721,2
727
714
724
715
721
731
730
722
730
728
725
728
714
723
724
731
724,4
717
725
730
731
725,3
726
727,3
716
732
727
719
731
727,3
728
727
732
728,2
725
728,3
730
728,3
729,7
730
731,2
730,3
722
738
720
730,9
722
731
733
731,4
732,2
731
726
731,2
735
733
731,3
732
725
732
724
732,5
730
732
737
732,5
733
734
732,3
737
732,3
733
737
733,2
730
733,7
719
733
729
733
734
737
740
734,5
732
740
731
734,2
739
734
735
737
735,2
732
731
738
735
736,4
737
732
733
736,2
738
736,5
737,4
736
734
737,3
735
737,2
733
737,2
732
738,5
741
739,4
741
738
739,5
743
739,4
740,2
733
740,3
736
740
736
744
741
737
742
737
740
744
740
741,6
737
739
741
736
740
741,7
742,3
745
743,2
742
752
744
743,2
738
743,5
738
743,2
744,2
752
741,2
744
743
744,3
748
753
748
745
744
745,3
746
743
742
753
745
746
742
746
747,2
744,2
747,4
748
741
748,4
753
748
749,3
754
749
741
745
750
754
756
752
750,4
740
750,2
753,2
752
753
750
751
740
751
743
745
751
752
743
752,4
750
753,3
750
753
755
746
749
753
744
753
745
757
753,2
745
754
753,7
760
753
758
749
753,2
754,4
756
755,5
756,4
762
750
756,2
751
756,4
754
756
757
760
754
761
760,2
757,2
770
757
766
757
753
767
757
770
758,3
754
767
750
758
753
758
759,3
748
757
759
757
759
760
753
760,2
753
761,2
752
761,2
751
761,3
757
759
762,5
756
763
764,2
766,2
772
766
757
769
766
760
758
769
766
757
766,2
767
761
767,2
773
767,3
772
767
757
772
757
770
772
771
767,2
773
768
772
761
769,2
770
764
770,4
771,3
772
767
772
767
771,3
775,2
771,2
772,2
767,2
772
767
772,11
767
773
767
772
773
766
765
777
773,7
767
775
773
774
775
774,5
773
774
772
774
773
774,4
778
777
774,6
760
774
773
774,2
775,2
776
775
780
775,5
772,2
775
772
775,2
780
775
778
773,2
775
776
775,2
781
776,3
777,5
779
777
781
777,2
783
777,4
773
777
778
786
779
776
777
778,5
774
778,7
779
778,2
784
778,3
779,2
772
779
774
782
780
786
780
778
780,3
781,2
788
787
780
781
787
781
777
781,3
776
781
775
781,4
777
791
782
781
780
781
782
784
782
777
779
783,2
781
783
789
783
788
783
790
781
791
783
784,6
777
784
790
784
785,2
790
786,2
781
786,2
784
787
782
787
781,2
787,3
793
791
792
776
790
787,4
789
795
791
787
788
782
788
787
789,5
786
789
797
789,2
787
783
790
784,2
790
795
783
787
790,2
797
790
796
790
796,2
790,3
797
787
793
795
791
797
791
787
791,3
789
791,4
789
791
787
791
795
786
791
796
791
789
792,3
793
794,2
792
795,3
787
795
789
795,3
796
790
796
782
797
796,2
793
799
796
790
796
805
796,9
797,3
795
797
802
791
797,5
789
797,2
804
797,3
791
797,4
799
797,7
802
806
797,2
796
798
792
802
804
805
798,2
806
796
799
800,2
801
802,2
793
808
811
800
802,7
812
802,2
803
806
805
801
812
806
803
797
808
802
804,3
797
804,2
805,3
804
800
805,2
813
812
805,7
798
805,2
804
805
806
797
806
808,2
802
808,3
813
808
809
810
806
804
818
805
810,3
805
810
812,6
807
812,3
805
812
813
804
813,5
815
812
816
814,2
812
815,3
812
808
815,3
818
815
816,5
813
808
816,2
817
816
818,3
806
814
818
814
818
813
812
814
810,2
816
813,2
810
818
