71
378
450
37
144
372
111
312
135
34
117
338
100
340
249
322
238
339
74
33
99
320
44
7
286
329
120
314
118
323
141
1
288
18
483
215
61
23
15
152
287
296
239
92
68
371
26
28
238
38
292
332
203
117
6
43
175
312
244
11
70
118
156
110
82
1
150
351
43
264
423
175
127
152
37
106
481
41
194
54
138
124
8
73
266
202
8
164
122
152
49
223
114
147
30
73
133
229
130
120
128
61
26
0
71
322
171
112
257
134
116
7
134
63
39
377
120
474
517
193
74
61
182
103
23
306
108
80
599
81
315
273
4
220
204
242
61
297
107
377
337
192
234
21
15
53,2
185
3
86
272
228
199
295
231
52
62
290
52
317
231
143
137
116
406
62
326
61
445
210
32
9
384
207
52
292
100
202
253
209
52
36
258
7
296
207
95
118
272
29
296
141
30
87
224
9
123
338
209,2
108
151
147
171
116
78
156
197
296
70
261
288
314
101
31
294
194
416
161
19
141
55
296
209
58
201
19
179
25
41
149
19
73
158
199
186
95
78
152
116
44
19
149
195
158
189
76
23
151
111
197
69
639
94
71
126
110
126
19
506
37
428
23
48
294
219
73
276
282
110
154
66
83
31
26
252
404
61
174
137
1
67
294
29
456
221
214
358
187
52
88
358
118
114
334
73
127
204
401
55
118
144
151
345
339
206
119
85
137
30
10
252
518
55
668
139
132
192
122
282
44
270
7
267
32
257
54
265
511
315
68
6
296
103
152
218
120
299
311
295
160
555
77
30
156
27
238
342
182
189
230
109
141
71
170
11
204
39
131
176
51
19
431
131
383
230
199
183
314
342
23
120
158
68
26
128
75
32
212
199
126
68
266
91
160
195
100
87
266
34
11
70
192
28
109
126
678
217
23
136
197
75
361
161
197
274
70
34
136
24
339
270
90
15
30
3
221
93
54
339
212
70
77
199
43
1
97
152
60
43
65
147
79
267
188
31
95
147
385
97
21
114
143
389
54
118
0,2
221
0
460
0
737
0
218
0,2
1,8
201
1,2
207
1,2
2,3
32
622
3,2
167
3
4,3
5,2
2
6,7
62
183
6,2
194
360
6,4
7
334
7,7
8,5
128
8
9,5
10,2
181
11,2
281
11,2
93
11,3
135
11,5
258
12
268
13,4
252
13,4
14,3
402
70
15,2
237
394
257
16,5
9
16,2
0
16,2
435
17,2
126
17,2
54
18,9
183
19,2
309
19
460
19,2
161
19,7
20,5
48
20,3
21
22,3
23,2
326
23
113
23
24,7
259
26,8
332
26,2
197
179
26,9
441
26,2
61
27,7
91
266
27,3
227
29,3
327
29
30,2
90
30
31
396
31,2
111
31
760
31,5
67
31,2
110
462
31,2
427
31,2
32,6
723
32,3
382
140
32,2
187
32,3
33,2
267
33,5
34,5
116
34,12
35,2
451
215
35,2
36,4
37,4
317
37,7
104
37,2
38,5
48
39
104
39,6
454
39
8
41
42
43,3
450
43,10
129
43,3
285
43,2
462
44,2
318
44
420
45,7
47
216
48,7
674
48
257
48,3
49
145
49,3
211
49
149
49,3
422
27
50,4
308
50,5
117
181
50
51,5
428
51
204
52,2
340
52,2
137
52,3
109
52,5
53,4
156
371
53
54,2
99
54,4
110
54,3
364
54,2
111
151
54,3
30
54,4
55,3
441
55,2
18
55,4
309
57,2
446
57,3
58
267
58
103
58
59,4
60
412
36
60,3
61,2
19
61,2
356
61,4
189
240
55
62,2
370
118
263
62,7
686
62,3
20
62,2
63,2
711
63,4
230
63
464
64
65,3
433
65,3
66
405
85
32
66
76
67
34
67,3
298
128
67,3
312
67
68,13
233
69,5
70
29
70
193
70,4
257
70,3
71
130
381
71,4
473
71,3
469
60
71,2
365
71
100
72
435
405
40
72,3
194
299
73
479
492
73
204
428
73,2
310
73,3
74,6
60
75,5
76
75
301
75,2
76,4
322
430
406
76,3
364
171
76
77,2
423
77
311
150
77,3
38
377
77,4
78,4
276
78,2
145
78
250
78
79,11
71
79,2
80
81,2
151
82
423
82,3
85
202
85,3
118
85,2
309
85
394
85,4
31
86
201
86,7
134
87,2
700
87
111
87,4
19
376
87,2
88,3
294
88,3
279
88
89
218
89
90,6
33
90,4
230
90
406
91,2
508
91
27
298
26
91
114
92,2
419
92,3
515
93
147
93,2
95,2
348
95,3
96,2
97,3
3
97
59
97,7
98
202
592
98
419
98
257
98,3
99,2
30
99,5
531
99,4
545
71
425
99,4
382
100
461
100,5
101
66
101
643
101,2
102,4
116
102
313
102,4
377
102
103,6
104,4
115
104
16
329
268
104
362
104,2
32
104
105
36
105,2
106,2
43
106,4
107,2
78
107,2
108,2
181
108,3
381
108
120
498
108,2
78
355
109,5
182
109,2
476
109
115
110,3
203
141
110
25
110
99
111,10
118
490
111,7
519
111
614
267
224
59
111,2
317
112
61
423
112,3
306
212
112,3
485
112,5
114,2
483
114,3
15
115,4
517
463
115,2
198
115
204
328
255
481
115
377
428
115,3
182
115,3
116,7
335
453
116,2
258
116,2
117
367
117,4
175
117
172
117,2
118,7
352
118,3
238
118,2
108
502
118,4
119
400
300
119
424
252
120,5
539
120,4
111
120,6
442
210
161
120,2
385
135
120,3
121,2
304
191
121
122,3
8
122,2
173
123,3
124
151
124,3
125,2
476
125,4
33
150
125,2
210
152
126,5
103
126
272
127
128,5
51
128,5
62
128
460
26
345
128
129
126
221
129,7
130,3
456
130,2
487
130,5
131,2
26
39
101
276
131,7
302
273
131,4
132
312
132,2
197
132
133
276
133
658
133
334
133
485
133,2
134,3
204
134,7
371
134
136
135,2
131
135
72
135
431
136,2
670
136
180
136,3
115
358
404
136,2
135
136
137,9
122
138,3
257
138,4
542
133
138,3
139,4
372
275
139
16
385
139,4
46
139
395
139
140,4
141,9
414
141,4
133
141
77
141,4
558
141,3
171
141
342
453
141
492
218
141
142,3
143,3
146
26
147,4
44
147
252
555
147
185
147,2
477
147
541
147,3
72
156
147,2
37
147
110
147
148,4
149,7
150,6
444
150,2
363
150,2
531
150,4
151,4
702
151,2
371
183
151,3
189
151
586
151
0
151
812
151,7
585
201
151,3
117
151,2
152
154,3
456
154,6
155,2
62
155,2
262
155
156
102
156,3
371
156
67
156,3
225
376
367
156,4
583
156
468
549
156
157
323
157,5
158,4
159,2
377
159,3
160,2
583
160,5
137
160
161
259
161
118
161,4
308
162
163
540
165
569
114
371
165
306
165,3
174
165,2
166,2
367
167,2
326
167
476
167,3
404
557
167,3
415
167,4
168
169,2
170,2
95
170
171,2
67
171,3
564
171,8
600
171
413
172
97
172,4
71
172
32
172
279
172
616
172,4
166
173,4
384
545
173
571
490
173,2
174,4
129
175
137
259
175,3
309
175
176,2
548
176,2
43
177
178
179
460
180
666
181
85
181,6
203
291
337
485
181,5
221
182,8
26
182
183
418
68
183
328
183,4
22
183
267
538
600
183
317
183
257
183
100
183
761
183
477
183
436
184
235
387
184
89
185
338
551
369
34
686
185,2
189
185
186,2
372
301
581
186
412
186,3
187,2
339
187,2
188,3
334
188
466
530
189
628
189,4
13
48
189,2
190
191
103
191
254
237
191
175
191,3
487
191
451
158
191,2
78
192,6
551
328
192
193,2
647
193,2
428
193
134
193,2
318
160
193
173
431
372
194,6
490
194
195,2
470
54
587
353
195
627
481
645
195
196,3
197
131
197
631
39
126
8
226
197
571
197,9
571
183
197,4
284
197,2
183
197,3
198
123
198,3
199,4
118
199,3
200
364
225
200
55
161
200,3
201,3
111
287
201
323
258
202,2
172
202,2
18
565
493
463
222
202,5
203,2
161
203
586
203,2
17
204,4
34
204
158
204,2
351
204,2
330
204
124
317
204,4
363
205,2
203
538
88
206
343
206,2
655
206
207,2
506
575
207
456
328
207,2
315
207
208
322
209,2
31
209
215
209,4
451
210,2
41
85
210,3
318
210,6
314
210,3
211
343
211,3
637
4
212,8
482
212
65
214,3
295
230
551
618
492
336
214,2
215,9
647
215,4
478
215
301
215
631
215,3
216
640
216
217,4
118
218,2
483
218
576
218
394
219,2
452
219,2
238
808
219
244
230
219
588
219
153
221,4
447
631
151
343
221
541
505
221
377
221
292
221
119
301
221
401
221
222,2
577
222,2
141
222,4
109
223
128
223,2
224
631
224,3
225,4
492
225
32
134
225,3
468
180
225
532
226
589
625
445
226,5
551
226
652
226
227,2
228
420
228
229,2
279
229,3
308
230
475
230,5
104
230,2
581
386
230
49
230,3
658
270
230,3
596
230,5
231
674
231
531
231
489
602
231,3
487
231,4
6
231
232
423
232,2
233,4
461
33
175
678
99
27
234
364
234,6
488
234,5
236
237,2
2
141
237,2
468
147
27
238,4
609
238
115
238
67
238,7
239
268
544
239,2
19
240
14
240,3
241
242,2
591
242
182
242,5
157
242,2
433
244,2
182
244,4
246,3
476
545
246
115
246
179
299
246,3
147
246,2
222
464
312
246
258
247
54
685
247
595
107
247,3
628
247,3
371
247,3
248,3
249,3
238
32
249
191
249
281
251
95
251
43
252
288
715
252,3
242
355
252,2
558
253,2
627
253
138
253
254
66
117
605
322
254,2
450
256
257,9
586
257
196
257
104
155
305
257
266
257
114
257,3
506
56
369
258,2
376
258,2
90
49
258
36
258,2
709
258,4
273
258
259,4
260,3
261,2
262,3
714
262
263
710
265,4
185
265
266
767
86
266
670
266,5
631
267
68
267
519
462
267
268
267,3
340
202
267,2
648
267,2
268
496
585
268,5
323
268,2
521
268,3
269,2
362
406
269
270,6
654
270,2
138
514
377
663
270,2
442
270,2
429
270,2
271
115
272,2
418
403
272,3
201
272,3
273
626
273,5
274
460
167
340
653
702
274
276,3
29
389
34
276
383
350
528
276
621
276
277
72
278
279
183
279,2
226
279,2
280
281
258
281,7
43
281,2
567
281,2
663
281,2
282,5
654
282,2
409
282,4
669
282,2
317
282,2
402
282
67
283
401
387
574
283
634
539
284,3
576
284
211
284,3
285,3
287
32
287
738
287,3
625
287,2
273
402
287,2
288,2
647
614
288,2
207
8
288
289
291,2
721
428
291
292,3
244
292
160
427
292
372
292,2
29
222
293,2
294
450
211
294,3
466
554
551
294,3
595
294,2
307
581
295,5
296
309
296,5
130
296
514
296,4
744
296
403
297
298
636
298
489
299,2
654
299,6
300,3
555
261
300,2
254
716
680
300
301
681
301,3
170
301,3
130
584
331
302,2
372
302,4
128
302,4
498
302,2
303
507
107
304,2
375
695
13
257
304,2
651
719
304,3
594
420
304,2
306
428
677
222
306,4
120
306
238
307
679
307
591
307,3
372
307
429
307,3
369
569
61
308,3
727
308
331
308,2
309
519
26
351
309,5
549
311,2
403
705
71
311
120
311,2
506
26
312
219
312,4
591
312
461
312,7
473
312
120
433
417
312,2
314,2
645
314,2
343
155
314,10
710
81
315,3
572
315
469
315,3
719
315,3
117
698
316
614
161
316
315
316,2
442
316,3
317,4
737
317,6
473
317
318
575
318,5
319
322
63
322,2
548
490
569
322
377
322
142
274
112
323
427
603
323
666
744
323,2
115
9
242
323,4
680
323,6
98
323,3
324
97
324,2
76
324
97
473
324,2
647
325
326,3
382
326
240
487
326,3
327
726
327,4
328,6
27
328,3
372
328
577
328
329,5
785
329
238
329
330,5
463
549
539
330,2
331
556
331,2
417
331,2
19
332,2
333
668
141
334,3
173
334
328
334,3
43
334
54
492
640
334,3
335,4
84
335
451
335
336,2
346
336
418
296
26
336,4
337,3
705
53
337,5
370
143
130
356
338,2
566
76
302
338
667
89
175
338,2
128
265
338,5
27
338,3
197
431
339,3
737
339,2
210
339,4
329
339,9
552
339
755
339
231
339
542
507
339,3
705
339
381
712
340,7
211
340
456
340,2
600
340,2
341,4
674
6
342
85
342
729
342,2
688
342,2
343,2
545
527
733
70
463
343
665
616
78
343,3
307
468
36
738
419
346,4
539
281
346,4
194
346,3
347
348
339
348
689
463
348
385
348
570
348,3
349
396
349,3
400
350,3
521
350
674
350
765
351
295
351,3
197
260
414
492
351
352,2
30
352,2
425
292
352,5
353,4
221
353
354
355
773
355
492
355,3
61
355
356
632
409
207
356,5
285
612
356
357
356
357
48
357,3
145
525
357
151
357
358
128
358
645
647
385
358
466
357
358
210
702
358
359
170
360,3
329
222
343
361,2
709
361,2
117
361
203
361,2
700
361,2
353
362
542
362,3
557
362,2
363,2
231
678
99
685
363
470
631
363
364,5
365,4
366
367
506
586
367,4
368
369,5
370,3
4
453
370,3
169
370
371,4
643
371,2
581
371
247
371,3
372
645
39
230
372
552
234
372,2
341
372,4
26
372
89
373
590
374
379
376
311
376,4
339
376,3
26
721
796
668
632
376,3
396
652
377
31
377
230
377,2
218
161
377
242
332
377
709
377
79
161
377
727
377,3
118
377
782
377,2
61
170
377,2
378,2
379,3
415
473
379
528
379,4
669
32
403
214
492
379
380
172
454
381
814
377
679
381,3
260
381
519
381,2
657
382,2
138
382,3
383,5
385,3
791
385,3
231
329
385
652
385,2
386,4
254
532
387
253
806
151
388
389,2
539
61
391
34
392
393,6
142
16
285
394
753
622
478
586
395,2
587
395
8
54
115
395
396
38
307
396,5
517
396,2
568
396
43
396,2
379
396,3
793
397
2
398
741
738
398
219
398,3
399,4
127
399
400,3
26
400
609
79
385
400,2
98
400
783
400
401
373
475
401
75
401,2
500
590
401,2
816
401,6
101
401,4
754
401
714
81
401,2
774
402,2
281
166
402
403
481
697
403,2
404,3
474
404
405,4
406
564
406
508
641
538
1
406,2
425
406
802
483
407
408
409,6
303
410
411,5
531
411
400
700
411
412,3
816
412,2
740
418
412
572
509
25
799
575
412
329
412
332
412,3
114
413,5
586
418
519
492
26
755
414
493
128
414
614
414
312
532
414
415
553
331
257
415,7
785
415,6
104
814
416
548
416,4
315
416,4
417
635
230
417
62
769
417
523
417,2
33
590
418
470
418,9
128
735
511
420,3
421
384
421
27
421
597
421,2
187
421
422,5
423
422,3
517
422
139
422
423,2
468
423
529
423,7
424,4
746
424
752
425,3
676
425,3
774
485
797
247
425
117
425
426
785
615
426,3
19
426,4
427,2
309
427
210
427,4
652
427,2
614
428
451
428,2
441
614
428
654
311
23
428,3
778
429,3
275
429,3
766
429
19
66
429,2
205
429
642
430,2
265
430
635
771
728
430
618
431,2
7
709
452
431
729
431,3
539
431,2
784
431
44
784
431,2
432,5
433,2
281
433,5
361
193
680
433
434
675
435,4
436,2
173
437,2
684
437,2
231
437
26
439
441
328
441,2
674
441
419
441,7
478
634
441
400
727
442,2
261
117
442
595
124
725
442,4
43
368
442,4
493
555
443,3
554
323
334
197
443
444,2
423
444
539
444
784
444
811
444
452
445,5
119
563
801
445,2
440
578
54
445,3
446,2
765
446,2
779
150
187
709
767
447
258
448,4
477
149
448
596
449
660
450,4
70
450
544
450
685
450,3
451,4
116
451
137
451,2
750
1
645
73
451,2
593
451,2
452
429
221
452
474
564
452,3
370
452
753
452
228
452,3
646
791
428
452
322
453
471
453,4
454,3
796
455
774
524
456,5
655
456,5
457,3
678
457
700
519
457
458,2
459
493
460
654
460
31
460,10
210
351
460,3
377
460
461
370
281
461,4
600
461,6
462
767
462
161
462,2
292
593
149
463,2
424
356
463
143
463
239
463,2
232
463
492
212
453
463
464,2
339
464
193
464
417
545
464,5
591
464,2
377
464,3
8
627
465,2
95
396
465
115
465
466
654
816
759
468
530
427
466
379
307
466,2
680
466
467,3
810
467,3
468,5
115
468
784
468,3
665
400
415
413
550
457
468,3
312
469
390
469,3
470
742
198
470
662
627
470,2
722
591
470
451
147
542
470
419
103
755
470
678
470,2
376
470,4
520
679
470,4
716
470
431
470,2
348
131
470
329
470,2
767
579
99
431
470,2
572
471,2
735
783
471
539
471
699
663
471
492
472
192
675
472,3
555
472,2
462
473,2
688
649
473,7
783
473
474
755
670
474
623
475
720
475,3
133
475
476,4
651
476
723
485
205
476
477,5
564
311
75
237
477,2
705
477,3
635
428
738
477,2
62
477,3
172
371
299
477
233
477
744
477,2
679
357
477,2
802
478
812
478,6
479,5
464
479,2
156
254
479
509
479,3
481,2
450
482
199
600
482
483,2
240
72
316
483,6
484
101
485,3
340
485,3
486,3
781
596
688
486
767
403
486
487,2
150
487
729
487,6
301
487,2
777
798
247
506
595
487,2
488,4
489,4
743
393
489
473
489,2
125
489
331
400
495
490,4
54
677
746
490
231
160
491
492
224
767
677
492
75
492
612
783
492,4
600
98
114
785
492
270
492,2
493
230
493
419
733
396
493
586
575
493,2
709
493,3
632
377
493,3
677
494
119
495
740
495
183
495,2
130
496,7
497
422
498,2
422
471
498,2
774
498,2
599
238
590
728
302
498
214
498
499,4
500
759
500,2
170
500
808
501,2
309
501,2
502
151
502
351
503
247
503
563
504,6
287
270
506
810
506,11
681
506
441
506,5
659
245
507
221
507
811
507
646
507,2
117
778
147
150
507,3
356
668
470
635
507
702
508,4
675
509
247
529
355
509
506
509
230
509
510,2
798
510
511,3
512
513,3
514
149
514
744
118
516,2
517,2
513
517
663
517,2
711
495
517
813
517
632
517
357
517,9
372
517
518
590
594
518,4
507
518,7
513
518,2
519
114
191
11
519,2
550
519,2
262
519,3
688
71
519
549
519,4
479
326
314
519
520,5
562
768
520
521,2
773
521
775
521,5
682
521
523,4
377
523,2
613
79
523,4
560
523
524
348
345
524
426
524
618
575
524
683
524
525
800
525,4
779
215
525,2
810
317
574
525
526
203
527,2
528
785
376
528,4
441
529
788
768
529,2
709
529,2
548
779
817
529,3
756
530,7
328
530,5
531,3
120
115
667
779
454
532,2
643
532,2
108
705
532,4
684
532
613
611
533
534
535,4
601
548
536
537,3
645
773
537
150
689
537
538,3
381
538,3
477
538,2
360
538
706
538
539
487
539
743
539,4
451
539,3
161
539,4
37
539
483
539
568
539,3
540
258
540
541,3
387
672
541
706
541
485
541,2
684
541
447
541,2
379
367
542,4
312
542,3
538
134
542
703
542
543
544,5
193
544,2
211
545
396
545,2
610
524
545
571
681
545
546
557
281
547
643
301
548
182
231
798
329
549,5
325
712
785
549,2
456
549,2
147
150
52
550
323
335
550
385
550,3
351
550,2
551,2
665
551
779
551
268
551
752
795
551,2
473
551,4
74
552,2
625
552
553,3
330
314
553,5
554,4
661
554,2
555,4
507
555
348
167
628
555
336
248
555,2
406
555,2
794
555,2
556
653
557
202
557,5
558,3
727
558,2
351
804
558,5
560
202
560,3
364
158
784
767
560
561
661
406
157
737
561,2
562
257
254
562,2
415
562
779
563,3
185
563,2
379
161
564
429
564,7
371
705
565,3
281
565,2
714
429
565
566,6
567,3
775
420
567
462
567
383
567
568
578
774
568
577
569,3
303
569
710
570
172
464
570,2
155
266
570
520
111
570,2
642
570,3
807
570,3
636
570
444
570
571,3
572
589
572,2
204
572
719
345
572,4
573
241
573
574,6
706
575,2
342
575
171
281
575,2
460
574
575
691
793
511
273
476
649
575
781
575,3
774
576,4
353
576,2
577
532
345
577,2
578,3
579,3
580
326
307
580,7
161
581
495
581,2
777
55
581,9
781
581
582,4
759
582,2
545
582
395
582
779
189
791
586
583,2
584,5
378
584
241
315
584,2
585
139
191
385
600
767
585
16
790
585,3
720
586,3
758
586,2
485
587,2
345
587
588
589,5
369
589,3
590
507
717
591,4
166
591
719
591,2
675
591,7
676
591,2
185
249
592,5
622
592,3
201
593,3
432
594
612
810
594
595,2
762
595
807
595,7
372
678
596,2
597
627
810
182
597,3
570
812
597,6
252
581
597
598
599,3
468
193
361
599
734
599,2
605
638
599,3
802
599,3
226
215
599,2
329
183
600,3
230
779
260
600,4
456
151
600
596
600,3
478
600,4
542
601,4
346
601,2
604
605,3
648
720
606
637
606,3
394
606
542
606,2
282
606,2
317
607
608
609,4
213
609,2
257
246
611,2
371
542
612,6
197
612
721
612,4
613,2
614,2
302
244
614,4
498
167
643
614,4
420
270
195
614,4
461
309
614
741
614
615,5
775
769
615,4
601
615
616,8
675
616
617
618,6
606
620
621,3
314
806
621
509
621,4
622
713
332
513
507
623
346
623,4
624,6
625,3
216
428
625,4
506
625,8
386
625
774
625
799
493
626,3
468
627
726
627,2
302
735
627,6
678
627,2
695
627,2
588
627
628,3
498
628
784
356
628
629,3
808
629
630,3
631,7
413
631,2
720
631
357
674
304
631,3
422
632,3
475
632
634,4
473
634,4
635,5
636
406
636,2
548
714
131
645
636,3
193
636
637,3
420
637
638,3
329
638,3
640
463
238
460
640,2
428
486
640
287
640,2
218
781
361
640,2
641,2
642,4
443
643
498
643,4
427
643,3
721
643
644
645,4
246
645,2
595
645,4
442
645,2
205
801
645
537
645
646
624
415
646,4
338
283
647,2
755
647,3
600
647,2
304
647,4
691
647
755
343
647,2
648,2
650,2
428
651,4
652,3
48
652,4
101
652
704
737
652
348
652,2
312
653,3
679
653,4
808
653,3
479
653,2
654,4
637
654
553
654,2
223
654,3
218
655
477
183
550
816
655,2
343
553
655,2
656
591
656,3
657,4
658,2
11
658,6
659
676
418
734
659,3
660
661
662,7
420
662,2
586
662
663,2
261
663
558
663,2
517
663,2
511
663
517
700
663,4
790
663,3
703
597
663,3
749
642
663
665
740
665
399
665,2
379
665,2
666,3
684
666
618
323
666
186
426
720
667
612
667
287
667
625
111
667,3
668,4
112
668,2
361
668
420
668,3
669,4
695
364
173
669
670
672,2
673
401
674,9
755
674,2
223
674
675,8
312
675,2
805
675
676,2
265
676,2
406
676
586
464
482
677,2
811
677
690
677,2
307
677,2
252
677
678,2
370
678
259
652
678
571
678
481
790
678,3
628
600
678
331
704
678,3
574
678,5
428
679,2
369
679,2
680,4
681,2
694
681,5
582
682
370
683
691
586
683,4
376
744
684,4
631
684
685,7
686,4
687
688,3
815
688
523
688,5
689
813
689,8
540
689
306
689,3
690,3
414
690,4
691,2
799
692
275
471
692
695,3
797
695
13
695,2
709
695,2
697
698,2
323
698,4
430
699
810
781
699
700,3
521
299
700
332
700
376
700,3
701
690
702,4
719
702,6
483
702
779
702,2
703,4
651
704,2
705,8
706,3
302
706
708
709,5
714
709,2
702
339
541
709,3
317
19
709,2
421
492
709,2
364
328
709,3
781
518
709
406
616
710
612
624
710
643
710,8
576
698
711,3
719
711
814
357
350
711
626
711,2
612
711
780
711
423
711,2
767
711
539
114
711
712,2
376
412
712,2
498
712,3
713,3
357
713,4
476
705
713
714,4
369
714,4
474
714,2
715,4
716
621
716,3
717,4
454
717,2
718,2
460
718,2
427
718,4
731
718,2
739
718,2
719
385
664
719
521
719
720,2
550
720,5
539
720,5
796
720,2
493
720
316
721,3
496
721,2
727
721,9
334
721
722,2
624
669
723,8
733
723,2
724,6
798
724,4
725
470
622
725,2
726,2
699
726
468
726
738
726,2
506
726,2
727,3
801
727,3
728
377
728
456
728,2
729
406
729,4
394
729,2
548
729
646
729,5
730,2
572
730,2
731
442
733,3
734
520
734,2
735,3
377
735,2
339
735,2
709
737,4
808
737,4
332
737,5
738
321
738,7
478
738
739,3
675
739,4
740,8
463
740
429
740
741,5
792
742,2
555
742
743,2
13
710
396
553
743,4
744
539
744
562
500
744,8
357
745
746
530
746,2
747
748
749,4
634
749,4
750
492
476
750
575
751,3
566
197
751,5
752,2
709
752,10
679
752
753,2
539
753,8
575
754
752
754,2
430
754
755,2
675
642
755,3
783
755,2
756,2
360
756,3
678
756,2
757,2
663
605
757,3
438
334
757
372
757
755
757,2
725
609
758,3
759
661
513
814
597
572
759
522
759
606
759,5
760,4
761
814
761,4
471
761
717
761,6
695
761
762
795
762,7
763
764
765,3
500
765,3
414
765,2
709
766,2
734
325
766,3
767
616
767,4
430
445
614
112
767,8
473
767
598
767,4
774
767
768,5
496
444
768,3
642
769,8
770,3
394
412
770
599
761
770
615
734
770,2
621
770,5
755
770
771,4
772
317
772,6
773
785
773,7
386
773,3
474
773,2
774,6
419
774,2
384
774,2
364
774,5
775,6
530
776
777
599
415
777
538
695
777,5
778,7
779,2
540
779,3
551
779,4
404
444
779
675
779
780,6
798
780
454
780,5
457
780
482
780,4
117
591
781,2
473
781
599
781,4
586
781,3
782,4
783,4
798
783,8
474
783
574
784,2
800
784,2
545
551
784
744
784,2
418
784,2
785
645
785,2
207
785,3
678
785,7
786
788,2
411
422
788,2
799
788,2
371
788
789
790,2
463
791,6
792,5
793,10
794
507
794
795,3
344
795,4
367
795,3
796,4
351
796,5
585
796,2
724
796
506
797,2
646
797,2
506
797
798
744
798,2
709
798,4
755
798,7
667
787
798,3
744
468
551
799
572
799,2
578
799,5
746
799
742
799
708
799
598
799
800,5
5
801,2
215
801,4
666
801,4
567
801
725
801
802,3
767
802,2
571
802,2
404
803
804
805,2
755
582
805,6
806,3
696
806
807
558
807
429
807,3
111
807,3
652
807
808
625
808,3
597
808
809
755
809,4
379
810,3
476
810,5
637
810
717
810,2
464
810,2
811
555
811,7
739
811,3
812,2
813,4
412
813,2
600
813
814,3
702
814
507
814,5
802
814,2
816,3
598
775
816,2
653
818,6
589
498
705
403
738
693
731
539
323
705
791
678
592
784
647
530
524
759
810
767
709
663
640
733
457
710
716
709
798
678
779
548
749
596
635
775
551
506
625
570
801
812
685
632
765
614
636
463
677
735
686
544
729
618
461
618
614
703
816
517
770
625
671
612
783
784
715
795
689
668
559
601
781
616
481
752
685
542
686
683
704
700
733
773
711
710
616
68
732
766
371
630
275
485
753
506
756
425
578
529
780
734
737
509
520
685
669
198
640
728
111
719
679
635
588
612
665
645
798
755
563
234
744
798
608
545
674
646
700
721
744
743
729
740
668
280
661
464
689
777
790
477
721
445
599
314
538
658
599
739
704
625
636
795,2
759
506
726
586
461
612
756
799
451
565
539
709
738
575
674
711
600
655
477
785
796
588
393
799
556
687
643
651
709
473
615
460
738
475
486
707
677
771
476
606
783
418
781
708
678
599
751
637
759
733
735
796
721
550
692
558
706
339
600
742
705
669
808
476
487
429
677
637
601
813
550
477
72
738
713
723
492
618
807
759
678
243
539
600
561
623
705
675
218
723
700
675
527
376
812
700
779
669
622
483
770
720
260
757
517
739
523
771
772
699
793
709
730
480
614
669
564
615
445
553
499
85
668
502
669
619
647
816
796
741
427
711
539
784
551
736
470
456
561
154
563
785
662
376
647
625
627
655
773
721
642
645
781
813
777
677
809
585
798
814
709
519
537
531
796
511
384
496
406
775
689
645
716
754
653
716
659
746
738
689
605
791
721
665
744
697
252
654
565
583
597
651
582
631
602
700
737
498
652
414
700
688
797
632
572
542
540
818
418
637
806
818
411
631
666
473
811
719
721
635
431
690
726
599
733
340
771
689
141
797
738
591
699
718
709
777
744
646
770
444
785
593
741
596
675
773
663
469
811
618
477
586
483
811
727
498
792
541
780
636
525
798
724
798
757
743
788
759
679
634
633
729
799
581
424
759
616
781
564
