2
0,9
1,3
2,5
0
2,7
3,19
4,6
5,8
6,18
3
6,6
7,2
10
7,3
17
7,6
8,6
9,2
10,11
11
12,15
13,5
6
13,6
9
13,3
14,5
8
7
14,2
12
14,6
21
15
16,5
18,4
14
18,12
19,2
27
19,3
20
21,8
19
21,8
22,7
23
24,3
25
26
27,14
28,10
33
28,9
29,12
30,11
40
30
34
30,8
31
32,11
33,4
34,11
35,5
36,5
46
36
37
38,5
39,5
40,17
41,11
42,10
43,14
44,4
45
46,3
36
46,5
41
46,3
47,24
48,5
51
48,6
49,6
47
49
50,10
51,8
47
51,3
52,6
57
52,4
53,3
47
53,11
54,6
53
54,5
55,7
56
58,3
51
58,2
62
58,5
59,3
65
59,4
60,9
61,4
55
61,3
62
63
62,7
63,10
70
60
63,4
64,3
70
64
62
73
64,6
65,11
66
67,9
68,6
74
76
68,2
69,7
70,12
77
70,3
71,4
68
71,2
72
73,14
84
74,7
75,2
76,6
77,6
78
79,8
80,7
86
80,3
81,10
82,4
83,9
84,11
85,7
86,10
87,8
88,14
89,9
90,13
91,11
92,13
91
87
92,4
93,21
94,2
95
96,8
97,8
93
98,5
99,4
100,12
101,7
102
103,3
112
103,5
104,4
105,7
106,3
107,2
108,2
109,9
110,3
105
110,2
112
110,3
117
110,2
111
112,8
113,13
114,7
115
101
115,3
116,3
117,8
115
130
118,2
119
120,2
121
122
123,2
124,14
125,3
126
127,2
113
127,15
128,8
130
128,2
123
128,8
129,7
135
129,4
130,9
131
132,6
133,15
128
133,3
134,12
133
135,13
136
137,7
135
137,6
138,21
140,4
141,10
135
141,16
142,7
143,10
144,7
145,2
146,10
139
147
146,4
147,15
148
147
148,3
146
148,5
149
150
141
150,10
151,4
152,7
150
153,2
156
153,12
154,2
150
154,7
155,18
156,10
157,6
155
157,2
158
162
158,7
159,17
160
161,8
162
159
162,19
163,6
164,8
165,12
166,18
167,11
171
168,4
167
168,3
169,5
165
169,3
166
170,9
171,3
166
171,7
172,8
173,2
178
173,15
174,6
175,5
176,6
177,16
178,7
179
181
179,7
172
179,6
180,7
176
180,5
181,14
182
181,10
182,13
181
182
187
182
183,10
184,9
185,12
186,13
187,7
192
187,5
188
182
188,5
189,10
190
191,6
198
191,16
192,14
195
192,5
193,11
194
195,21
196,3
197
198,4
203
198,7
199,10
206
199
200,5
201
200,8
201,17
202,20
203,5
204,6
205,8
206,16
207,12
215
207,3
208,8
209,9
210,3
211,8
216
211
212,9
213
214,12
215,18
216,14
217,6
218,13
220
218,13
219,14
220,13
221,14
223
221,4
222,22
223,19
224,4
229
224,3
225,3
226,10
221
223
227
228,3
235
228,15
229,9
230
224
230,9
231,4
232,5
233
234,2
235,13
231
235,8
236,12
237,9
238
239,8
240,8
241,5
242,10
243,17
244,5
245,10
246,2
247,7
249
250,12
251,5
252,18
253,5
260
253,6
254,8
255
250
256,3
257,3
258,2
267
259,2
260,4
248
260,3
261
252
261,6
262,5
263,4
258
263,2
264,3
260
264
268
265
266,4
264
266,5
267,15
254
268,10
269,6
270,4
271,14
272,7
277
272,11
270
272,5
273,8
274
278
274,12
269
274,7
269
274,3
275,11
278
275,8
276,4
277,3
274
277,4
283
277,5
278,21
282
278,7
279,2
280
281,15
282,4
283,21
284
285,3
286,12
287,8
288,5
289,21
291
289,5
290
291
295
291,11
285
291,15
292,9
293,10
294,5
289
294,5
295,17
296
297
298,15
299,17
300,15
301,2
302
301,12
302,24
303,17
299
304,7
305,2
308
305,4
306
307
306,2
302
306,2
315
306
307,13
308,17
309,10
310,2
316
310,5
311
312,9
313
316
313
314
315,13
316,21
317,22
319
317,3
318,4
319,8
320
321,3
322,4
319
322,13
323,2
324,17
325,8
326,2
328
326,14
319
326,3
327,5
328,11
329,9
330,11
331,13
333,3
325
333,4
334,13
335,11
334
335,7
336
337
335
337,15
335
337,3
338,12
339,5
332
339,8
334
339,3
340
339,5
340,16
335
340,4
341,9
347
341
342,11
343,4
344
338
344,10
347
344,9
345
346,2
347,6
344
347,4
348
349,25
344
349,2
355
349,9
350,13
351
354
351,18
364
353,3
354,4
349
354
362
354
355,11
356
349
356,9
354
356,2
357,3
358,2
352
358,18
359,6
360,7
363
360,3
361,6
363
361
362,14
363,16
364,14
365,4
366,3
367,19
368,9
369,3
370,12
371,16
372,6
373,3
374,15
375,4
379
375,2
383
375,5
376,11
377,7
378
379
371
379,9
380,9
381,2
382
383,2
384,7
390
384,17
385,5
375
385,8
386
387
384
388,4
393
388,15
389
390,11
391,3
384
391,5
398
391,3
392,8
393,10
384
393,4
394,8
393
394,10
398
394,2
395,6
400
395
396,5
393
396
397,5
398,13
399,13
393
399,5
400,17
403
400,8
401,5
402
403,3
404
408
404,7
408
404,2
397
404,4
405,14
408
405
406,6
405
407,5
408,18
409,8
408
409,13
410,22
411,2
414
411,3
412,7
418
412,3
410
412
418
412,7
419
412
413,3
412
413,5
414,12
415,13
416,8
417,6
418,4
419,5
423
419,2
420,17
421,4
422,3
426
422,7
423
417
423,14
426
423,3
424,6
423
424,9
425,2
426
425,6
426,2
433
426,3
420
426,4
427
426,3
427,14
428,12
429
430,3
429
431,15
432
434
432,4
433,16
434,11
439
434,7
435,6
436
442
436,2
437,7
431
437
438,9
439,6
440,13
441,5
445
441,24
437
441
447
441,4
442,13
443,11
444,8
445,15
443
446,15
447,7
448
447,12
448,6
456
448,4
449,8
446
449
450,9
457
450,8
451,8
452
453,16
454,2
455,12
456
455
456,11
457,8
453
456
457,8
458
453
458,12
459
460,19
461,11
470
461,6
466
453
461,4
462,8
463,10
464,10
465,7
466,7
467
468,7
469,4
470,10
471,8
472,16
473,11
474
477
474,11
473
475,12
480
475,3
476,5
482
476,6
477,15
472
477
478,4
479,11
480,16
481,5
485
482,9
483,14
487
484,3
485
484,6
485,23
486,15
487,16
488,16
489,8
490,6
487
490,2
491,7
492,15
493,3
494,12
495,4
488
495
496,7
488
496,2
497,9
498,9
499
498,3
491
498,11
500
501,4
498
508
501,3
508
501,10
502,10
498
502,4
503,21
504,2
505,7
506
507,6
508,15
509,15
510,9
515
510,3
511,7
513
514,12
515,14
516,12
517,6
521
517
525
517,2
518,17
519
512
519,5
520,9
521,8
522,3
523,5
524
525,14
516
525,14
526,22
527
528,4
529
528,4
529,4
530,10
531,7
533
531,3
528
532,6
533,20
526
533,8
534,10
533
534,4
535,2
533
535,6
536,8
537
538,9
539,10
540,30
541,23
539
542,5
541
542,4
540
542,2
543
544
545
546
547,5
548,5
550
548,7
540
548,15
549,12
550,3
551,17
552,2
553,7
554
555,12
556,9
557
558
553
558
568
558,4
548
558,6
559
563
559,8
562
559,3
560,5
561,4
562,4
571
562,7
563,2
561
563,2
564,6
565,7
566,8
567,4
568,3
569
570,13
571,14
562
571,3
578
571,7
572
571
572,8
578
572,4
564
572
578
572,13
573,8
574,10
575,10
576,5
580
576,3
577
583
578,9
579,8
580,6
581,2
582,4
583
574
583,10
584
586,9
587,3
586
587,6
593
587,5
588,8
582
588,12
589,2
588
589,4
596
589,8
590
591,7
592,11
585
593
598
593,8
594,7
588
594,2
587
594,2
595,15
596,4
598
596
594
596
599
596,10
597,14
598,12
599,12
604
599
600,6
601,23
602,5
597
602,10
603,3
604,18
610
604,7
605,5
606
607,8
608,3
603
608,14
609,13
618
604
609
610,7
611,8
612
619
612,6
613,11
614,15
615,5
616,8
617,2
624
617,5
618,14
619,11
620,6
619
620,3
619
620,4
621,15
622
623,14
624,11
630
633
624,4
625
626
627,8
628,28
629,2
639
629,8
630,11
631,6
632
633,12
634,5
635,11
636,2
629
635
636,3
637,13
634
637
636
637
638,3
639,8
633
640,12
641,18
639
641,7
642,3
643,6
642
643,8
644,3
650
644,6
645,6
650
645,6
646
647,15
648
649,8
650,3
651,9
652,11
653,4
656
653,3
654,4
655,8
656,15
657,7
658
656
658,19
659,8
661
658
659,5
660,22
657
660,3
665
661,19
662,13
663,7
664,4
665,11
660
665
666,6
671
666
667,2
668,3
669,19
670,20
665
670,2
676
670,4
671,10
672,11
673,11
674,6
675,3
684
675,2
676,12
677,4
678,6
679,5
678
679
680,7
681
682,8
683,11
684,4
685
684,2
685,6
683
685,2
686,12
677
686,3
687,23
688,4
689,9
690,3
691,2
696
691,9
692,2
696
692
684
692,4
696
692,3
687
692,9
693,7
694,5
695,15
696,21
697,34
698
699
694
695
700,10
701,7
702,2
700
702,2
700
702,2
697
701
702,4
703
704,6
705,2
706,15
707,7
701
707,6
708,14
709
706
710,4
719
710,2
711,6
704
711,5
712,6
713,3
714,6
715,4
706
715,12
720
715
708
715
716,7
717,8
718
724
718,2
720,21
730
720,2
721,2
722,7
723
724,7
725,19
733
725
726,10
731
728,5
729,5
730,4
727
730,10
731,8
739
731
732
733,9
731
733,4
734,4
735,5
736,2
731
736,2
737,6
738,5
739,9
734
739,2
729
739,2
740,6
741,8
736
742,8
743,5
744
743,5
744,11
745,14
746,2
747,16
748,8
749
750,6
751,9
756
751
752,3
753
754,12
755,4
756,10
745
756,19
757,14
758,16
759,10
760,7
761,9
762,7
763,22
764,9
770
764,6
765,5
766
767,4
768
767
768,10
769,2
771,10
772,13
773,19
774,3
775,9
776,13
777,5
784
777,10
778,13
782
778,11
779,6
780,10
784
780,2
781,7
782,14
783,2
784,5
785,4
782
785,4
791
785,3
786,4
787,9
788,16
789,2
785
789,10
790,21
791,7
796
791
792,16
793
794,15
795,7
789
795,4
796,6
802
796,2
797,8
791
797,9
798,16
803
798,4
799,16
800,2
796
800,17
801,2
802,3
803
802,9
803,14
804,9
805
806,9
807,6
810
807,3
808
809,4
810,24
811
812,3
813,8
816
813,2
814,9
815,8
810
815
816,10
817,18
818,2
812
818
