1
18
13
0,3
1,17
2,7
3,10
43
3,10
4
5,15
6,2
7,19
8,6
31
8,3
9,7
10,7
3
11,9
20
11,2
31
11,5
12
13,9
5
13,7
14,7
15,6
24
15,3
16,4
17,11
18,9
19,8
62
7
19,10
20,9
21,5
5
21
22,8
62
22,7
23,2
24,7
25,28
40
25,3
54
25
26,3
27,17
28,5
29,4
15
29,2
19
30
31,3
52
31,16
32,2
33,18
31
34,14
35,15
36
73
36,2
7
36,11
37,2
38,6
81
38
16
38,2
17
38,2
34
38,4
39,8
40,5
41
42,3
43,4
20
43,6
52
43,8
44
45,14
77
45,3
46,7
47,5
48,9
49,2
50,3
48
50,4
51,8
52,10
89
52,6
53,2
54,2
55,11
56,6
77
56,6
57,3
58,13
59,2
97
59,3
60,8
61,2
62,9
56
63,5
67
63,9
64
65,19
66,5
67,9
68,3
69,2
55
69,14
70,7
71,9
72,25
73,10
74,3
87
74
84
74,5
75,5
76,11
77,6
78,4
79,9
45
79,3
80
81,12
91
81,17
82,15
83,22
84,12
63
85,5
86
87,9
88,15
89,13
90
91,2
92
93,2
94
95,6
113
95,5
96
97,4
98
97,6
84
97,7
72
97
98,8
99
98,2
103
76
98,19
99,3
110
99,15
136
100
140
100,7
101
102,13
103,4
131
103
104,7
105,5
106,3
155
106,12
104
106,11
107
108,5
97
108,3
83
108,2
109,4
110,16
115
111,3
112,4
88
112,20
113,31
114
79
115,9
116,12
117,8
118
119,2
123
119,2
120,3
121,10
122
98
123,8
124
125,6
110
125
101
125,16
126,3
127,8
128
129,4
98
129,14
159
129
130
131,2
136
131,4
159
131,11
132,3
167
132
133,5
134
135,23
136,19
137,19
138
139,2
140,10
159
140,8
141,6
132
141
142,14
143,6
144,7
145,2
146,9
147,8
117
147,8
108
148
149
150,15
151,18
126
151,14
175
151,3
152,6
120
152,17
153,5
154,17
155
154
156
155,8
152
155,3
156,16
192
156,3
157
158
197
158,9
159
178
159,23
160,11
135
160,2
161
162,4
163,7
195
163,2
198
163,6
164,9
165,3
166,2
167
168
169,11
184
169,3
170,8
171,11
172
203
172,14
173,6
174,13
175,7
176,10
177
178,18
156
178,5
179,7
180
176
180,6
181,21
182,6
211
182,7
183
184,8
185,5
156
185,5
186,12
187,4
163
187,3
188,7
189
190
191
192,7
193,5
194,3
151
194
224
194,2
195,19
214
195,2
196
153
196,7
197,12
198,12
199
235
199,8
200,15
201,8
202,7
203,8
224
203,6
236
203,7
201
204,17
205,17
216
206,7
207,6
208,9
209,11
204
209,2
210,11
211
180
211,7
212,16
210
213,6
214,2
215
214,7
215,2
256
215,7
231
215,14
244
215,9
216,8
217,4
241
217,4
237
217,7
218
219,9
181
219,4
220,3
204
220
221,6
222,2
223,9
224,7
225,14
226
227,2
228,6
229,7
230
231,2
212
231,5
232
233,5
234,8
235,23
236,18
237
203
237,13
238,7
239,6
240,9
241,8
242,10
243,7
244,6
257
244,9
207
244,6
254
244,2
245,3
286
245,8
246
247,6
248,19
249,26
250,2
251,5
279
252,2
253
254
251
254,5
255,5
256,27
257,14
258,3
259,2
240
259,11
275
260,7
261
262,27
263
286
263
264
229
264,4
239
264,4
265,17
287
265,4
266,6
267,6
268
269,7
270,12
271,2
272,16
273,7
292
273,7
274,17
275
269
275,6
256
275,2
276,6
277,7
278,4
279,12
280,7
317
280,4
265
280
281,4
257
281,12
276
281,7
282,4
303
282,6
272
282,3
283,4
284,7
285,3
286,7
287,8
315
287,5
321
287
322
287,13
288,11
287
288,10
289,7
290,3
291
292,8
293,8
294,22
295,2
296,4
297
324
298,10
285
298
321
298
299,8
315
299,3
300
301,11
302,15
333
304,10
305
306
307,14
308,5
309,3
310
311,3
269
311,19
312,8
313
314,2
336
314,7
315,15
316,10
294
317,14
302
317,4
318
319,5
329
319,20
320,6
321,24
337
322,8
319
322,2
384
322,6
352
322,9
323,11
324,13
325,8
326,10
327,9
328,17
329,8
330,5
304
330,5
289
330
304
363
330,2
331,2
289
331,6
332,12
333,4
301
333,4
372
333,8
334,7
335
336
354
336,11
312
336
337,5
379
337,3
316
337,7
333
341
337,9
338,4
339
340,11
341,5
342,2
343,3
344,8
345,9
346,22
347,10
348,4
349,14
350,25
351,7
352,6
353,26
354,8
355,16
356,6
357,12
358
359
360
361,2
362,2
363
371
363,10
364
365,3
349
365,2
366
367,6
368
369,3
370,13
372,8
379
372,16
373,3
374,8
375,15
376,5
341
376,13
377,9
378,8
379,4
361
379,2
363
379,21
346
379,2
380,2
337
380,2
381,5
345
381,12
410
381
382,4
383
389
383,5
384
414
384,11
342
385
357
385,4
414
386
387,6
388,11
389,10
390,5
391,7
392
393,7
394
395,9
417
395,10
396,2
350
396,15
397,4
398,9
399
400,10
401,3
402,4
403,10
404,3
423
404,4
411
404,23
405,8
406,9
407
403
407,10
423
407,3
408,22
409,5
410,8
411
384
411,17
412,8
429
412,6
413,5
414
412
414,16
415,10
416,5
417,4
418,8
445
418,10
419,8
420
379
420
421
429
421,19
398
421
422,4
423,20
445
423,3
456
423,2
424
425,5
415
425,4
418
425,2
426,3
448
426,5
427,6
423
427,8
447
427,3
416
427,4
428,6
429,6
430,14
431
432,8
433,9
434,8
435,12
436,9
437,8
471
438,7
460
438,4
439,3
440,15
409
440,5
441
442,10
443,7
444
445,2
448
445,9
478
445,14
446,4
447,12
479
447,4
490
447,8
448,14
449,9
450,9
430
450,5
476
450,7
451,3
414
451
452,6
453,4
440
453,8
490
453,7
454
455,4
456,17
457,9
458,6
468
458,5
444
458,4
459
460,12
461,11
448
461,3
462,8
463,5
478
463,3
447
463,6
464,8
465,8
457
465,3
466
467,8
468
469,19
470,2
472,6
473
499
473,24
474,12
475,8
439
475,4
476,7
477,15
478
491
478,8
480,7
450
480
465
481
482,3
483
484,3
485,5
478
486,6
523
486
487,8
488,4
475
488,10
489,2
490
455
490,4
487
496
490,3
456
490,2
491,20
492,8
473
492,2
493,13
517
493,2
494,5
495,12
496,11
497,13
524
498
500,2
527
502
500
501,4
472
501,13
502,3
503
510
503,6
526
503,3
494
503,4
504,9
505,7
506,3
507
508,12
509,6
510,11
467
510,4
495
510
511,2
545
511,4
512,3
523
512
552
512,4
513,12
475
513,5
514,5
515,3
516,11
495
516,4
549
516,4
517,9
510
517,4
553
517,6
518,7
557
518,6
519,8
547
520,5
521,7
522
523,19
524,10
525,4
526,4
527,18
528,7
529
530,4
531
532,9
533
534
535
536,9
537,3
538,8
521
538,7
539,9
540,6
541,5
508
541
530
508
542,9
543,13
544,6
532
558
544
503
544,2
539
544,5
545,12
546,4
521
546,7
547,14
584
547,8
566
547,5
548,3
510
548
549,23
550,8
552
550,3
551,9
552,18
553,12
554,2
513
554,2
555,10
599
555,4
556,4
548
528
556,17
557,3
574
557,11
558
559,14
560,7
561,13
524
561,4
562,2
563
564
565,10
559
565,9
566,6
567
568,5
570
571,4
528
571,5
572,12
573
574,5
594
574,6
547
575
559
575,8
576,6
557
577
578
579,8
580,6
581,10
608
581,7
582
591
582,2
583,9
584,8
585,6
586,16
587,2
544
587,2
588,8
589,13
590,19
591,20
592,4
622
592,4
593,4
565
594,10
620
595,5
596,2
599
597,4
598,3
566
598,8
600
598
599,24
600,2
594
600,11
601,3
602,6
603,6
604,14
605,11
650
605,3
606
607
608,11
651
608
579
608
609,2
593
576
609,9
610,7
605
610,5
611
612,4
613,3
614,11
649
615
616
617
624
618,9
569
618,11
619,25
620,11
621,4
576
621,6
622,7
644
622,9
623,12
624,15
625,5
626,15
670
627,3
628,2
629
630,6
631
632
599
632,6
633,9
634,18
635,16
637
635,3
636,7
637,7
638
639,20
640,4
641,14
642,2
609
642,7
643,7
644,8
645
646,3
647,7
670
647
648,2
649,3
650,6
634
639
650,23
651,15
652,6
653,10
632
653,2
654,2
655,20
656
657,6
658,16
659,14
672
659
660,7
661,3
653
661,3
662,18
663,3
700
663,4
664
665,13
666,8
667,6
647
667,5
668
699
668,3
669,10
670,14
671,7
672,11
685
672,2
653
672,6
673,7
674
681
674,9
675,6
676,2
651
676,4
677,10
678,14
679
680,10
681,9
711
681
682,13
692
682,4
683,13
684,9
685,4
686,12
687,3
688,14
689,8
690,17
691
692
691,13
692
662
692,17
693,4
694,9
695,6
696,12
697,6
698,5
665
698
699,9
698
699,5
700,9
701,26
702
703,3
687
735
703,11
704,12
705,17
725
705,3
706,15
707,5
688
707,3
686
707,5
708,25
709,20
710,14
732
711,2
685
711,6
727
711
698
712
713,2
728
713,2
701
713,3
714,13
715,10
725
715,5
716,8
745
746
717,9
718
719,9
741
719,7
710
719,3
720,11
721
722,14
707
722,8
715
741
722,4
708
749
722,11
745
723,13
724,10
725,9
726,6
727,5
728,5
719
711
728,10
729
749
729,17
730,2
741
730
759
730,6
731,18
732
748
732,4
733,13
734
735,28
740
735,2
736
737,13
738,18
711
738,6
739,7
728
739,3
740,6
731
740
738
740,11
741,8
753
741,2
742,6
714
742,10
743,5
744,4
722
744,2
740
744
745,14
746,13
747,7
720
747,2
748,15
741
749,16
769
749
722
749,11
750,5
751,10
752,2
762
752,12
754
752,6
753,11
755,10
756,3
755
756,4
748
756,8
757,6
767
738
771
763
757,17
758,4
759,16
760,9
761,11
752
761,2
762,7
763,10
764,7
765,10
766,6
767,6
768,6
746
768
769,3
789
769,7
770,18
771,12
804
771,6
772,2
773,7
789
773,2
774,10
762
774,9
775,7
783
775,7
748
775,4
776,17
777,5
767
777,3
755
778
779,10
780,13
781,2
790
781,7
782,8
787
782,2
766
782
783,11
784,8
785,7
786,4
787,14
788,5
800
788,9
789,15
771
789,4
790,12
789
790,2
793
790,3
791,16
792,5
793,5
779
793,6
794,6
795,11
796,6
797,5
774
798,7
799,3
800,7
801
802,13
803,6
804,12
805,2
792
805,4
806,11
807,12
808,13
809,9
810,3
783
810,7
811,2
812,15
813,15
814,4
815,2
816,3
817,6
818,4
783
803
812
802
818
