0
1
0
0
0
1
0
1
1
2
1
1
1
1
2
1
2
2
2
2
2
2
2
2
2
2
2
2
2
2
2
2
2
2
2
2
2
2
2
3
2
3
3
3
3
3
3
3
3
4
3
3
4
3
4
4
5
5
5
5
5
5
5
5
5
5
5
5
5
5
5
5
6
5
8
7
8
8
8
8
8
9
8
8
9
9
9
9
9
9
9
9
9
9
9
9
10
10
10
10
10
10
11
10
10
11
11
11
12
11
11
11
12
12
12
12
12
12
12
12
12
12
12
12
12
12
12
12
12
12
13
12
12
14
14
14
14
14
14
14
14
14
14
14
14
14
14
14
15
14
15
15
15
15
15
16
16
15
16
15
16
16
16
16
16
16
16
16
16
16
16
16
18
16
16
18
17
19
19
19
19
19
19
19
19
19
19
19
19
19
19
19
19
19
19
19
19
19
19
19
0
